0
0
0
0
0
0
-1
-1
-3
-1
-4
-6
-8
-7
-3
2
3
1
0
0
0
0
0
0
0
0
0
0
0
-2
-5
-11
-15
-26
-39
-42
-45
-44
-32
-16
-5
2
0
0
0
0
0
0
0
0
0
0
-1
-6
-13
-20
-27
-39
-44
-46
-47
-46
-42
-31
-17
-2
0
0
0
0
0
0
0
0
0
0
-5
-11
-15
-16
-21
-13
-4
3
6
1
-10
-22
-21
-10
0
0
0
0
0
0
0
0
0
-2
-6
-7
-6
-5
-1
17
34
39
32
22
11
-7
-14
-8
0
0
0
0
0
0
0
0
0
-1
1
6
12
16
17
24
27
25
17
14
5
-3
-7
-2
0
0
0
0
0
0
0
0
0
2
11
20
27
30
25
16
5
-3
-1
-2
-10
-6
-7
1
0
0
0
0
0
0
0
0
0
2
8
13
16
21
18
4
-6
-7
-3
-5
-4
-2
-3
1
0
0
0
0
0
0
0
0
0
0
1
1
1
2
-1
-7
-7
-3
-4
-5
1
4
7
2
0
0
0
0
0
0
0
0
0
0
0
0
0
-1
-4
-7
-5
-1
-1
1
3
9
7
0
0
0
0
0
0
0
0
0
0
0
0
0
0
-5
-9
-9
-3
-5
4
7
10
9
2
0
0
0
0
0
0
0
0
0
0
0
0
0
-2
-5
-8
-5
-3
-6
1
6
13
5
0
0
0
0
0
0
0
0
0
0
0
0
0
-1
-6
-7
-6
-1
-3
2
4
7
6
1
0
0
0
0
0
0
0
0
0
0
0
0
0
-3
-6
-7
-2
-2
-4
2
5
7
1
0
0
0
0
0
0
0
0
0
0
0
0
0
-1
-6
-6
-6
-1
-4
1
0
6
5
0
0
0
0
0
0
0
0
0
0
0
0
0
0
-4
-7
-8
-5
-4
1
6
8
6
1
1
1
0
0
0
1
1
2
5
5
0
0
0
0
-4
-4
-4
-1
-5
4
9
19
11
7
7
7
5
4
4
5
2
0
-3
-1
0
0
0
0
0
2
1
1
-12
-11
-14
-10
-14
-14
-11
-10
-7
-9
-15
-22
-26
-31
-34
-31
0
0
0
0
3
5
5
-1
-25
-35
-49
-57
-55
-51
-47
-45
-43
-46
-50
-53
-52
-50
-48
-40
0
0
0
0
6
9
13
12
-2
-15
-27
-37
-41
-46
-50
-48
-43
-35
-27
-21
-11
0
4
5
0
0
0
0
8
16
23
36
40
32
29
25
19
12
9
10
15
27
37
43
47
47
41
33
0
0
0
0
4
12
20
32
44
46
48
50
53
52
49
46
43
42
39
36
33
30
24
16
0
0
0
0
0
3
5
8
14
19
22
26
30
33
33
30
23
15
11
6
1
0
0
0
0
0
0
0
0
0
0
0
0
0
0
0
0
0
0
0
0
0
0
0
0
0
0
0
0
0
0
0
0
-4
-19
-38
-54
-64
-65
-64
-58
-41
-21
-6
4
0
0
0
0
0
0
0
0
0
0
0
-4
-21
-45
-65
-72
-65
-56
-52
-51
-44
-28
-10
5
2
0
0
0
0
0
0
0
0
0
-1
-15
-39
-57
-58
-35
-6
16
8
-11
-24
-23
-6
8
6
0
0
0
0
0
0
0
0
0
-4
-23
-41
-35
-10
34
68
74
54
24
-5
-13
5
15
8
0
0
0
0
0
0
0
0
0
-3
-11
-3
19
45
77
81
61
36
13
-5
1
14
20
9
0
0
0
0
0
0
0
0
0
1
13
34
51
62
62
46
16
-9
-14
-5
15
24
24
6
0
0
0
0
0
0
0
0
0
4
23
42
48
40
27
-1
-35
-39
-24
6
31
34
22
2
0
0
0
0
0
0
0
0
0
3
14
24
24
19
1
-27
-40
-32
-4
31
43
34
14
1
0
0
0
0
0
0
0
0
0
0
1
2
2
-2
-20
-41
-42
-16
25
54
47
29
7
-1
0
0
0
0
0
0
0
0
0
0
0
0
-1
-13
-34
-43
-29
13
49
57
38
16
0
0
0
0
0
0
0
0
0
0
0
0
0
0
-6
-27
-45
-39
-5
40
55
46
22
4
-1
0
0
0
0
0
0
0
0
0
0
0
0
-2
-17
-38
-41
-23
20
52
51
32
8
-1
0
0
0
0
0
0
0
0
0
0
0
0
0
-9
-30
-40
-29
4
41
48
38
15
0
0
0
0
0
0
0
0
0
0
0
0
0
0
-4
-21
-40
-37
-15
27
51
43
25
3
0
0
0
0
0
0
0
0
0
0
0
0
0
0
-11
-33
-39
-27
14
48
51
34
12
-1
0
0
0
0
0
0
0
0
0
0
0
0
0
0
-15
-31
-30
-15
30
45
40
16
0
-3
-1
-1
-2
-4
-8
-14
-21
-25
-20
-12
0
0
0
0
-12
-19
-18
-12
15
3
-9
-33
-41
-34
-28
-26
-33
-41
-49
-53
-56
-58
-47
-31
0
0
0
0
-3
-3
-5
-16
-16
-34
-49
-67
-64
-59
-56
-58
-64
-67
-69
-65
-59
-51
-35
-19
0
0
0
0
9
17
21
8
-7
-20
-37
-49
-55
-56
-50
-44
-38
-32
-21
-4
4
9
15
14
0
0
0
0
16
33
44
48
44
38
23
20
14
11
15
21
30
37
47
59
64
66
55
37
0
0
0
0
15
36
53
67
72
76
76
76
73
71
70
69
74
76
78
74
66
61
52
34
0
0
0
0
7
21
37
50
52
56
61
66
68
68
65
61
57
48
43
38
30
23
16
10
0
0
0
0
0
5
10
15
20
20
26
31
37
35
29
23
14
9
5
0
-1
0
0
0
0
0
0
0
0
0
0
0
0
0
0
0
0
0
0
0
0
0
0
0
0
0
0
0
0
0
0
0
0
-2
-2
-2
7
21
29
31
29
25
20
17
7
1
0
0
0
0
0
0
0
0
0
0
-2
-1
5
22
44
57
67
67
57
45
36
27
15
3
0
0
0
0
0
0
0
0
0
-1
0
8
25
55
72
79
73
65
60
49
40
34
22
5
0
0
0
0
0
0
0
0
0
0
8
22
45
63
70
54
38
38
46
55
56
46
23
5
0
0
0
0
0
0
0
0
0
3
17
37
48
46
36
23
18
21
35
54
57
47
25
5
0
0
0
0
0
0
0
0
0
2
12
24
26
22
17
12
10
22
45
59
60
45
23
4
0
0
0
0
0
0
0
0
0
0
3
6
7
6
8
5
12
29
56
63
54
35
16
4
0
0
0
0
0
0
0
0
0
0
0
0
0
4
7
12
20
44
61
63
46
25
10
1
0
0
0
0
0
0
0
0
0
0
0
0
0
-2
1
11
37
60
65
53
30
16
6
1
0
0
0
0
0
0
0
0
0
0
0
0
0
1
8
24
52
63
57
35
18
10
4
0
0
0
0
0
0
0
0
0
0
0
0
0
-2
5
18
44
61
61
44
23
11
5
1
0
0
0
0
0
0
0
0
0
0
0
0
-1
2
12
34
59
63
50
27
15
6
3
0
0
0
0
0
0
0
0
0
0
0
0
0
-1
7
23
49
60
59
41
22
9
3
0
0
0
0
0
0
0
0
0
0
0
0
0
-1
3
14
40
61
63
49
28
13
5
1
0
0
0
0
0
0
0
0
0
0
0
0
0
1
10
25
53
65
60
37
18
9
3
0
0
0
0
0
0
0
0
0
0
0
0
0
0
6
20
38
55
59
47
27
12
4
1
1
1
-1
-1
-2
-3
-5
-1
4
6
0
0
0
0
9
27
43
52
50
33
23
13
11
8
9
5
1
1
8
15
19
23
21
20
0
0
0
0
11
30
44
57
61
57
51
44
38
33
29
29
32
37
43
50
55
59
54
39
0
0
0
0
11
31
48
61
75
78
72
66
64
64
65
68
69
69
72
72
66
62
51
35
0
0
0
0
5
20
34
48
61
66
68
67
72
70
66
61
56
51
48
41
35
31
29
20
0
0
0
0
1
6
12
21
27
31
35
40
43
43
41
36
29
21
17
16
12
10
9
8
0
0
0
0
0
0
2
3
9
10
11
13
14
14
11
10
9
8
7
6
6
7
6
4
0
0
0
0
0
0
0
0
0
3
3
3
3
4
7
7
6
4
4
3
1
0
0
0
0
0
0
0
0
0
0
0
0
0
0
0
0
0
0
0
0
0
0
0
0
0
0
0
0
0
0
0
0
3
3
3
5
-2
-4
-4
-3
-3
-1
-6
-6
-1
0
0
0
0
0
0
0
0
0
0
3
3
-3
-3
-6
-7
-4
6
13
13
7
-2
-7
-4
0
0
0
0
0
0
0
0
0
1
4
-7
-14
-6
3
-2
1
15
11
17
15
0
-9
-3
0
0
0
0
0
0
0
0
0
1
-5
-19
-5
12
13
13
18
6
5
19
18
0
-9
-2
0
0
0
0
0
0
0
0
0
-3
-19
-12
11
31
26
17
6
-8
-3
14
26
4
-9
-6
0
0
0
0
0
0
0
0
0
-6
-15
-1
29
34
10
0
-1
-12
2
24
30
1
-11
-2
0
0
0
0
0
0
0
0
0
-2
-3
8
21
6
-2
0
-11
-9
3
29
20
-1
-6
-1
0
0
0
0
0
0
0
0
0
2
3
5
5
2
2
-3
-16
-2
15
31
15
-3
-6
-1
0
0
0
0
0
0
0
0
0
0
1
0
1
3
-1
-13
-7
5
26
23
7
-6
-3
0
0
0
0
0
0
0
0
0
0
0
0
0
0
4
-9
-13
-1
19
29
11
0
-7
0
0
0
0
0
0
0
0
0
0
0
0
0
0
3
-7
-13
-2
13
32
17
0
-7
-2
0
0
0
0
0
0
0
0
0
0
0
0
0
1
2
-17
-8
7
29
23
2
-5
-3
1
0
0
0
0
0
0
0
0
0
0
0
0
0
3
-9
-14
3
22
32
10
-5
-6
1
0
0
0
0
0
0
0
0
0
0
0
0
0
2
-1
-17
-3
11
31
17
0
-7
-1
0
0
0
0
0
0
0
0
0
0
0
0
0
0
3
-13
-10
4
24
27
8
-1
-5
1
0
0
0
0
0
0
0
0
0
0
0
0
0
0
-3
-19
1
19
33
17
-2
-9
-2
0
0
-1
0
1
2
1
3
3
-3
-2
0
0
0
0
-12
-14
11
39
30
7
-5
-5
-2
-3
-4
-3
-1
2
1
-3
-3
-4
-4
-3
0
0
0
0
-15
-9
15
40
20
0
-9
-1
0
1
0
-1
-4
-4
-9
-9
-2
1
4
8
0
0
0
0
-16
-9
13
22
11
-2
4
6
13
11
2
-9
-9
1
0
2
8
8
18
18
0
0
0
0
-12
-8
10
11
8
5
6
3
6
3
2
1
8
10
10
12
16
10
11
13
0
0
0
0
-1
-4
8
11
13
7
3
5
10
17
16
13
11
15
11
9
8
5
4
4
0
0
0
0
4
0
7
10
9
6
5
9
11
12
8
4
8
8
5
4
5
5
3
2
0
0
0
0
0
2
2
4
3
5
6
7
8
6
6
5
3
2
1
1
0
0
0
0
0
0
0
0
0
0
0
0
0
0
0
0
0
0
0
0
0
0
0
0
0
0
0
0
0
0
0
0
0
4
9
15
23
29
38
44
43
36
22
13
5
0
0
0
0
0
0
0
0
0
0
0
4
9
15
30
43
48
52
58
57
50
34
19
12
2
0
0
0
0
0
0
0
0
0
1
5
16
28
47
58
60
54
55
57
49
38
20
13
5
0
0
0
0
0
0
0
0
0
1
6
24
47
67
67
54
47
40
49
51
36
20
8
4
0
0
0
0
0
0
0
0
0
-1
3
30
60
61
52
32
24
34
51
68
47
21
3
0
0
0
0
0
0
0
0
0
0
1
9
32
47
36
14
7
11
28
59
76
55
19
2
-1
0
0
0
0
0
0
0
0
0
2
13
28
30
13
-2
2
12
38
71
75
50
11
-1
-3
0
0
0
0
0
0
0
0
0
1
7
13
11
3
-1
6
27
58
80
70
34
2
-6
-2
0
0
0
0
0
0
0
0
0
0
1
1
1
4
9
15
43
71
75
55
15
-3
-6
-1
0
0
0
0
0
0
0
0
0
0
0
0
1
3
17
35
64
78
64
29
0
-6
-4
0
0
0
0
0
0
0
0
0
0
0
0
0
4
9
23
56
75
72
42
8
-6
-5
-1
0
0
0
0
0
0
0
0
0
0
0
0
2
5
19
43
72
76
55
17
-1
-5
-2
0
0
0
0
0
0
0
0
0
0
0
0
0
4
12
31
67
79
65
29
1
-6
-3
0
0
0
0
0
0
0
0
0
0
0
0
0
3
8
21
50
77
76
49
10
-3
-5
0
0
0
0
0
0
0
0
0
0
0
0
0
0
4
16
36
70
77
63
23
-1
-5
-2
0
0
0
0
0
0
0
0
0
0
0
0
0
0
2
25
55
82
72
44
9
-5
-3
0
1
1
1
2
5
9
8
10
8
3
0
0
0
0
4
35
70
86
75
37
23
17
17
16
15
16
18
18
20
25
30
33
35
23
0
0
0
0
6
42
76
78
66
43
43
47
51
48
42
39
41
44
46
49
50
49
47
37
0
0
0
0
5
33
68
64
50
45
49
57
58
57
48
48
48
47
48
52
51
44
38
25
0
0
0
0
7
25
48
50
39
39
38
47
50
50
46
43
48
44
39
38
35
30
23
11
0
0
0
0
7
22
35
41
34
32
33
36
38
34
32
28
32
33
29
25
22
17
14
6
0
0
0
0
3
11
20
25
22
20
23
28
30
27
21
17
16
13
9
8
6
5
3
1
0
0
0
0
0
2
5
6
7
6
9
12
13
11
6
4
2
1
-1
-2
-1
0
0
0
0
0
0
0
0
0
0
0
0
0
0
0
0
0
0
0
0
0
0
0
0
0
0
0
0
0
0
0
0
5
11
18
18
15
12
10
2
-9
-14
-11
-6
0
0
0
0
0
0
0
0
0
0
0
5
11
24
29
22
11
3
-1
-6
-18
-30
-26
-16
-3
0
0
0
0
0
0
0
0
0
2
9
24
38
29
9
-4
-11
-6
0
-11
-31
-37
-28
-8
0
0
0
0
0
0
0
0
0
2
16
38
40
23
-1
-7
3
23
35
13
-21
-43
-36
-13
0
0
0
0
0
0
0
0
0
2
19
38
32
13
-8
-8
11
42
57
35
-13
-44
-37
-13
0
0
0
0
0
0
0
0
0
5
23
34
26
8
-9
1
19
49
60
31
-19
-42
-35
-10
0
0
0
0
0
0
0
0
0
4
18
24
19
8
1
2
26
51
45
15
-29
-38
-31
-6
0
0
0
0
0
0
0
0
0
2
8
13
13
6
1
14
42
50
33
-6
-36
-35
-20
-2
0
0
0
0
0
0
0
0
0
0
1
1
2
6
13
33
49
38
13
-25
-32
-24
-10
-1
0
0
0
0
0
0
0
0
0
0
0
0
1
7
25
45
43
20
-10
-31
-23
-16
-3
0
0
0
0
0
0
0
0
0
0
0
0
0
6
18
41
49
32
-4
-27
-27
-15
-7
-1
0
0
0
0
0
0
0
0
0
0
0
0
2
10
34
49
37
9
-25
-29
-21
-8
-2
0
0
0
0
0
0
0
0
0
0
0
0
0
6
22
48
50
28
-14
-34
-27
-15
-2
0
0
0
0
0
0
0
0
0
0
0
0
0
4
13
38
51
35
6
-30
-32
-23
-6
0
0
0
0
0
0
0
0
0
0
0
0
0
0
8
27
50
45
21
-18
-34
-26
-15
-2
0
0
0
0
0
0
0
0
0
0
0
0
0
0
12
42
54
39
-1
-30
-31
-17
-5
0
0
1
1
2
5
8
9
8
3
0
0
0
0
0
21
52
55
40
-9
-18
-14
2
7
5
5
8
13
14
13
15
14
11
2
-8
0
0
0
0
25
56
58
36
-12
-15
-17
0
2
-1
-1
3
10
10
11
7
3
-3
-15
-25
0
0
0
0
22
48
54
33
-5
-14
-11
-2
-4
-11
-14
-9
-4
-6
-6
-9
-12
-13
-22
-31
0
0
0
0
20
37
46
36
11
-6
-4
0
-5
-11
-16
-13
-7
-5
-2
-2
3
3
-6
-14
0
0
0
0
11
26
37
34
26
20
24
26
22
12
1
3
6
12
13
11
13
15
11
4
0
0
0
0
4
13
23
23
22
20
24
25
24
19
14
16
13
12
13
11
11
8
5
3
0
0
0
0
0
2
5
9
9
9
11
15
18
15
11
7
4
3
0
-1
0
0
0
0
0
0
0
0
0
0
0
0
0
0
0
0
0
0
0
0
0
0
0
0
0
0
0
0
