0
0
0
0
0
0
0
2
3
0
0
0
0
0
0
0
0
3
6
0
0
0
0
0
0
0
6
16
24
39
32
11
0
0
0
0
0
2
20
30
25
5
0
0
1
0
0
0
0
0
1
2
0
0
1
9
7
0
0
0
0
0
0
0
0
0
7
13
2
0
0
0
0
0
0
0
0
2
7
6
0
0
0
0
0
0
0
0
1
8
6
1
0
1
2
5
0
0
2
1
4
19
11
7
5
5
2
0
0
0
9
13
0
0
0
0
0
0
0
5
0
0
16
36
46
50
53
49
43
43
47
41
0
0
3
8
19
26
33
33
23
11
1
0
0
0
0
0
0
0
0
0
5
0
0
0
0
0
0
0
68
74
24
5
15
0
0
0
0
1
34
62
81
61
13
24
24
0
0
0
0
4
42
48
27
0
31
43
22
0
0
0
0
0
2
2
0
13
57
47
7
0
0
0
0
0
0
0
0
52
55
22
0
0
0
0
0
0
0
0
27
51
38
0
0
0
0
0
0
0
0
0
48
51
12
0
0
0
0
0
0
0
0
0
15
0
0
0
0
0
0
0
0
0
33
48
44
23
14
21
37
59
66
55
0
0
36
67
76
76
73
70
76
78
66
52
0
0
5
15
20
31
37
29
14
5
0
0
0
0
0
22
57
67
57
36
15
0
0
0
0
0
22
63
79
73
60
56
23
0
0
0
0
3
37
48
36
22
59
60
25
0
0
0
0
0
6
7
12
44
63
54
16
0
0
0
0
0
0
1
24
63
65
30
6
0
0
0
0
0
0
12
59
63
44
11
1
0
0
0
0
0
3
40
63
59
22
3
0
0
0
0
0
0
20
55
65
37
9
1
0
0
0
6
0
0
30
57
61
51
38
29
37
50
59
54
0
0
31
61
78
72
72
68
69
72
66
51
0
0
6
21
31
40
43
41
29
17
12
9
0
0
0
0
3
3
4
7
6
4
1
0
0
0
3
3
5
6
13
7
0
0
0
0
0
1
4
12
13
18
19
18
0
0
0
0
0
0
0
34
26
6
24
30
0
0
0
0
0
2
8
21
2
0
31
20
0
0
0
0
0
0
1
4
0
19
29
7
0
0
0
0
0
0
1
3
7
32
17
1
0
0
0
0
0
0
3
0
31
32
0
1
0
0
0
0
0
0
3
19
33
8
1
0
1
2
3
0
0
0
0
40
30
0
1
0
2
1
1
8
0
0
0
22
11
6
13
2
10
12
16
18
0
0
4
11
13
9
17
16
15
11
8
4
0
0
2
4
5
7
8
6
3
1
0
0
0
0
9
30
48
58
57
34
12
0
0
0
0
1
24
67
67
55
57
38
13
0
0
0
0
1
32
61
52
34
76
55
3
0
0
0
0
2
28
30
6
58
80
50
0
0
0
0
0
0
1
4
35
78
75
15
0
0
0
0
0
0
2
19
72
76
42
0
0
0
0
0
0
0
8
50
79
65
1
0
0
0
0
0
0
0
25
82
77
23
0
1
2
9
10
8
0
0
42
86
75
47
51
42
44
49
50
47
0
0
33
68
50
57
58
48
48
52
51
38
0
0
22
41
34
36
38
32
33
29
22
14
0
0
2
6
7
12
13
6
2
0
0
0
0
0
11
29
22
12
2
0
0
0
0
0
0
2
38
40
9
23
35
0
0
0
0
0
0
5
38
32
1
49
60
0
0
0
0
0
0
4
24
19
14
51
45
0
0
0
0
0
0
0
1
7
45
49
13
0
0
0
0
0
0
0
2
34
49
32
0
0
0
0
0
0
0
0
13
51
50
0
0
0
0
0
0
0
0
0
42
54
21
0
0
1
2
8
9
3
0
0
56
58
0
2
7
8
14
15
14
2
0
0
48
54
11
0
0
0
0
0
3
0
0
0
26
37
26
26
24
16
13
13
15
11
0
0
2
9
9
15
18
11
4
0
0
0
