23
85
40
34
45
16
12
27
105
0
9
0
78
0
0
0
0
0
59
55
1
18
34
0
12
14
46
96
46
96
135
158
101
71
0
6
0
0
0
17
0
0
0
0
68
86
71
129
46
0
49
0
0
64
0
0
116
114
0
0
118
0
0
0
0
59
107
38
8
45
39
33
29
57
54
15
53
64
35
10
106
122
69
40
4
80
128
0
2
112
39
0
55
71
61
87
60
149
59
0
119
155
0
7
147
89
22
21
126
0
33
39
36
36
33
3
0
0
0
8
39
4
0
0
117
143
125
65
0
77
0
64
44
35
100
89
39
33
93
20
28
66
34
0
19
41
51
6
20
81
74
0
94
145
35
12
71
115
0
0
0
26
0
30
56
52
25
84
41
0
113
81
0
0
5
0
0
34
13
32
41
21
0
0
28
24
46
68
60
161
155
143
17
0
144
118
2
112
139
10
0
137
74
0
0
48
0
0
0
0
123
66
0
0
34
39
0
40
5
3
10
77
30
4
84
1
111
19
0
133
124
0
44
89
0
0
85
56
63
76
10
24
12
0
28
15
0
0
10
9
0
14
52
140
159
142
