22
22
22
22
22
22
22
23
22
22
22
22
23
23
22
22
21
22
22
22
22
22
22
21
22
22
22
22
22
22
21
22
22
22
22
21
22
21
22
22
22
22
22
22
22
22
22
22
22
22
20
22
21
22
22
21
22
22
22
22
21
22
22
22
22
22
22
22
22
22
22
22
21
21
21
21
22
21
21
23
22
22
22
22
21
21
22
22
22
22
22
22
23
22
22
23
21
22
22
22
22
22
21
22
22
22
21
21
21
22
22
22
21
22
22
22
22
22
22
22
22
21
21
22
22
23
22
22
22
22
21
22
22
21
22
22
21
22
22
22
23
21
22
22
22
22
21
21
22
22
22
21
21
22
21
22
22
22
21
22
22
22
22
22
22
22
22
21
22
21
22
21
22
21
22
22
22
22
22
21
21
22
22
21
22
22
22
22
22
22
22
22
22
22
22
21
22
22
21
22
22
22
22
22
21
21
22
23
22
21
2
2
3
22
22
22
22
22
22
22
21
22
22
21
22
22
22
22
22
21
23
22
22
22
22
20
17
4
6
22
21
3
22
22
22
22
22
22
22
22
22
22
22
22
21
22
23
22
22
21
22
22
21
5
4
19
21
22
22
23
22
22
22
21
21
22
21
20
22
22
22
22
22
22
22
22
21
22
21
22
22
2
8
22
21
22
22
22
22
22
21
22
21
22
22
22
22
22
22
21
22
21
21
21
23
22
22
21
2
5
21
22
22
21
22
22
22
22
21
22
21
22
22
22
22
22
22
22
22
21
21
21
22
22
21
3
3
22
23
22
22
22
22
21
21
22
22
22
22
22
21
22
22
22
22
22
21
22
21
22
22
21
21
2
7
22
22
22
22
22
21
22
22
22
21
22
21
21
18
22
22
22
22
22
22
22
22
22
22
22
21
3
16
22
22
21
21
20
21
22
21
22
22
22
22
22
22
22
22
22
22
21
21
22
22
22
22
22
21
2
20
16
2
2
1
0
0
1
20
22
22
22
22
22
22
21
22
22
22
22
22
22
22
21
22
20
22
1
4
3
7
21
21
21
22
16
2
18
22
21
21
22
22
22
22
23
22
22
22
22
22
21
22
22
21
3
2
21
22
22
22
22
21
22
4
22
23
22
22
21
22
22
21
21
21
21
22
22
22
22
22
23
22
0
1
20
22
21
22
22
22
1
2
22
21
22
22
22
22
22
21
22
22
22
22
22
22
21
22
21
22
20
0
2
9
20
20
18
0
2
22
22
21
22
22
21
21
21
22
22
22
22
22
21
22
21
22
22
22
22
21
2
1
1
1
1
10
23
22
21
21
23
21
21
22
22
22
21
22
22
22
21
22
22
22
22
22
22
22
22
22
21
21
22
23
21
21
21
22
20
21
22
22
22
21
22
22
22
21
22
22
22
21
21
22
22
21
22
22
22
23
22
21
22
21
23
22
21
22
22
21
22
22
22
22
22
22
22
21
22
21
22
21
21
22
22
23
22
21
22
22
22
21
22
22
21
22
22
21
22
22
21
22
22
22
22
20
22
22
21
22
21
22
22
22
22
20
22
22
22
21
22
22
20
22
21
22
22
21
22
21
22
21
22
22
22
21
20
21
22
21
22
22
22
21
22
22
22
21
22
22
22
21
21
22
22
21
22
22
21
22
22
21
21
22
21
22
22
22
22
22
22
21
21
21
21
22
22
22
22
22
22
22
22
20
22
22
22
22
22
22
22
21
22
22
22
22
22
22
22
22
21
22
22
22
21
21
22
22
21
22
22
21
21
