22
22
21
20
22
22
22
21
21
21
22
21
22
21
22
21
22
21
21
21
20
21
21
21
21
22
20
22
22
22
23
22
21
22
21
21
21
22
21
21
21
21
22
21
21
21
21
21
21
21
21
21
22
21
21
22
22
20
21
20
22
22
21
21
21
22
20
20
21
20
21
21
20
21
20
21
21
21
21
22
21
21
21
22
22
21
22
22
22
22
22
21
21
22
22
21
21
22
22
21
21
21
21
22
21
21
21
21
21
21
21
21
22
21
22
22
22
21
21
20
22
21
21
21
21
20
21
21
21
20
22
21
21
21
22
21
21
21
21
21
22
22
21
22
22
22
22
21
21
22
20
21
21
20
22
22
20
21
21
21
21
21
20
21
20
20
21
21
22
22
22
21
21
21
21
21
21
21
21
21
21
21
21
21
21
21
21
21
21
21
21
21
21
21
22
21
22
22
22
22
22
22
22
21
21
21
21
20
21
21
20
13
1
18
21
21
20
21
21
21
21
22
21
22
22
23
22
21
22
21
21
21
21
22
21
21
21
17
0
8
16
5
21
20
21
21
20
22
21
20
21
21
21
21
21
21
22
21
21
21
21
20
20
19
18
1
3
21
19
20
21
21
22
21
21
21
21
21
21
21
22
21
21
20
22
22
21
21
20
22
21
19
1
2
21
21
20
21
21
21
21
20
22
21
21
21
21
21
22
21
22
22
21
22
22
21
22
21
20
1
1
21
21
21
21
22
22
21
22
22
21
21
21
21
21
21
21
22
22
22
22
23
22
22
21
21
8
3
10
21
21
21
21
20
22
21
21
20
21
21
21
21
21
21
21
22
22
22
22
22
23
21
21
20
1
9
20
21
21
21
22
21
21
20
21
22
20
20
21
21
21
21
22
21
22
22
22
21
21
21
20
18
2
19
21
22
21
21
21
21
21
21
21
22
21
22
20
21
21
20
21
22
22
22
23
22
22
22
21
4
2
18
4
1
0
1
3
17
21
22
21
21
22
21
21
22
21
21
22
22
22
21
22
21
22
22
21
2
1
1
2
8
11
2
1
1
2
21
20
21
21
21
21
21
22
21
22
22
22
21
22
21
21
22
21
5
1
18
19
21
21
20
21
0
1
20
21
20
21
22
22
21
21
21
22
21
21
21
21
22
22
21
21
20
2
0
20
21
21
21
18
3
9
22
19
20
21
21
21
22
21
21
22
22
21
22
21
22
21
22
22
20
21
0
1
0
0
1
2
3
21
21
21
21
21
21
21
21
21
21
22
22
21
22
22
22
22
21
22
21
21
20
20
6
3
5
18
21
20
21
21
21
21
21
21
21
21
21
22
22
21
22
20
21
21
21
22
21
22
21
21
21
22
21
21
21
21
21
21
21
21
21
22
22
21
22
22
22
22
22
22
22
22
21
21
21
22
21
21
21
21
21
21
21
21
21
21
21
22
21
22
20
21
21
22
22
22
23
21
22
22
22
21
21
21
21
21
21
21
21
21
22
22
21
21
21
21
21
20
21
21
21
22
23
22
21
22
22
21
21
21
22
21
21
22
21
21
21
21
21
21
21
21
22
22
22
21
20
20
22
22
22
22
21
22
22
20
21
21
21
21
22
22
22
21
22
20
21
21
21
21
21
21
21
21
21
22
21
22
22
22
22
22
22
21
23
21
21
22
21
21
21
21
21
21
21
21
21
21
21
22
21
21
21
21
21
22
21
22
20
22
21
22
21
21
21
21
22
21
22
21
21
21
20
20
21
21
21
21
21
21
20
21
21
