23
22
23
23
22
22
22
22
22
22
21
21
22
23
21
22
22
22
22
22
22
22
22
22
22
22
22
22
23
23
22
22
22
21
22
22
22
22
22
22
22
22
21
22
22
22
22
22
22
22
22
22
22
21
22
22
22
22
21
22
22
22
21
22
22
22
22
22
22
22
22
21
22
22
21
22
22
22
22
22
22
22
22
22
22
22
22
22
21
22
22
22
22
22
22
22
22
21
22
22
21
22
22
22
22
23
22
22
22
22
22
22
22
22
22
22
22
23
22
22
23
22
22
22
22
22
22
22
22
22
22
22
22
23
22
22
22
22
22
21
22
22
22
22
23
22
22
22
22
22
21
22
22
22
21
22
22
21
22
22
22
22
22
21
22
22
22
22
22
22
22
23
22
23
22
21
22
22
23
22
22
22
21
21
6
16
22
23
22
22
22
22
22
22
22
22
22
21
22
22
22
22
22
22
22
22
22
22
22
21
21
8
5
22
21
22
22
22
22
22
22
22
21
22
22
21
21
22
22
22
22
22
22
22
22
22
21
19
15
5
22
22
23
22
21
22
22
22
22
21
22
22
22
21
21
22
22
22
22
22
22
22
21
22
22
21
2
5
22
22
22
22
22
21
22
22
22
22
21
21
22
22
22
22
22
22
22
21
22
22
22
21
21
21
4
18
22
22
22
22
22
22
22
21
22
22
22
22
22
22
22
23
22
21
22
22
21
21
21
22
22
6
2
23
22
22
22
22
21
21
22
22
22
22
22
22
22
22
22
21
22
22
21
21
21
22
21
15
13
4
22
22
22
22
22
21
21
23
22
22
22
22
21
21
22
22
22
23
23
21
22
22
22
21
21
22
3
5
22
22
22
21
22
22
22
22
22
22
22
22
22
21
22
22
22
21
22
22
22
21
22
22
21
18
2
18
16
1
9
22
21
22
22
22
22
22
22
22
22
22
22
22
21
22
22
22
21
22
21
21
22
1
2
3
3
4
11
2
11
22
21
22
21
22
21
22
22
22
22
22
22
22
22
21
21
21
20
22
3
3
4
19
21
22
22
3
16
22
22
22
22
22
21
21
22
22
22
22
22
22
22
21
22
21
21
12
2
3
20
21
22
22
3
3
21
22
22
21
22
22
22
22
22
22
22
22
21
22
22
21
21
21
21
21
6
3
21
21
21
13
3
19
21
22
22
22
22
21
22
21
22
21
22
22
22
22
22
21
21
21
21
21
3
2
19
21
11
4
15
22
22
22
22
22
21
22
22
22
22
22
22
22
22
21
22
22
22
21
22
22
18
1
1
4
3
14
22
22
22
22
21
22
22
21
22
22
22
22
22
22
21
22
22
21
21
21
21
21
22
19
6
8
21
21
21
21
22
22
22
21
22
21
22
22
21
22
22
22
21
22
21
21
21
22
22
21
21
21
21
21
21
21
21
22
22
21
21
21
22
21
21
21
22
21
22
22
22
22
22
21
22
21
22
21
22
22
22
22
22
21
22
22
21
22
22
22
21
22
21
21
22
22
22
22
22
22
22
22
22
21
21
21
21
22
22
22
21
22
21
22
21
22
21
22
22
22
21
20
21
21
22
22
21
22
22
22
21
22
22
22
22
22
22
22
21
20
22
22
22
21
22
22
22
22
21
22
21
22
22
22
22
21
22
22
22
22
22
22
21
22
22
21
22
22
21
22
22
22
22
21
21
21
22
21
21
22
21
22
22
22
22
21
22
22
22
21
22
22
22
21
21
22
21
22
21
21
21
21
22
22
21
22
21
21
