20
20
20
20
20
20
20
20
21
20
20
20
20
20
21
21
21
20
20
20
20
20
20
21
20
20
20
20
22
20
20
21
20
20
21
20
20
20
21
21
20
20
20
20
20
20
20
20
21
20
20
20
20
20
21
20
20
20
20
20
21
20
20
20
21
20
21
20
20
20
20
20
21
19
20
20
19
20
19
20
20
20
20
20
21
20
20
20
20
20
20
20
20
21
20
20
20
20
21
20
20
20
20
20
19
20
20
20
20
20
20
20
21
20
20
19
20
20
21
20
21
21
20
20
20
20
20
21
20
20
20
20
21
21
21
20
21
20
20
20
21
20
20
21
20
20
20
19
20
20
20
20
20
20
20
20
20
20
20
19
21
20
21
20
20
20
20
20
19
21
20
20
19
20
20
20
21
20
20
21
20
19
19
20
20
19
21
20
20
20
20
20
20
20
20
20
21
20
19
19
20
21
20
20
19
20
20
20
21
20
1
3
9
20
20
20
21
20
21
21
21
20
20
20
21
20
20
20
21
20
20
20
20
20
20
20
19
1
1
19
7
21
19
20
20
20
21
20
20
20
20
21
20
20
20
20
20
20
19
20
21
20
20
20
2
1
21
19
20
20
20
20
19
20
20
20
20
20
20
20
20
20
20
20
20
21
20
20
19
20
21
4
0
18
20
20
20
20
20
20
20
21
20
20
20
20
20
20
20
21
20
20
20
20
19
20
20
20
19
2
5
20
20
20
20
20
21
20
20
20
20
20
20
21
20
20
20
20
19
20
20
20
19
20
20
21
1
1
21
20
20
19
21
20
21
20
20
21
20
20
20
20
21
21
20
21
20
20
20
20
20
20
20
19
1
12
20
19
20
20
20
20
20
20
20
20
20
20
20
20
20
20
21
20
20
20
21
20
20
20
19
8
2
16
20
20
20
20
20
19
21
19
20
19
20
21
20
20
20
20
20
21
20
20
21
20
20
21
21
12
1
14
17
13
13
10
16
18
20
20
20
20
20
20
21
20
21
20
20
20
21
20
21
21
20
20
21
1
2
1
4
4
2
7
1
2
5
21
20
20
20
20
20
20
20
20
20
19
20
19
20
20
20
20
20
15
2
8
20
20
20
20
21
3
1
20
20
20
21
20
20
20
20
21
18
20
20
20
20
21
20
20
20
20
4
1
20
20
20
20
13
2
1
19
21
20
20
20
20
20
20
21
21
20
20
21
20
20
20
20
20
20
15
2
1
5
2
0
1
1
19
20
20
20
21
20
20
21
20
20
20
20
20
20
20
20
20
20
20
20
20
21
10
1
4
13
20
20
20
20
21
20
20
21
20
20
20
20
19
20
20
20
20
20
20
21
20
20
20
21
20
21
20
19
20
21
20
20
20
20
20
20
19
21
20
20
20
20
19
21
20
20
20
20
21
20
21
20
20
20
20
20
20
20
20
20
21
21
20
20
20
20
20
20
19
20
20
18
19
20
20
20
20
19
20
20
20
20
21
20
20
20
19
20
20
20
20
20
20
20
20
20
20
20
21
19
20
20
20
20
20
20
20
20
20
20
20
21
20
20
21
20
20
20
21
21
20
20
21
20
20
20
19
20
20
20
20
20
21
20
20
20
19
20
20
20
20
21
20
20
21
21
20
19
20
20
21
20
19
21
20
20
20
20
20
20
20
19
20
20
20
21
20
20
20
20
20
20
20
20
20
20
19
20
20
20
20
20
20
20
20
20
20
20
19
18
20
19
19
20
20
20
20
20
18
20
20
20
20
18
19
20
20
20
