20
20
21
20
21
21
20
21
20
20
21
21
20
20
20
21
20
19
20
21
20
21
21
20
21
21
20
20
20
20
20
19
22
21
20
21
21
20
21
20
21
20
20
20
20
20
20
20
21
21
21
20
20
20
20
20
20
21
20
20
21
21
20
20
21
19
19
20
20
20
21
21
19
20
21
21
21
21
19
20
20
20
21
20
21
20
19
20
21
21
21
21
20
19
20
21
20
20
21
20
18
20
21
21
21
21
21
20
19
20
20
20
20
21
20
20
21
21
20
20
20
21
20
20
20
20
21
20
20
19
20
19
21
20
20
20
20
20
20
20
20
21
21
21
21
20
20
20
20
20
21
21
20
21
21
20
20
20
20
21
20
21
19
20
20
19
21
20
20
20
21
20
20
20
20
20
21
20
21
21
20
21
20
20
20
20
20
20
21
21
21
20
20
21
20
20
21
20
20
21
20
20
20
20
21
20
20
20
18
20
18
4
2
9
20
19
21
21
20
20
21
20
21
20
21
20
20
21
20
20
20
20
21
20
20
20
20
13
3
12
19
21
20
20
20
21
21
20
20
19
21
20
21
21
19
20
21
20
20
21
20
21
21
19
18
3
11
20
20
20
21
20
19
19
20
20
20
21
21
20
21
20
20
21
20
20
21
21
21
20
19
18
2
8
20
21
20
20
20
20
21
21
20
20
20
20
20
20
20
21
21
21
20
20
20
21
20
20
20
2
3
19
20
21
20
21
20
20
21
20
21
20
21
20
20
20
22
20
20
20
20
21
20
20
20
20
10
2
16
20
20
20
20
21
20
19
22
20
21
21
21
20
20
21
20
21
20
20
20
21
21
20
21
20
1
5
19
20
20
20
20
20
19
21
20
21
21
20
21
20
20
20
20
20
21
20
20
20
20
21
20
19
1
19
19
20
19
20
20
21
20
20
21
21
20
20
21
20
21
20
20
20
19
21
19
19
21
20
20
6
2
20
18
17
8
18
19
20
19
21
21
20
21
20
21
21
20
21
20
20
20
21
21
20
20
20
19
2
1
1
2
5
6
1
1
2
7
18
21
21
20
21
21
20
20
20
20
20
20
21
21
20
21
19
21
0
1
18
19
20
20
20
21
9
1
19
21
19
20
20
21
20
20
20
21
20
22
20
21
20
20
20
20
20
0
1
10
19
20
20
19
0
1
20
20
21
20
21
21
19
20
20
20
21
21
21
20
20
20
21
19
20
21
0
1
1
6
1
1
0
20
20
21
21
20
20
20
20
20
21
20
19
20
20
21
20
20
21
20
20
20
21
20
8
1
13
21
20
20
21
21
20
20
20
21
20
20
20
19
20
21
22
21
20
20
20
20
21
21
20
20
21
20
21
20
21
20
21
21
20
20
21
21
20
20
21
20
20
20
20
20
21
20
19
20
21
19
20
20
20
20
19
19
20
20
21
20
20
21
20
20
19
20
21
20
20
20
21
20
19
21
21
19
21
20
20
20
21
20
19
20
19
19
20
20
20
20
21
19
20
20
20
20
20
20
22
21
20
20
20
20
20
21
20
20
19
20
20
20
20
21
21
20
20
20
20
21
20
21
20
20
20
19
20
19
21
21
21
20
21
20
20
20
21
19
21
20
21
20
20
21
21
21
20
20
20
20
20
19
20
20
20
20
21
19
21
20
20
21
20
20
21
21
20
20
20
20
20
21
20
21
20
20
20
20
20
21
21
20
20
19
20
20
20
20
19
19
21
21
20
19
21
21
21
20
20
21
21
20
20
20
20
21
20
