20
20
21
20
21
21
20
20
20
20
21
21
20
20
20
21
21
20
20
21
20
19
20
19
20
20
20
21
21
21
19
22
20
20
20
20
20
19
19
20
21
21
21
20
20
21
20
20
20
21
20
20
20
20
20
20
19
20
20
20
20
19
21
20
20
20
19
20
21
19
21
20
21
20
20
19
21
20
21
20
21
20
20
20
21
20
20
20
20
21
20
20
20
20
20
20
19
20
20
20
21
19
21
21
20
20
20
21
20
20
20
20
20
20
21
20
20
20
20
20
20
20
20
20
21
20
20
20
20
20
21
21
20
20
20
21
20
21
21
21
20
19
20
20
19
20
21
20
20
20
20
19
21
15
21
20
20
19
20
21
21
21
21
20
19
21
20
22
20
21
21
20
20
20
18
20
21
20
20
21
14
1
20
20
19
21
20
20
19
21
20
21
20
20
20
19
21
21
21
21
21
21
21
20
21
20
20
20
0
2
21
21
20
21
20
20
20
20
20
21
20
20
20
20
21
22
21
20
21
21
20
20
19
20
20
19
11
20
20
21
21
21
20
20
20
20
20
20
21
20
21
20
21
21
21
20
21
21
20
21
20
21
20
19
3
21
20
19
20
21
20
21
21
20
20
20
20
21
21
20
21
21
20
20
20
21
20
20
20
20
20
1
5
19
20
19
21
20
20
21
19
21
21
21
20
19
21
21
21
21
21
20
21
21
20
20
20
20
21
2
13
20
20
19
20
20
19
20
21
21
20
20
20
20
20
21
20
20
20
21
20
21
21
21
21
21
20
10
13
19
20
20
20
20
20
20
21
20
20
20
20
20
21
20
20
20
21
21
19
20
21
20
19
21
18
3
12
20
20
21
19
19
19
20
20
21
21
20
20
20
20
21
20
21
21
20
20
21
20
20
20
21
7
10
15
3
1
1
1
2
19
20
20
20
20
21
20
20
21
20
20
21
20
21
21
21
21
20
20
21
2
11
2
19
20
20
18
0
19
21
19
20
20
20
20
20
20
20
21
21
20
20
20
20
21
21
20
19
3
7
22
21
20
21
1
1
19
20
20
20
20
20
20
21
20
19
21
20
21
21
21
21
21
21
20
20
8
20
21
20
21
14
1
19
20
21
20
21
21
20
21
20
19
21
21
20
21
21
20
21
21
19
20
18
8
20
20
20
20
3
3
19
20
21
20
20
21
20
20
19
21
20
21
21
20
20
21
20
20
20
21
20
4
20
20
20
1
2
20
20
20
20
20
19
20
21
20
19
20
20
20
21
21
21
20
21
21
20
21
19
8
20
20
0
2
21
21
20
17
20
21
20
20
20
20
20
20
20
21
21
21
21
21
21
21
21
20
20
2
16
0
1
20
20
21
20
19
20
21
19
20
21
21
21
19
20
22
21
21
20
19
21
21
20
20
21
20
17
19
21
20
20
21
19
21
19
21
21
20
20
21
20
19
20
22
21
20
20
21
21
21
21
20
22
20
21
20
21
20
21
21
20
19
20
20
18
19
20
20
20
20
20
21
21
21
21
22
21
21
20
21
21
21
19
21
20
21
20
21
20
20
20
20
20
20
19
21
19
19
20
21
20
21
20
21
21
21
21
20
20
21
21
20
21
20
21
21
21
20
20
21
20
20
20
20
20
20
21
21
20
21
21
21
20
21
21
20
21
21
20
21
21
21
20
20
20
20
21
20
20
20
20
21
21
20
21
21
20
21
21
21
21
21
20
20
21
20
20
22
21
20
20
21
20
20
20
20
19
20
20
21
21
20
19
