21
21
21
19
20
21
21
21
20
20
20
21
21
21
21
21
20
21
21
20
20
20
21
20
21
21
20
20
21
21
20
20
20
19
21
21
19
21
21
21
21
21
20
20
19
20
21
20
21
20
20
21
21
20
21
20
21
20
21
21
20
21
20
20
21
20
21
21
21
21
20
20
20
21
20
21
20
20
20
21
20
21
21
20
21
21
21
21
21
20
21
21
20
20
20
21
21
21
21
20
21
20
20
20
21
20
20
20
20
21
21
19
20
21
19
21
20
21
21
21
20
20
20
20
20
20
20
20
21
21
21
20
20
21
20
20
20
20
21
20
21
21
21
20
21
21
20
21
21
20
20
20
20
21
20
20
20
20
20
21
20
20
20
21
20
21
22
21
21
21
21
21
21
21
21
21
20
21
20
20
19
4
20
20
19
21
20
21
21
20
20
20
20
22
20
20
20
21
22
21
21
21
21
20
21
21
20
21
14
5
20
20
20
21
20
20
20
21
21
20
20
20
21
21
20
20
21
21
20
21
21
20
20
20
20
19
1
16
20
21
19
21
20
20
20
20
21
21
20
21
20
21
21
20
20
21
21
21
21
21
21
21
21
18
5
20
20
20
20
20
20
21
20
21
19
21
21
21
21
21
21
20
20
21
20
20
21
21
20
21
20
2
5
20
20
20
20
20
21
20
21
20
21
21
21
21
20
21
21
20
21
21
21
20
20
21
20
21
19
3
19
21
20
21
21
20
20
20
20
21
21
20
21
21
21
21
21
20
21
21
21
19
21
20
20
20
18
6
20
20
20
20
20
20
20
20
20
20
20
20
21
20
20
20
21
21
20
20
20
21
21
21
20
20
14
7
20
20
21
19
19
20
20
21
20
19
20
20
21
21
20
21
21
21
20
21
21
21
21
19
21
19
1
19
20
3
2
2
10
2
4
19
21
20
20
21
21
20
20
20
20
20
21
21
21
21
21
21
20
19
7
18
2
9
18
20
19
0
4
20
20
18
20
20
20
21
20
19
21
21
21
22
21
21
21
21
20
14
3
1
8
21
20
19
11
2
19
20
20
20
20
21
21
20
21
21
21
20
21
21
21
21
20
21
20
1
5
20
20
21
20
18
4
21
21
20
21
21
21
21
21
20
21
20
21
20
21
21
22
21
21
20
20
3
13
21
21
21
19
1
8
20
20
21
20
20
21
21
21
20
21
21
21
21
21
20
21
20
21
19
20
4
10
21
21
20
1
8
21
21
21
19
20
21
20
20
20
21
20
20
20
21
21
21
20
21
20
17
20
3
8
20
19
1
3
21
21
20
21
21
20
20
21
21
20
20
21
21
20
21
21
21
21
20
20
9
20
14
5
2
4
15
21
20
21
21
21
20
21
19
21
20
20
21
20
20
21
21
20
21
21
21
20
19
21
21
21
20
19
20
21
21
20
21
20
21
20
21
21
21
21
20
21
20
21
21
22
21
21
21
20
21
22
21
21
21
21
21
21
21
22
21
21
21
20
21
20
20
21
20
22
21
21
21
21
20
21
21
21
21
21
21
21
21
21
21
21
21
22
21
21
20
21
21
20
21
20
21
20
21
20
21
21
21
20
20
22
21
21
21
20
21
21
21
21
22
21
21
22
21
20
21
21
20
21
21
20
20
21
21
20
21
21
21
21
21
21
21
21
22
21
21
21
21
21
21
21
21
21
20
21
21
20
20
20
21
21
21
21
21
21
21
21
21
21
21
21
20
21
21
21
22
21
21
22
21
20
20
21
20
21
21
21
21
