20
19
19
20
20
20
20
20
21
19
20
20
19
21
19
20
21
20
19
20
20
19
19
20
20
20
19
20
21
19
19
20
20
20
20
20
20
21
20
20
21
19
20
19
20
20
20
20
19
20
20
20
19
18
20
20
20
19
19
20
20
19
19
20
20
20
19
20
20
20
18
19
21
21
20
21
20
20
21
19
19
18
19
19
20
20
20
20
20
20
19
21
18
20
19
20
20
19
20
19
20
20
20
19
20
20
21
19
19
20
20
20
20
20
20
21
20
21
20
20
20
18
19
19
21
19
20
20
20
20
20
20
20
19
20
20
20
20
20
19
19
20
20
20
19
19
21
20
20
19
21
20
21
20
20
20
20
20
21
19
21
22
20
20
19
20
20
20
20
20
21
20
20
21
21
19
20
20
20
21
1
20
20
20
20
20
19
20
20
20
20
19
19
21
20
18
20
20
21
21
21
20
20
20
19
20
21
3
0
21
20
19
20
20
19
20
19
20
20
20
21
20
19
20
20
21
19
18
20
21
20
20
20
20
20
1
0
19
20
20
20
20
21
20
21
20
20
20
19
20
20
20
20
21
19
20
21
20
19
20
19
19
19
2
1
20
20
19
19
20
19
21
20
19
20
19
20
20
20
18
20
20
20
20
20
20
19
20
20
20
20
7
15
19
20
20
19
20
20
20
20
19
20
20
20
20
20
19
20
20
20
19
19
20
20
20
20
18
20
3
20
18
20
19
21
19
20
19
19
19
20
20
20
20
19
20
20
19
21
20
20
20
20
20
21
21
15
2
19
19
19
19
21
20
20
19
20
21
20
21
20
20
19
19
20
20
20
20
20
21
20
20
20
20
1
2
20
18
20
19
20
20
19
20
20
19
19
20
20
21
19
20
19
21
20
21
20
21
20
20
19
19
1
13
20
20
17
20
20
19
20
19
21
19
20
19
20
19
20
19
20
20
21
20
20
21
21
20
20
21
6
20
7
1
1
7
19
20
20
19
20
21
19
21
20
20
19
19
19
20
20
20
20
20
20
20
20
20
10
1
20
19
12
1
2
17
19
19
20
20
20
20
20
20
20
20
20
20
21
20
20
22
20
20
19
20
11
20
17
20
20
19
1
1
18
20
19
21
20
19
20
20
20
20
21
20
20
18
20
20
20
21
15
18
4
20
19
20
20
18
2
10
20
20
20
20
20
20
19
20
20
20
21
20
20
21
16
22
21
20
21
19
4
19
20
21
10
2
14
20
20
21
20
20
18
19
20
20
20
21
21
20
20
20
20
21
20
20
21
21
1
1
14
1
1
19
21
20
20
20
21
20
20
19
20
20
20
20
21
21
21
20
21
21
20
21
21
20
20
14
4
18
20
20
20
19
21
20
20
20
20
20
21
20
20
20
20
21
20
20
20
20
21
21
20
21
21
21
20
20
20
21
19
20
20
20
21
20
20
19
20
20
20
21
20
20
20
20
20
21
20
20
21
20
19
21
19
20
21
20
20
19
19
20
19
19
19
20
21
19
21
21
20
20
20
19
20
20
19
21
21
21
20
20
20
20
20
20
20
20
20
20
20
19
20
20
20
21
21
19
20
20
21
21
21
20
21
17
21
21
21
20
20
20
21
19
19
20
20
20
21
20
20
20
20
21
21
20
19
20
21
20
20
21
21
20
19
19
20
20
20
20
20
20
20
21
20
20
20
19
19
19
20
19
21
21
20
21
20
20
20
20
20
21
20
20
20
20
20
20
20
20
20
20
20
20
19
20
20
20
19
19
19
20
