21
21
21
21
21
21
21
21
21
21
21
21
21
21
21
21
21
21
21
21
21
21
21
21
21
21
21
21
21
21
20
21
21
21
21
21
21
21
21
22
22
21
21
21
21
21
21
21
21
21
21
21
21
21
21
21
21
21
21
22
21
21
21
21
21
21
21
21
21
21
21
21
21
21
21
21
21
21
21
21
21
20
21
21
21
21
21
21
21
21
21
21
21
21
21
20
21
21
21
21
21
22
21
21
21
21
21
21
20
21
21
21
20
22
21
20
21
21
21
21
21
21
21
21
21
21
21
21
21
21
20
21
20
20
20
20
21
20
21
21
21
21
21
21
21
22
21
21
21
21
21
21
21
21
22
21
21
20
21
21
21
21
21
21
21
21
21
21
20
21
21
21
21
21
21
21
21
21
21
21
21
21
18
2
10
21
22
20
21
21
21
21
21
21
21
20
21
21
21
21
21
21
21
21
21
21
21
21
21
20
2
10
21
20
21
21
21
21
21
21
20
21
21
21
21
21
20
21
21
21
21
21
21
21
21
21
20
17
6
21
21
20
21
21
21
21
22
21
21
21
21
21
20
21
21
21
21
20
21
21
21
21
20
20
18
6
16
20
21
21
20
21
20
20
21
20
21
21
21
21
21
21
21
21
21
21
21
21
21
20
20
20
17
9
21
20
21
21
21
21
21
21
21
20
21
21
20
20
21
20
20
21
21
20
21
21
21
20
21
18
2
14
20
20
21
20
21
21
20
21
20
20
21
20
21
21
21
21
21
20
20
20
21
20
20
20
20
16
9
21
20
20
20
21
21
20
21
21
21
21
21
21
21
20
20
20
21
20
20
20
21
21
20
21
18
3
17
21
19
15
3
9
21
21
21
21
21
20
21
20
21
21
21
21
20
20
20
21
21
20
20
21
14
9
21
18
1
14
16
5
16
21
21
21
21
20
21
21
21
20
21
20
20
20
20
20
20
20
20
19
3
16
17
2
19
20
18
4
15
20
21
21
21
20
21
20
21
20
20
20
20
20
21
21
20
20
20
16
9
19
12
11
21
20
17
6
20
20
20
21
21
21
21
20
21
20
20
20
20
20
20
21
20
20
19
16
9
20
19
21
20
19
2
10
20
21
21
20
21
21
21
21
21
20
20
20
20
21
20
21
21
20
19
11
12
21
20
20
19
16
5
21
21
20
20
21
21
21
20
21
21
21
20
20
20
20
20
21
20
19
18
10
17
21
20
20
18
1
9
19
21
21
20
19
20
21
20
21
21
21
20
20
19
20
21
20
19
20
19
15
7
20
20
17
2
8
21
20
20
21
21
21
21
21
20
20
21
21
20
20
20
20
20
21
21
20
18
18
2
4
2
2
20
21
20
20
20
22
21
20
21
20
21
21
20
21
20
20
20
20
20
21
20
20
20
20
20
19
20
21
21
21
21
21
21
21
21
21
21
21
21
21
21
20
21
20
20
20
20
20
20
20
20
20
21
21
21
21
21
21
20
21
21
21
21
21
21
21
21
21
21
20
20
20
20
20
20
20
21
20
21
20
21
21
21
21
20
20
20
21
21
20
21
21
21
22
22
21
21
21
20
20
20
20
20
20
21
20
21
20
20
20
21
21
20
21
20
21
21
21
21
21
21
21
21
21
21
21
20
20
20
20
20
20
20
20
20
21
20
21
20
21
21
21
21
21
20
21
21
21
20
20
21
21
21
20
20
20
20
20
20
20
20
20
20
20
20
21
20
21
20
21
20
20
21
20
20
21
20
21
21
21
21
21
