25
25
25
25
25
26
25
25
28
26
26
25
27
26
26
27
26
25
25
26
26
26
27
28
26
27
27
27
25
25
26
27
26
26
26
26
26
26
26
27
26
27
26
24
27
25
25
26
26
27
26
26
27
26
28
26
27
26
24
25
25
24
26
24
26
25
26
27
25
26
27
25
25
27
25
26
26
26
28
26
26
26
26
28
26
26
25
26
25
25
25
24
25
26
25
26
25
26
25
25
25
27
25
26
26
26
27
23
26
26
27
26
23
26
26
26
25
25
26
26
26
26
26
25
25
28
26
26
25
25
24
24
26
26
26
25
26
25
25
26
25
27
25
25
25
25
25
26
26
26
24
25
26
27
26
24
27
26
25
26
27
27
28
24
26
26
28
26
25
27
25
25
26
25
25
26
25
26
24
26
26
26
26
25
25
26
26
26
26
26
26
25
27
27
25
25
26
27
25
26
24
27
26
26
27
26
25
25
26
25
26
25
25
25
26
26
26
26
26
27
26
26
28
27
26
26
25
26
25
25
26
26
26
26
26
24
27
26
26
27
26
25
25
26
26
26
27
26
26
26
25
27
26
25
25
26
26
26
25
26
26
25
26
26
26
25
26
26
26
25
26
25
26
26
25
26
27
25
26
26
25
27
25
26
26
26
26
25
26
25
25
24
10
7
27
26
26
26
25
25
26
25
25
25
26
27
27
27
26
27
26
26
24
25
26
26
26
26
25
12
29
25
26
26
26
26
27
26
26
26
26
25
26
26
26
27
26
26
26
25
25
25
26
24
25
25
4
5
26
26
26
26
26
26
26
25
25
25
25
26
26
26
27
27
26
26
25
25
25
26
27
26
25
26
11
29
26
26
26
26
26
26
27
26
26
27
25
26
27
26
27
27
26
26
26
25
25
24
25
26
25
29
11
26
26
26
26
26
25
25
26
26
26
27
26
27
27
26
27
26
25
26
25
25
26
26
26
25
24
19
11
26
25
25
25
26
25
25
26
26
27
25
26
25
27
27
26
26
26
25
26
25
25
26
25
25
25
12
10
24
28
7
8
23
25
26
26
26
27
25
26
27
26
26
26
26
26
25
26
27
26
26
25
25
25
14
10
13
12
5
7
9
26
25
26
26
26
26
26
25
25
27
27
25
25
25
24
26
25
26
25
26
26
28
11
28
27
25
1
3
26
26
26
27
26
26
25
26
27
25
26
25
25
24
25
25
26
24
25
26
25
25
9
8
25
29
12
28
27
26
25
27
25
26
27
26
26
27
26
27
25
25
25
26
26
25
26
25
25
26
28
11
11
13
31
26
27
27
26
26
25
27
27
25
25
26
27
24
25
26
25
25
25
26
26
26
25
26
26
25
26
26
27
25
26
26
26
26
27
26
26
25
26
27
26
25
26
26
23
26
24
26
26
25
25
25
26
26
27
26
25
27
26
26
27
27
26
27
26
26
26
27
26
22
26
23
25
26
26
25
25
25
26
27
26
26
27
26
26
27
27
27
27
25
26
27
27
26
27
26
27
25
26
26
25
25
26
24
26
26
26
27
27
26
26
26
26
26
27
27
27
25
26
26
26
25
27
27
25
26
26
26
24
26
25
26
26
26
25
27
27
26
26
26
26
27
28
27
27
25
25
26
25
26
27
26
26
27
25
26
26
25
25
26
24
26
25
27
26
27
26
26
25
26
27
26
27
27
26
26
26
26
27
27
27
26
26
26
25
26
26
25
25
26
27
26
27
26
25
26
25
27
25
26
25
28
27
27
26
26
28
26
26
26
