27
26
28
24
27
27
25
25
27
25
23
27
26
27
27
27
26
26
26
26
26
26
27
26
26
26
26
27
26
27
25
28
27
25
26
27
27
26
26
26
25
27
25
27
25
27
24
27
25
26
26
26
25
26
24
27
26
26
27
28
28
28
25
25
25
25
26
26
25
26
26
26
26
26
26
26
25
26
26
27
26
26
25
27
27
28
26
26
26
26
26
26
26
27
26
24
26
27
27
26
25
26
27
26
25
27
27
27
27
25
27
27
28
27
27
27
26
26
26
28
26
24
26
25
27
27
26
26
26
25
25
25
26
27
26
25
26
27
25
26
25
26
26
25
26
25
27
26
26
26
26
25
27
27
26
26
25
27
25
25
25
26
26
26
26
26
24
26
28
27
26
26
25
26
27
24
26
26
25
26
26
25
26
26
26
25
26
28
27
29
26
26
27
26
27
26
25
27
24
26
25
26
26
26
25
26
25
21
26
26
26
27
26
26
27
25
27
26
25
26
26
27
22
27
26
26
26
27
26
26
26
27
26
26
26
11
10
29
27
26
25
24
27
26
25
22
26
26
26
25
26
26
26
25
26
26
26
26
26
26
24
26
22
12
4
26
26
26
24
26
26
27
26
25
26
26
26
25
25
26
28
26
26
26
26
26
27
26
27
25
9
9
26
20
27
26
26
27
26
26
28
26
27
27
26
26
25
26
23
27
28
26
25
26
26
26
27
26
9
4
28
28
26
27
25
26
25
26
25
25
27
27
27
26
27
26
27
26
27
25
26
26
27
25
26
31
12
29
26
27
27
25
27
27
26
27
26
25
27
27
26
26
27
27
23
25
24
26
25
26
26
26
25
23
11
29
25
27
25
26
26
24
27
25
27
26
27
29
26
26
28
26
28
27
26
25
25
25
27
26
26
2
12
27
25
27
26
26
25
25
25
24
26
26
26
27
26
26
26
26
26
26
27
26
25
26
25
25
26
8
11
27
15
24
26
26
26
26
26
27
26
25
27
28
26
26
26
27
26
27
27
26
27
27
27
26
26
14
9
25
8
10
5
26
26
23
25
28
26
27
27
25
27
27
27
26
25
27
26
25
27
25
26
26
26
12
10
25
27
12
4
26
26
26
25
27
27
28
26
24
25
25
26
27
26
26
27
26
26
27
27
26
26
5
11
29
12
13
27
27
25
27
27
27
23
26
26
28
27
26
25
27
26
26
26
26
27
26
26
26
26
28
12
12
11
29
26
26
25
26
24
26
25
24
27
26
25
26
26
25
25
27
28
27
27
26
25
26
27
26
26
26
26
25
27
27
26
26
27
28
25
28
27
26
24
26
27
26
27
27
26
26
27
26
25
27
27
26
26
27
25
25
26
26
26
27
27
26
24
26
30
24
25
26
27
26
26
27
26
27
26
27
25
26
25
27
25
26
27
27
25
27
27
27
28
27
24
26
25
27
26
25
26
26
29
26
26
25
25
26
26
27
26
26
26
27
27
25
26
26
25
26
27
26
24
27
25
27
25
26
26
26
26
26
25
26
26
27
26
26
26
26
26
26
26
26
27
27
25
26
26
27
27
26
26
25
26
25
26
27
24
26
26
26
26
27
26
27
27
26
26
26
26
26
26
27
24
26
27
27
26
26
27
23
26
26
27
26
26
25
26
26
27
27
26
26
28
24
25
27
26
26
26
26
26
26
26
26
27
24
25
26
26
27
27
25
28
26
26
26
25
25
26
27
27
26
26
26
26
26
26
27
25
26
26
27
26
26
27
26
26
27
26
26
