27
26
26
26
26
26
27
26
26
19
27
26
26
26
26
26
26
26
25
25
27
25
26
26
26
25
27
27
28
26
27
27
27
26
26
27
20
26
27
27
26
27
26
26
26
25
27
25
27
27
28
27
26
27
27
25
27
27
26
26
26
26
26
28
29
26
26
26
25
27
26
26
26
26
27
27
26
27
26
26
27
26
27
26
26
25
27
26
26
27
27
26
27
26
26
26
27
26
26
27
24
26
25
27
26
24
26
27
27
26
27
28
26
26
27
27
27
26
26
26
24
25
26
26
26
26
27
27
26
26
26
25
27
26
26
27
26
25
25
26
26
27
27
25
26
26
27
28
27
28
27
27
28
27
26
25
26
25
25
26
25
26
26
27
26
27
27
25
27
26
27
26
27
25
26
27
27
26
26
27
26
25
26
26
27
27
26
26
27
26
27
27
24
27
25
24
27
25
25
25
26
26
28
24
25
27
26
26
25
26
27
27
26
27
26
26
25
26
26
26
26
27
26
25
28
27
25
25
26
28
27
26
27
26
26
26
27
26
28
25
27
27
26
26
25
26
26
27
26
26
27
26
26
25
25
26
26
27
26
26
26
26
26
26
26
26
26
26
26
26
27
26
26
26
26
26
25
27
25
26
26
27
26
27
26
24
25
26
26
27
26
26
26
26
21
27
27
27
26
27
27
27
27
26
27
27
26
27
27
25
26
27
28
27
27
26
25
26
25
25
29
12
11
29
27
27
26
27
26
26
27
27
27
28
27
27
26
26
26
27
26
26
26
26
26
25
26
26
12
10
26
27
25
26
26
26
26
27
28
27
27
26
27
27
26
26
26
26
27
26
26
25
25
26
26
28
12
3
26
25
26
26
26
27
26
27
27
26
27
26
26
26
27
26
26
26
26
26
26
26
26
26
26
18
13
30
26
26
26
25
26
27
27
27
26
26
26
28
28
26
26
26
26
26
26
27
27
25
26
26
26
8
11
26
25
26
25
26
26
26
25
27
26
28
24
25
27
26
25
27
25
27
27
27
26
26
26
26
26
11
10
26
28
26
25
26
26
27
26
26
25
26
27
27
22
26
24
25
26
26
26
27
26
27
26
26
25
11
11
13
6
8
11
6
26
27
27
26
25
26
26
25
25
27
26
27
27
27
26
26
25
26
26
26
26
5
12
28
25
29
12
3
27
28
26
28
26
25
27
26
25
26
25
26
27
26
24
27
26
26
27
26
26
27
11
9
10
12
6
27
27
27
26
26
26
27
25
26
24
26
27
27
26
27
27
26
26
26
26
27
25
27
27
22
29
25
26
27
27
26
26
26
26
26
27
26
27
26
27
26
26
26
27
26
25
26
27
27
26
26
27
27
27
26
26
26
27
27
27
26
26
25
26
26
26
26
25
25
25
26
26
27
26
26
26
26
26
27
26
25
27
26
27
26
26
26
25
28
26
26
27
27
26
27
26
20
27
27
26
25
26
28
26
26
27
27
27
25
26
27
26
27
26
26
27
26
26
27
27
26
26
26
26
26
24
27
27
27
26
26
26
26
27
28
25
26
26
26
26
27
27
26
25
26
26
26
27
26
26
27
26
27
26
27
27
26
26
27
26
27
28
27
26
27
26
27
26
27
26
26
26
26
26
26
27
25
26
26
27
27
27
26
27
26
26
26
26
26
25
27
26
26
26
27
25
25
26
26
26
27
26
26
27
24
26
26
26
27
27
27
27
27
26
27
27
27
27
27
26
25
27
26
27
26
25
26
26
26
27
26
26
27
26
26
