27
27
27
27
26
26
26
26
27
27
27
26
27
26
26
26
26
27
26
26
26
27
27
27
27
27
27
27
26
25
27
27
26
26
26
25
26
28
27
26
29
28
25
27
25
27
27
25
26
26
26
26
27
26
24
26
26
25
25
27
27
24
26
26
28
26
27
27
27
27
27
27
27
27
25
25
27
27
26
26
28
28
26
27
26
26
26
25
26
26
26
26
26
26
26
24
26
26
24
25
26
26
27
25
27
26
28
26
26
25
27
25
26
26
24
26
27
26
28
27
27
27
26
26
27
26
26
26
26
27
25
26
25
25
27
27
26
25
23
27
27
26
25
25
26
26
25
26
27
26
26
25
26
26
26
28
26
26
26
23
25
24
26
26
27
26
27
25
26
26
25
25
26
26
27
25
26
25
25
25
27
25
26
23
26
27
26
27
27
24
26
27
27
25
25
26
26
27
27
25
26
26
25
27
28
27
25
26
26
25
26
24
24
26
26
27
27
26
27
27
26
25
27
27
26
26
26
26
25
27
26
27
27
27
26
26
25
26
24
28
27
27
26
26
27
26
27
26
24
25
25
26
26
26
25
24
27
26
26
26
26
25
26
25
26
26
7
12
11
28
27
26
26
26
25
26
27
25
26
26
24
26
27
26
26
27
27
26
26
27
24
26
25
25
14
31
26
26
25
27
26
25
25
26
25
28
26
27
25
27
25
26
26
27
25
26
26
25
25
26
26
12
8
26
26
26
26
26
26
27
26
25
26
28
27
26
27
26
27
26
26
26
27
26
25
26
26
26
1
12
28
27
25
26
27
26
26
26
27
27
26
27
25
25
26
26
26
27
26
26
26
27
27
25
26
28
7
7
26
26
26
26
26
26
26
27
24
25
25
28
26
27
26
26
26
26
27
27
26
27
25
26
26
30
16
30
21
24
27
26
25
26
26
26
27
27
25
25
27
26
26
26
26
26
26
26
26
26
25
26
26
26
14
29
16
6
11
8
25
27
26
26
26
26
26
27
26
22
26
26
27
25
26
26
26
26
26
26
26
23
12
24
26
26
29
12
28
26
26
27
27
26
26
24
26
26
26
26
26
25
25
25
26
27
24
26
26
27
14
9
27
27
12
5
27
27
27
27
26
24
25
27
27
25
27
26
24
25
26
25
26
26
25
24
27
26
29
11
11
13
27
25
28
28
25
26
27
26
26
25
26
23
26
26
26
26
25
26
28
27
25
26
25
24
26
25
26
27
26
27
27
28
27
27
25
27
25
28
25
25
26
26
25
26
24
26
26
26
24
26
27
26
24
27
26
23
25
26
27
26
26
28
26
25
25
28
25
26
27
26
26
27
27
26
26
25
28
26
27
26
26
26
26
25
26
27
27
26
26
27
26
25
26
26
26
26
27
26
27
27
27
26
26
26
27
25
26
27
24
27
26
26
27
27
28
27
27
26
27
26
27
27
24
27
27
26
27
27
26
27
26
26
26
27
27
26
26
26
26
26
27
27
27
27
27
27
25
27
26
28
26
26
27
26
27
27
26
26
26
27
26
26
27
26
26
26
27
27
26
26
26
27
27
26
28
27
28
26
27
26
27
26
26
26
26
26
25
28
26
26
27
26
27
26
26
27
26
27
28
27
25
26
26
27
27
27
26
25
26
26
26
26
26
26
25
27
28
26
27
26
25
27
27
26
26
27
26
27
26
28
27
27
27
27
27
26
25
26
26
27
26
27
28
26
24
26
26
25
26
27
26
25
27
28
26
27
26
25
24
25
27
27
26
25
