27
26
27
26
26
27
26
26
27
26
26
27
27
25
26
26
26
26
26
27
26
26
25
27
26
27
27
25
25
26
27
26
25
26
25
26
26
26
27
28
27
27
25
26
26
25
25
26
26
26
26
26
26
27
27
27
27
25
28
26
26
27
27
26
25
26
26
26
26
26
25
26
26
25
26
27
27
26
26
25
26
25
25
27
25
27
26
26
27
27
26
26
26
22
26
28
26
26
25
28
26
28
26
27
28
26
26
26
28
27
26
26
27
27
27
26
26
27
26
26
26
27
27
25
27
26
26
26
27
25
27
26
27
26
27
25
27
26
26
25
26
26
26
26
25
26
25
26
26
26
25
26
27
27
23
26
25
26
25
26
26
26
26
25
26
26
27
26
27
26
26
26
26
28
26
26
25
26
26
26
26
26
26
20
25
26
26
26
27
27
25
26
27
24
26
26
28
27
26
26
25
26
26
26
25
26
27
26
26
26
26
27
27
25
27
26
26
26
23
27
27
28
26
27
26
26
25
27
27
26
26
26
26
26
25
25
24
26
27
26
26
26
26
26
27
26
26
26
27
26
26
27
24
25
25
26
26
25
26
27
26
26
25
25
26
26
25
25
27
26
25
26
26
25
23
24
27
27
26
26
25
26
24
24
27
26
26
26
26
26
8
11
25
25
26
27
27
26
25
27
26
26
24
26
26
26
26
26
27
26
27
26
26
26
26
25
26
13
16
26
24
25
26
26
26
26
25
25
27
25
26
26
26
26
26
26
27
26
26
26
27
26
25
26
26
10
16
26
25
26
26
27
24
25
25
27
26
25
25
27
26
26
26
27
27
25
26
26
27
26
26
26
14
14
25
26
25
26
25
25
26
26
26
25
26
25
26
22
25
25
26
26
26
25
26
26
25
25
26
26
14
2
26
26
25
25
26
27
27
25
27
26
27
26
24
26
25
27
26
26
26
26
27
25
26
27
26
28
14
29
26
27
26
26
26
27
26
26
26
27
26
26
26
26
26
27
27
26
26
26
26
26
26
26
26
30
13
12
13
13
13
12
21
25
25
26
26
26
25
25
26
26
26
27
25
26
26
26
25
25
26
25
25
27
14
21
26
26
27
13
30
26
25
26
26
26
26
25
26
25
26
26
26
26
25
26
26
25
26
26
26
30
13
28
25
27
12
3
26
26
26
26
26
26
26
26
26
26
25
27
24
26
25
27
25
26
23
24
27
26
14
11
26
11
6
25
26
26
26
27
26
23
25
26
27
26
26
26
27
26
25
25
26
26
26
26
26
26
26
26
8
24
26
27
26
26
26
26
26
26
26
27
25
26
27
27
26
25
25
25
26
26
27
26
26
26
26
26
26
26
27
27
26
26
26
26
26
26
27
26
25
27
26
26
27
26
25
25
26
27
26
27
25
26
26
27
26
26
25
26
26
26
24
26
27
24
26
26
26
26
26
24
26
26
26
25
26
26
25
27
26
26
24
26
25
26
27
26
25
26
26
27
27
26
26
24
25
26
27
26
26
26
24
25
27
26
25
25
26
25
28
26
25
27
26
27
28
26
26
26
26
26
26
26
25
26
27
27
27
26
26
26
26
26
26
27
26
27
26
26
26
26
26
27
25
24
26
27
27
26
25
26
27
26
27
27
26
26
26
27
27
26
26
26
26
26
26
26
26
25
25
26
23
26
26
26
26
26
25
26
27
27
25
26
27
26
26
27
26
25
26
25
26
25
26
27
23
26
26
25
25
25
26
26
25
26
25
26
26
27
27
27
26
26
