22
23
23
23
23
23
23
23
23
23
23
23
23
23
23
23
23
23
23
23
23
23
23
23
23
23
23
23
23
23
23
23
23
23
23
23
23
23
23
23
23
23
23
23
23
23
23
23
23
23
23
23
23
23
23
23
23
23
23
23
23
23
23
23
23
23
23
23
23
23
23
23
23
23
23
23
23
23
23
23
23
23
23
23
23
23
23
23
23
23
23
23
23
23
23
23
23
23
23
23
23
23
23
23
23
23
23
23
23
23
23
23
23
23
23
23
23
23
23
23
23
23
23
23
23
23
23
23
22
1
22
23
23
23
23
23
23
23
23
23
23
23
23
23
22
23
23
23
23
23
23
23
23
23
23
22
0
7
23
23
23
23
23
23
23
23
23
23
23
23
23
23
23
23
23
23
23
23
23
23
23
23
23
22
0
22
23
23
23
23
23
23
23
23
23
23
23
23
23
23
23
23
23
23
23
23
23
23
23
23
21
0
29
23
23
23
23
23
23
23
23
23
23
23
23
23
23
23
23
23
23
23
23
23
23
22
23
23
19
1
23
23
23
23
23
23
23
23
23
23
23
23
23
23
23
23
23
23
23
23
23
23
23
23
23
22
0
28
22
23
23
23
23
23
23
23
23
23
23
23
23
23
23
23
23
23
23
23
23
23
23
22
23
24
1
23
23
23
23
23
23
23
23
23
23
23
23
23
23
23
23
23
22
23
23
23
23
23
23
23
22
0
28
23
23
23
23
23
23
23
23
23
23
23
23
23
23
23
23
23
23
23
23
23
23
22
23
23
26
0
23
23
23
23
23
23
23
23
23
23
23
23
23
23
23
23
23
23
22
23
22
23
23
23
23
22
0
27
23
23
23
23
23
23
23
23
23
23
23
23
23
23
23
23
23
22
22
23
23
22
23
22
23
24
0
1
8
24
23
23
23
23
23
23
23
23
23
23
23
23
23
23
23
22
23
23
23
23
23
23
23
7
2
1
0
0
23
23
23
23
23
23
23
23
23
23
23
23
23
23
23
23
23
23
23
23
23
23
22
0
28
24
26
1
23
23
23
23
23
23
23
23
23
23
23
23
23
23
23
23
23
23
23
23
23
23
25
0
23
24
26
1
23
23
23
23
23
23
23
23
23
23
23
23
22
22
23
23
23
23
23
23
23
23
12
4
23
24
2
13
23
23
23
23
23
23
23
23
23
23
23
23
23
23
22
23
23
23
23
23
23
23
1
25
23
22
0
28
23
23
23
23
23
23
23
23
23
23
23
23
23
23
23
23
23
23
23
23
23
23
0
26
23
1
3
24
23
23
23
23
23
23
23
23
23
23
23
23
23
23
23
23
23
23
23
23
23
24
0
6
6
0
23
23
24
23
23
23
23
23
23
23
23
22
23
23
23
23
23
23
23
23
23
23
23
23
16
0
2
27
24
23
23
23
23
22
23
23
23
23
23
23
23
23
23
23
23
23
23
23
23
23
23
22
23
23
23
23
23
23
23
23
23
23
23
23
23
23
22
23
23
22
23
23
23
23
23
23
23
23
23
23
23
23
23
23
23
23
23
23
23
23
23
23
23
23
23
23
23
23
23
23
23
23
23
23
22
23
23
23
23
23
23
23
23
23
23
23
23
23
23
23
23
23
23
23
23
23
23
23
23
23
23
23
23
23
23
23
23
23
23
23
23
23
24
23
23
23
23
23
23
23
23
23
23
23
23
23
23
23
23
23
23
23
23
23
23
23
23
23
23
23
23
23
23
23
23
23
23
23
23
23
23
22
