25
25
25
25
25
25
26
25
26
26
25
26
25
25
26
26
26
26
25
25
26
25
25
25
25
25
26
25
25
26
25
26
26
26
26
25
25
25
25
25
25
25
25
25
26
26
25
25
26
25
26
26
26
25
26
26
26
26
25
26
25
26
25
25
26
26
25
25
25
25
25
26
26
26
25
25
25
25
24
25
26
26
25
26
26
26
26
25
25
25
25
25
26
26
25
26
26
26
26
25
26
25
25
25
21
12
8
20
25
25
26
26
25
26
26
26
25
26
25
26
25
26
25
26
26
26
26
25
26
25
24
12
10
19
15
25
25
26
25
25
25
25
26
25
26
26
25
25
25
26
25
25
25
26
25
25
26
22
10
11
13
24
26
26
26
26
26
26
25
25
25
25
26
25
25
26
25
26
26
25
25
26
25
25
15
9
9
24
25
25
25
26
25
26
26
26
25
25
26
26
25
25
26
26
26
26
25
25
26
25
23
10
11
14
24
25
25
25
25
25
25
26
25
26
26
26
26
25
25
25
26
26
26
25
25
26
25
18
9
9
19
25
25
25
26
25
26
26
25
26
26
25
26
25
25
25
25
25
26
25
25
25
25
25
12
15
11
24
25
25
25
25
25
26
25
25
26
25
25
25
26
26
26
26
26
26
25
25
25
25
25
15
13
10
25
25
25
26
26
26
26
26
26
26
26
26
25
26
26
27
26
26
26
25
26
26
25
25
11
9
13
24
25
26
25
26
26
26
26
26
26
25
25
26
26
26
25
25
25
26
25
25
25
25
25
12
13
13
25
26
25
26
25
26
26
25
25
25
25
26
25
26
26
26
25
25
26
25
26
26
26
25
10
12
13
25
25
25
25
25
25
24
26
25
26
26
26
26
26
26
27
26
25
26
25
26
25
26
25
11
11
13
25
23
14
16
14
20
24
24
27
25
25
25
26
25
26
26
26
25
25
26
26
26
26
26
17
10
9
23
8
12
8
8
9
13
15
11
13
12
23
26
26
26
25
26
25
25
25
25
26
26
25
24
9
11
17
25
25
25
24
25
25
24
24
11
10
8
13
16
26
26
26
25
25
26
26
25
26
25
25
11
11
12
25
25
25
24
25
25
25
25
26
25
26
10
8
9
22
25
26
26
26
25
25
26
26
25
25
10
10
20
25
25
25
25
25
25
26
25
26
26
25
16
10
9
25
25
25
25
25
26
26
26
25
26
23
11
8
25
25
25
25
26
25
25
25
25
26
26
25
9
8
14
25
26
26
25
26
26
26
26
25
25
23
10
9
24
26
25
26
26
26
26
25
25
25
26
19
10
13
22
26
26
26
26
26
26
26
25
26
26
25
11
9
23
26
26
25
26
25
26
25
26
26
20
13
10
16
26
26
25
25
26
26
26
26
26
25
26
26
11
9
11
19
26
25
25
25
25
25
24
10
9
13
23
26
26
26
27
26
26
26
25
26
26
26
26
25
25
14
10
9
19
13
24
24
18
11
11
9
10
24
25
26
25
26
25
26
26
26
26
26
26
26
26
26
26
26
24
12
9
11
10
8
11
12
11
25
25
25
26
25
26
26
26
26
26
26
26
26
26
26
26
26
26
26
25
26
26
25
25
25
25
25
25
26
26
26
26
26
26
25
26
26
27
26
26
26
26
26
26
26
26
25
26
26
25
26
26
26
25
25
26
25
26
26
26
25
25
26
26
26
26
25
26
26
26
26
27
28
26
26
25
26
26
26
26
26
25
26
26
26
26
26
26
26
25
27
26
26
26
26
26
