23
23
23
23
22
23
22
23
23
22
23
22
22
23
22
23
22
23
23
23
23
23
22
22
22
22
22
23
23
23
23
23
22
23
23
22
23
22
23
23
22
22
23
22
22
23
23
23
22
22
22
22
23
22
23
23
23
23
23
23
23
22
23
22
22
22
22
23
23
23
23
22
23
23
23
23
22
22
23
23
23
22
22
22
23
22
23
22
22
23
22
22
22
23
22
23
22
23
22
22
23
23
23
23
22
23
22
22
22
23
23
22
23
23
22
23
22
23
22
22
23
22
23
23
23
22
22
23
22
26
25
23
23
22
23
23
23
22
22
22
22
22
23
23
22
22
22
22
23
22
22
22
23
23
23
22
1
0
23
23
22
23
22
22
22
22
22
22
23
22
22
23
23
22
22
22
23
22
23
22
23
23
23
2
1
27
23
23
22
23
23
22
22
22
23
23
22
23
22
23
22
23
22
22
22
22
23
22
22
23
26
0
27
23
23
23
23
22
22
23
23
22
23
22
23
23
22
23
22
23
23
22
23
23
23
23
22
23
0
12
23
22
23
22
22
23
23
23
23
22
23
22
23
23
22
22
23
22
22
22
23
23
22
22
23
25
0
22
23
23
23
23
22
23
23
23
23
23
22
22
22
23
22
22
23
22
22
22
23
23
23
23
22
0
29
23
23
23
22
22
23
22
22
23
23
22
22
23
22
22
22
22
23
23
22
22
22
22
23
23
25
0
23
23
23
22
23
23
23
23
22
22
22
22
23
23
22
23
22
22
23
23
23
23
22
22
23
22
1
28
23
23
23
22
23
23
23
22
22
23
22
22
22
22
22
22
22
23
22
23
23
22
22
22
23
23
1
22
25
23
23
23
23
23
23
22
23
22
22
22
22
22
23
22
22
22
23
23
22
22
22
23
22
0
23
0
0
25
23
23
23
22
23
22
22
22
22
22
22
23
22
22
22
23
22
23
23
22
22
23
26
0
23
23
2
1
23
23
22
22
22
22
22
22
22
23
22
22
22
22
22
22
22
22
22
23
22
22
0
27
23
23
25
0
23
23
23
23
23
23
23
22
23
22
22
22
22
22
22
22
23
22
23
22
22
22
0
25
23
23
17
1
23
23
23
23
23
23
23
23
23
23
22
22
22
22
22
22
22
22
23
23
23
26
1
24
23
23
0
29
23
23
23
23
23
23
23
23
22
22
22
22
22
22
22
22
22
23
22
23
23
20
1
23
22
18
1
23
23
23
23
23
23
23
23
22
22
23
22
22
22
22
23
22
22
23
23
22
23
26
1
8
17
1
27
23
23
23
23
23
23
22
22
22
23
22
22
22
22
22
22
22
22
23
23
23
23
23
20
1
2
27
23
23
23
23
23
23
23
23
22
22
23
22
22
22
22
22
23
22
22
23
23
22
23
22
23
24
23
23
23
23
23
23
23
23
22
22
23
22
23
23
22
22
22
22
22
22
22
22
23
22
23
22
23
23
23
23
23
23
23
23
23
23
22
22
22
22
22
22
22
22
22
22
22
23
22
23
23
23
22
23
23
23
23
23
23
23
23
23
23
23
22
22
22
22
22
22
22
22
22
22
22
23
23
23
22
23
23
23
23
23
23
23
23
22
23
23
23
23
23
23
22
22
22
22
22
22
22
22
22
23
22
23
23
22
23
23
23
22
23
23
23
22
22
22
22
23
23
22
23
22
23
22
22
22
22
22
22
22
22
22
23
22
23
22
23
23
23
23
23
22
23
22
22
22
22
22
22
22
22
22
22
22
