22
22
23
22
22
22
23
22
23
22
22
22
23
22
23
23
23
23
22
23
22
23
23
22
22
22
22
22
22
22
22
22
22
22
22
22
22
22
23
22
22
22
23
22
22
23
23
22
22
23
22
23
22
22
22
22
22
22
22
22
23
23
22
22
22
22
22
22
22
22
23
23
22
22
22
22
23
23
23
22
22
22
22
22
23
22
22
22
22
22
22
22
22
22
22
22
22
22
23
22
23
23
23
22
22
23
22
23
22
22
22
23
22
22
22
22
22
22
22
22
22
22
22
22
22
23
23
23
23
23
22
23
22
23
23
23
22
23
23
23
22
22
22
22
22
22
22
22
22
22
22
22
22
22
22
16
4
22
22
23
23
22
23
23
23
23
23
22
22
23
22
22
22
22
22
22
22
22
23
22
22
23
21
0
25
23
23
23
23
23
23
23
22
23
23
23
23
22
22
22
22
22
22
22
23
23
22
22
23
22
0
28
23
23
23
22
22
23
23
23
23
23
23
23
22
22
23
22
22
22
22
22
22
24
22
22
23
24
1
22
23
22
23
23
22
23
22
23
23
23
23
22
22
22
22
22
22
22
22
22
22
22
22
23
22
0
27
23
23
23
22
23
22
22
23
22
22
22
23
23
22
22
23
22
22
22
22
22
22
22
22
23
26
0
23
23
23
23
23
22
22
22
23
22
23
23
22
23
22
22
22
22
22
22
22
22
22
22
23
22
0
26
23
23
23
23
23
23
22
22
22
23
23
22
23
22
22
22
22
22
22
22
22
22
22
22
23
21
0
25
23
22
23
23
23
23
23
22
22
22
23
22
23
23
22
23
22
22
22
22
22
22
22
22
23
25
1
23
22
23
23
23
23
23
23
23
23
23
23
22
23
22
22
22
22
22
22
22
22
22
22
22
23
0
29
23
26
23
23
23
23
23
23
22
22
22
23
22
23
22
22
22
22
22
23
22
22
22
22
22
21
0
0
0
0
1
23
23
22
22
23
22
22
22
23
22
22
22
22
22
22
22
22
22
23
23
22
23
24
0
24
22
25
0
23
23
23
23
23
22
22
22
22
22
23
22
22
22
22
22
22
22
23
23
23
23
27
0
23
23
25
0
23
23
23
22
23
23
23
22
22
23
23
23
22
22
22
23
23
22
22
22
22
23
27
1
23
23
15
1
23
22
23
22
23
23
23
22
23
23
23
22
23
23
22
22
23
23
22
22
23
22
25
0
22
23
0
26
23
22
23
23
23
22
22
23
23
23
22
22
22
22
23
23
22
22
23
23
23
23
24
0
6
10
0
23
22
23
23
23
23
22
22
22
22
22
23
23
22
22
22
22
22
22
23
23
23
23
23
24
6
2
24
23
23
23
23
22
22
21
22
22
22
23
23
22
22
23
23
22
22
22
18
22
22
22
22
23
22
23
23
23
23
22
22
23
22
23
23
23
23
22
23
22
22
22
22
22
22
23
21
23
22
22
23
22
23
23
23
23
23
23
23
23
22
23
23
22
22
22
22
23
23
23
22
23
22
23
22
22
22
23
22
23
23
22
22
23
23
23
23
23
22
22
22
22
22
22
22
23
22
22
22
22
22
22
23
22
23
23
23
23
23
23
22
23
23
23
23
22
22
22
22
22
22
22
22
23
23
22
22
22
23
23
22
22
23
23
23
22
22
23
23
22
22
22
22
22
22
22
22
22
22
23
23
22
23
22
22
22
22
22
23
22
22
22
22
23
22
23
23
23
23
23
22
22
22
22
22
23
23
23
23
22
