-2.0056192874908447
-2.5817165374755859
-2.4003810882568359
-1.9981486797332764
-1.6322879791259766
-1.1640675067901611
-1.2559301853179932
-1.8612027168273926
-1.9906649589538574
-1.6695641279220581
-1.0306932926177979
-0.85339891910552979
-0.5110512375831604
0.75320470333099365
0.072089165449142456
-1.5850512981414795
-0.98017305135726929
-0.80714714527130127
-0.41964483261108398
-0.41297483444213867
0.39384093880653381
1.6596879959106445
-0.33061444759368896
-1.7128175497055054
-1.6073799133300781
-1.6274458169937134
-1.3858057260513306
-0.86175304651260376
0.59504413604736328
0.55246961116790771
-2.1140449047088623
-1.6881697177886963
-1.5590702295303345
-1.7398490905761719
-1.7494974136352539
-0.90163195133209229
0.33691799640655518
-1.3827528953552246
-2.4443023204803467
-0.5969122052192688
0.19111964106559753
0.19363933801651001
0.42050245404243469
1.4596192836761475
0.66285264492034912
-1.9050366878509521
-1.4379925727844238
0.24717576801776886
0.20275954902172089
0.55291116237640381
1.5589795112609863
1.4932249784469604
-1.0439939498901367
-1.8189975023269653
-0.31432622671127319
0.52481448650360107
0.045799762010574341
0.96047377586364746
2.4041316509246826
0.34419530630111694
-2.1961462497711182
-0.97022312879562378
0.5547446608543396
0.47548669576644897
3.3545527458190918
3.8065352439880371
3.933459997177124
3.5174803733825684
2.9281795024871826
2.9841184616088867
2.8634757995605469
2.2347824573516846
2.077540397644043
3.1700706481933594
3.5866987705230713
3.4532639980316162
3.4809334278106689
3.671363353729248
3.2329421043395996
2.845257043838501
-2.8650314807891846
-2.6161637306213379
-2.3655710220336914
-2.0784683227539062
-0.89097529649734497
0.68694305419921875
0.88443839550018311
2.090071439743042
-2.7243084907531738
-3.3905117511749268
-3.7097053527832031
-3.3987128734588623
-2.2885956764221191
-1.2286252975463867
-0.27486106753349304
0.79092413187026978
-0.67970311641693115
-0.92956733703613281
-1.2547903060913086
-0.98495519161224365
-0.46491947770118713
-0.53738558292388916
0.4867900013923645
-0.36389678716659546
-0.065934732556343079
-0.26080864667892456
0.060954056680202484
0.4969535768032074
0.29377651214599609
0.49252024292945862
0.23616153001785278
-1.3657395839691162
-0.1218913272023201
-0.22797650098800659
0.38287973403930664
0.85700196027755737
0.60351073741912842
0.79353797435760498
-0.75717389583587646
-1.6225693225860596
-0.049797937273979187
0.12234601378440857
0.54000306129455566
0.25926700234413147
0.75878095626831055
0.093008153140544891
-1.3554866313934326
-0.90104222297668457
-1.1699570417404175
-2.4635457992553711
-3.4740657806396484
-4.0257787704467773
-3.9810731410980225
-3.8237028121948242
-4.0255312919616699
-3.8991985321044922
3.9860408306121826
4.4332842826843262
4.4580583572387695
3.9624710083007812
2.4186484813690186
0.61068457365036011
-0.99321132898330688
-1.869276762008667
2.5092747211456299
3.4472458362579346
4.0132050514221191
3.8785417079925537
2.7975668907165527
1.3303446769714355
-0.16439855098724365
-0.78483682870864868
-1.6132184267044067
-1.7831487655639648
-1.8010426759719849
-2.1422555446624756
-1.798566460609436
-2.0350182056427002
-2.7160775661468506
-1.628430962562561
-1.9118854999542236
-2.5994038581848145
-3.4044382572174072
-4.0910272598266602
-4.2576675415039062
-4.3318595886230469
-3.5190038681030273
-1.4594286680221558
-0.097661755979061127
-0.33478936553001404
-1.1465030908584595
-1.9266608953475952
-2.5886039733886719
-2.9632306098937988
-1.7781716585159302
-0.22407834231853485
-0.083813905715942383
-0.51261121034622192
-1.1516907215118408
-1.8933748006820679
-2.5297915935516357
-1.9187780618667603
-0.56221842765808105
0.27939710021018982
-0.4537976086139679
-1.1921775341033936
-1.4834657907485962
-2.2114605903625488
-2.8399302959442139
-1.1496161222457886
0.3521190881729126
0.32664236426353455
0.27971014380455017
-0.5191798210144043
-0.98961800336837769
-0.93674546480178833
-1.0227071046829224
-1.0814296007156372
-0.80643558502197266
-0.26345857977867126
-0.67455494403839111
-1.1039365530014038
-0.8235289454460144
-0.70221829414367676
-0.74269473552703857
0.024047255516052246
1.1415925025939941
0.6477506160736084
-1.9227684736251831
-2.9816031455993652
-2.9991161823272705
-3.0273556709289551
-2.797957181930542
-0.45133072137832642
1.1440445184707642
-1.0310659408569336
-2.9723641872406006
-4.3200211524963379
-5.2461667060852051
-5.7525029182434082
-4.3614473342895508
-0.79254567623138428
-0.77335309982299805
-4.1580905914306641
-2.329941987991333
-3.4387705326080322
-4.7044110298156738
-5.1793804168701172
-2.4125688076019287
0.14047223329544067
-2.8285977840423584
-4.8001160621643066
-0.078507617115974426
-0.62951987981796265
-1.3428136110305786
0.10148274898529053
3.090914249420166
1.7450066804885864
-3.3725006580352783
-3.2296850681304932
-0.36040854454040527
-0.95746368169784546
-0.51582920551300049
2.3314914703369141
3.4809062480926514
-1.0460548400878906
-3.5791890621185303
-2.0062553882598877
-0.73325562477111816
-1.0613081455230713
1.1101911067962646
3.504194974899292
0.98067224025726318
-3.3458611965179443
-2.6309850215911865
-1.0178022384643555
0.2273467481136322
0.10718539357185364
-0.18171200156211853
-0.38076925277709961
-0.38946631550788879
-0.12622205913066864
-0.084058821201324463
0.0023076683282852173
-0.32514268159866333
0.050593528896570206
0.32555744051933289
0.013066142797470093
-0.37728855013847351
0.18306860327720642
0.68199247121810913
0.9826776385307312
-0.96391361951828003
-0.25567838549613953
0.11384443938732147
0.024990826845169067
0.20160903036594391
1.3976576328277588
2.5947494506835938
2.037548303604126
-0.51266545057296753
-0.77838224172592163
-1.0552511215209961
-1.1814100742340088
-0.45454975962638855
0.8298189640045166
1.6895480155944824
0.98258405923843384
0.39455345273017883
-0.0050505250692367554
-0.45106416940689087
-0.63158488273620605
-0.12637984752655029
0.94914847612380981
1.0019429922103882
0.80987530946731567
-0.18022866547107697
-0.35031718015670776
-0.58732563257217407
-0.32848364114761353
0.81374442577362061
1.5770109891891479
1.1462424993515015
0.99976783990859985
-0.34394699335098267
-0.63990545272827148
-0.38742578029632568
0.25330883264541626
1.4391130208969116
1.4845638275146484
1.112946629524231
0.9596591591835022
-0.48154813051223755
-0.63375306129455566
-0.075767740607261658
0.93297004699707031
1.3802971839904785
1.1039481163024902
1.125212550163269
0.73593622446060181
-0.54569762945175171
0.33797410130500793
0.73141992092132568
0.21168875694274902
-0.020028650760650635
0.23847323656082153
0.28067061305046082
-0.14682731032371521
1.319879412651062
1.6800638437271118
1.2474521398544312
0.91244685649871826
0.87116515636444092
0.49762442708015442
-0.16071304678916931
0.063004933297634125
2.3203651905059814
1.6601996421813965
0.97210943698883057
1.0125645399093628
0.64427345991134644
-0.80071520805358887
-1.0540163516998291
0.88013768196105957
0.76510679721832275
0.3740171492099762
0.16622382402420044
-0.26820111274719238
-1.51994788646698
-2.0023653507232666
-0.027632365003228188
2.071007251739502
-0.52209866046905518
-0.53367173671722412
-0.68495994806289673
-1.4052001237869263
-1.9908980131149292
0.06748054176568985
2.9114305973052979
1.8487029075622559
-0.21362696588039398
-0.41556087136268616
-0.80655348300933838
-1.6706385612487793
-1.2283799648284912
1.847197413444519
2.982792854309082
-0.010879628360271454
-0.27561858296394348
-0.66083115339279175
-1.52064049243927
-1.7968226671218872
0.61277127265930176
3.2000365257263184
1.324735164642334
-1.1989676952362061
-0.48628875613212585
-1.135158896446228
-1.9490312337875366
-0.49009597301483154
2.6945564746856689
2.7262041568756104
-0.41037607192993164
-1.2455216646194458
0.076818220317363739
-0.24263134598731995
-0.14739315211772919
0.13336920738220215
0.16940179467201233
0.30231016874313354
0.51550924777984619
0.87310534715652466
-0.87677335739135742
-1.4990881681442261
-1.2205843925476074
-1.2861827611923218
-1.2022234201431274
-0.52888208627700806
0.11553448438644409
-0.053736560046672821
-0.54881012439727783
-0.61478340625762939
-0.76730382442474365
-1.0718446969985962
-0.52095675468444824
1.0786483287811279
1.1253982782363892
-1.0096008777618408
0.090892508625984192
0.11665340512990952
-0.29124855995178223
-0.097302407026290894
2.3226490020751953
3.4658002853393555
0.57313376665115356
-1.4975502490997314
-0.070615880191326141
-0.45263218879699707
-0.69152379035949707
0.92825889587402344
3.56939697265625
2.3911573886871338
-1.2744311094284058
-1.5075432062149048
-0.20010693371295929
-0.41983610391616821
0.10012352466583252
3.0922625064849854
4.3656997680664062
0.45473021268844604
-1.4678671360015869
-0.23859298229217529
-0.40228283405303955
-0.29582646489143372
1.8707555532455444
4.3784685134887695
2.3510727882385254
-1.4058834314346313
-1.1002746820449829
0.15524905920028687
-0.46608197689056396
0.74548161029815674
3.5811681747436523
3.7494392395019531
-0.16855452954769135
-1.6180722713470459
-0.26856008172035217
0.29085412621498108
3.4148027896881104
3.7365977764129639
3.0112929344177246
2.242159366607666
1.8401292562484741
1.3747825622558594
0.14265616238117218
-1.1366729736328125
0.71929270029067993
2.148357629776001
2.9140455722808838
2.9746921062469482
2.9199104309082031
2.6906659603118896
2.0964944362640381
0.90725415945053101
-1.2507451772689819
-0.83876222372055054
-0.19609165191650391
0.54073125123977661
0.59095299243927002
0.92612737417221069
1.2209000587463379
1.0484873056411743
-1.2138243913650513
-1.6325949430465698
-1.709624171257019
-1.5691331624984741
-1.3630459308624268
-1.1730490922927856
-0.84780597686767578
-0.31279176473617554
-0.54452908039093018
-0.82443660497665405
-1.0543365478515625
-1.5127114057540894
-1.555890679359436
-1.4625512361526489
-1.3234513998031616
-0.87583333253860474
0.038860030472278595
0.059474699199199677
-0.13384029269218445
-0.19848653674125671
-0.50338912010192871
-0.72425413131713867
-0.77950763702392578
-0.55254924297332764
0.006024189293384552
-0.012279501184821129
-0.20615127682685852
-0.31441834568977356
-0.50426691770553589
-0.65396970510482788
-0.69793480634689331
-0.20492936670780182
0.04910210520029068
0.071135424077510834
0.096901550889015198
-0.14069570600986481
-0.98023384809494019
-1.0617057085037231
-0.38676291704177856
0.055255357176065445
-0.94933575391769409
-0.79373085498809814
-0.32684299349784851
-0.19075047969818115
-0.41943275928497314
-0.80610978603363037
-1.0987246036529541
-0.77354180812835693
-2.217897891998291
-1.2993789911270142
-0.41395232081413269
-0.090662866830825806
0.082561135292053223
-0.059471592307090759
-0.99449104070663452
-0.89165991544723511
-1.9800102710723877
-1.5582160949707031
-1.2117236852645874
-0.7779686450958252
0.23860041797161102
-0.21556389331817627
-1.990491509437561
-0.74701976776123047
-0.34293901920318604
-0.52626311779022217
-0.78810214996337891
-0.43010821938514709
0.48089814186096191
-1.8815556764602661
-3.3502352237701416
-0.15485666692256927
0.45902898907661438
0.68569034337997437
0.80505144596099854
1.2960846424102783
0.65723943710327148
-2.4439520835876465
-1.792900562286377
1.8386338949203491
0.16877084970474243
0.45106375217437744
0.84671515226364136
1.0223715305328369
-1.3726394176483154
-2.7761697769165039
0.58308875560760498
2.9115533828735352
0.39692902565002441
0.65353602170944214
0.91573613882064819
-0.31345418095588684
-2.7153339385986328
-1.0888071060180664
2.4741621017456055
2.3021223545074463
0.64636373519897461
1.0732922554016113
0.35057604312896729
-2.4115419387817383
-2.5904903411865234
1.340485692024231
2.9019591808319092
1.173065185546875
-0.55777239799499512
-0.52835291624069214
-0.58770507574081421
-0.65734624862670898
-0.6029738187789917
-0.18641704320907593
0.1286446750164032
0.0058126002550125122
-1.2007863521575928
-1.7008160352706909
-2.2324268817901611
-2.4027523994445801
-1.8893071413040161
-1.0447778701782227
-0.19839492440223694
0.18919119238853455
-0.36364474892616272
-1.1633989810943604
-1.9021149873733521
-1.8014204502105713
-1.281334400177002
-1.120652437210083
-0.6307561993598938
0.17711573839187622
-0.50460821390151978
-0.81513488292694092
-0.95746994018554688
-0.57230126857757568
-0.28842678666114807
0.1047770231962204
0.77902567386627197
1.2640860080718994
-0.57239186763763428
-0.67268675565719604
-0.46919998526573181
-0.10307137668132782
0.20835748314857483
0.9894864559173584
1.8300513029098511
0.76252853870391846
-0.0081947632133960724
0.078732997179031372
0.49189218878746033
0.64831173419952393
1.1485847234725952
1.9204001426696777
1.9031344652175903
-0.32055371999740601
0.049429498612880707
0.37843707203865051
0.76841020584106445
1.107585072517395
1.6446225643157959
2.1616859436035156
0.57738369703292847
-1.247133731842041
0.26975858211517334
0.58808469772338867
0.95869094133377075
1.9628396034240723
2.5627858638763428
1.6511514186859131
-0.80457878112792969
-1.3646684885025024
-1.5250958204269409
-2.865964412689209
-2.7316522598266602
-2.3297972679138184
-2.4567794799804688
-2.5788156986236572
-2.2720484733581543
-2.1653866767883301
-5.3147854804992676
-4.6937360763549805
-3.5236754417419434
-3.3148331642150879
-3.1768627166748047
-2.5591616630554199
-2.0145094394683838
-2.79970383644104
-6.1559085845947266
-4.8093409538269043
-3.65867018699646
-3.0668208599090576
-1.8814494609832764
-0.88872599601745605
-2.8821752071380615
-3.7293148040771484
-3.0754415988922119
-2.57991623878479
-2.0170943737030029
-0.83011734485626221
-0.57496011257171631
-2.8417916297912598
-6.1952133178710938
-3.5852892398834229
-0.180461585521698
0.24688559770584106
1.011557936668396
1.5453411340713501
-0.036292999982833862
-5.5360250473022461
-6.5899009704589844
-0.50780349969863892
0.28882497549057007
0.90870845317840576
1.897102952003479
1.1009575128555298
-3.1938726902008057
-7.5419926643371582
-4.6156482696533203
1.4057794809341431
0.6688237190246582
1.5499407052993774
1.7906491756439209
-0.64596676826477051
-6.5230326652526855
-6.9995379447937012
-0.62458592653274536
2.2267706394195557
1.2582683563232422
1.8893986940383911
0.50332564115524292
-4.7864928245544434
-8.0750885009765625
-3.3016030788421631
2.0725612640380859
1.8696838617324829
2.7409191131591797
3.9695117473602295
4.403846263885498
4.0498356819152832
3.6033570766448975
3.7321674823760986
2.9089884757995605
1.9597982168197632
-1.1860525608062744
-0.69959062337875366
0.084910377860069275
0.30758735537528992
0.97208672761917114
1.6073330640792847
1.817482590675354
1.6256122589111328
-1.437069296836853
-2.3532669544219971
-2.9243214130401611
-2.4457154273986816
-0.85794246196746826
-0.52356439828872681
-0.20214827358722687
0.54048067331314087
0.48004001379013062
-0.42977684736251831
-1.3678085803985596
-0.90846830606460571
-0.072261683642864227
-0.27016022801399231
-0.93411737680435181
-0.74893653392791748
0.29465293884277344
-0.1817411482334137
0.0083606839179992676
0.57480740547180176
0.40663427114486694
-0.57520854473114014
-0.76311832666397095
-0.94254350662231445
-0.29428470134735107
-0.24947631359100342
0.8609389066696167
1.1370095014572144
0.49278533458709717
-0.036749359220266342
-0.30412289500236511
0.21293629705905914
-0.42214524745941162
0.16789066791534424
0.94843965768814087
0.75945395231246948
-0.0014860294759273529
-0.10490508377552032
-0.087117128074169159
0.070891812443733215
-0.009061664342880249
1.0362424850463867
1.0291827917098999
0.26630783081054688
-0.11637631803750992
-0.55491077899932861
-0.038559500128030777
-0.11863572150468826
-1.0549038648605347
-0.46521496772766113
-0.81106364727020264
-1.1209342479705811
-1.4065293073654175
-2.2169098854064941
-2.0933284759521484
0.22628778219223022
-0.49085760116577148
-0.34586495161056519
-0.51558005809783936
-0.45179694890975952
-1.2534270286560059
-3.066035270690918
-1.7694078683853149
2.3384823799133301
0.80550605058670044
0.57715553045272827
0.44514614343643188
0.06956203281879425
-1.8440707921981812
-3.5402050018310547
-0.098933041095733643
4.028315544128418
1.5028671026229858
1.4451031684875488
1.4146870374679565
0.54605036973953247
-1.5890061855316162
-1.122702956199646
3.4903080463409424
4.289146900177002
0.27821800112724304
0.022862479090690613
-0.66125482320785522
-2.4924056529998779
-3.4854850769042969
-0.18279993534088135
3.7116756439208984
2.2045855522155762
0.057976845651865005
-0.24020147323608398
-1.5597010850906372
-3.1302504539489746
-1.3763867616653442
3.4708797931671143
3.8066713809967041
1.0028103590011597
0.0052430108189582825
-1.0387618541717529
-2.9928896427154541
-2.6978385448455811
1.6376227140426636
4.3949737548828125
2.0830943584442139
-0.12282323837280273
-0.18495222926139832
-1.9227442741394043
-3.6606512069702148
-0.74168986082077026
4.3116564750671387
3.7208318710327148
0.57668083906173706
-0.39991101622581482
-0.011952374130487442
1.0434941053390503
1.1736853122711182
0.64266282320022583
0.21977005898952484
0.74198156595230103
1.8828893899917603
1.3814206123352051
-3.5750644207000732
-2.0415380001068115
-1.4115995168685913
-1.6474860906600952
-2.0520370006561279
-0.0083523020148277283
2.8893575668334961
2.1964819431304932
-4.9864444732666016
-4.2628598213195801
-3.5332167148590088
-3.6146926879882812
-3.7386574745178223
-1.1362317800521851
2.2196483612060547
2.6010894775390625
-3.3430917263031006
-3.5975680351257324
-3.4155802726745605
-3.9119493961334229
-3.8110949993133545
-1.3119649887084961
1.1866985559463501
2.213205099105835
-1.3873045444488525
-2.0468394756317139
-2.8577709197998047
-3.9135215282440186
-3.067960262298584
-1.4839377403259277
0.031640864908695221
0.59182357788085938
-0.14792907238006592
-0.64434117078781128
-1.4020124673843384
-1.8629156351089478
-0.90042310953140259
-0.1666623055934906
0.65878856182098389
0.603493332862854
-0.39768725633621216
-1.2760934829711914
-1.4638140201568604
-0.90570443868637085
-0.6524689793586731
0.14837646484375
0.59552401304244995
0.42607244849205017
-0.90700078010559082
-1.8833358287811279
-1.248595118522644
-0.10451815277338028
0.17703483998775482
0.16968569159507751
0.24727430939674377
0.16641579568386078
0.34939032793045044
0.8445093035697937
0.42605230212211609
0.0090151950716972351
-0.43749213218688965
-0.75011074542999268
-0.8116455078125
-0.31830796599388123
1.0175925493240356
0.44033199548721313
-0.13954734802246094
-0.47352930903434753
-1.2436199188232422
-1.8468954563140869
-1.405242919921875
-0.0033532381057739258
0.47937220335006714
-0.072295159101486206
-0.63833314180374146
-2.013721227645874
-3.6399438381195068
-2.8631381988525391
-0.7837979793548584
0.84126770496368408
0.33078667521476746
0.75438404083251953
0.032759606838226318
-1.5975594520568848
-1.5675766468048096
1.3431330919265747
3.1617848873138428
1.6285804510116577
-0.15019869804382324
-0.42764177918434143
-1.7672317028045654
-2.6560122966766357
0.27158060669898987
3.1236646175384521
2.7148137092590332
0.55355679988861084
-0.32991042733192444
-1.4785565137863159
-2.9376933574676514
-1.8779137134552002
1.6641037464141846
2.9905080795288086
1.3765522241592407
-0.30414706468582153
-0.99074327945709229
-2.5230889320373535
-2.9311175346374512
0.23799949884414673
3.1606667041778564
1.9865918159484863
0.25075870752334595
-0.30631452798843384
-1.7702394723892212
-3.1097056865692139
-1.1760221719741821
2.087144136428833
2.6387724876403809
0.42898336052894592
-0.80501192808151245
-0.23250791430473328
2.7616941928863525
3.7213153839111328
3.8062562942504883
3.3633441925048828
2.9861688613891602
3.073955774307251
2.2017104625701904
0.79360771179199219
1.2983676195144653
1.5811421871185303
2.1195197105407715
2.4080545902252197
2.7713770866394043
3.0232183933258057
2.0752038955688477
1.2820373773574829
-0.10181228071451187
-0.4780038595199585
-1.3053023815155029
-1.7302548885345459
-1.1081854104995728
-0.53047347068786621
-0.51318550109863281
-0.66373151540756226
0.55578285455703735
0.66836214065551758
0.12145707011222839
0.12676675617694855
0.73602181673049927
0.80588847398757935
0.28049775958061218
-0.1919420063495636
-0.014758307486772537
-0.26772215962409973
-0.18810051679611206
0.36682721972465515
0.31900304555892944
-0.041798189282417297
-0.36091676354408264
-0.12600195407867432
-0.29048502445220947
-0.46772822737693787
-0.16787213087081909
-0.12529882788658142
-0.36203429102897644
-0.35502815246582031
-0.051933892071247101
0.061817191541194916
-0.49706250429153442
-0.34080100059509277
-0.080674022436141968
-0.31931033730506897
-0.2907642126083374
-0.10621713846921921
0.038912825286388397
-0.065740346908569336
-0.51834934949874878
-0.062058158218860626
0.083017542958259583
-0.32990822196006775
-0.65223991870880127
-0.51895284652709961
-0.15557926893234253
-0.2093220055103302
