5.4577689170837402
2.6626927852630615
-2.9736044406890869
-3.7259933948516846
-1.3390741348266602
2.0598554611206055
4.80865478515625
-3.9066312313079834
4.7411847114562988
1.4541516304016113
1.5036119222640991
-2.2519330978393555
-1.8043071031570435
6.6135349273681641
-1.8699640035629272
-2.0359506607055664
-2.1604101657867432
-4.2751865386962891
-1.8544679880142212
4.0111231803894043
4.1972694396972656
4.3740725517272949
0.34138146042823792
-3.4731929302215576
1.9602504968643188
-1.9328980445861816
-4.7748255729675293
-3.4021742343902588
-2.5304358005523682
4.9471015930175781
-2.0724272727966309
8.1952838897705078
4.1661295890808105
0.53770214319229126
1.9586997032165527
-2.5412862300872803
0.056991729885339737
4.9003176689147949
-1.0062054395675659
6.1299734115600586
4.9689664840698242
-3.6852662563323975
3.6015453338623047
-4.0873579978942871
5.481870174407959
-2.3770318031311035
-4.8795490264892578
4.8949790000915527
2.8303718566894531
1.0651209354400635
-4.5419425964355469
2.9960153102874756
3.5518665313720703
-4.1721463203430176
-7.7988758087158203
-3.4945294857025146
-2.7278368473052979
-3.177588939666748
2.6114962100982666
-3.273268461227417
1.9382439851760864
1.8104251623153687
5.5048527717590332
0.051147811114788055
-0.39045616984367371
0.5362241268157959
6.7086453437805176
4.9189701080322266
-2.339698314666748
-5.9411349296569824
-0.223537877202034
0.15938578546047211
-0.22131772339344025
3.2480080127716064
3.1061289310455322
3.2238795757293701
-8.3132534027099609
0.7432708740234375
-3.3014342784881592
4.3701972961425781
-0.083900511264801025
-5.7297677993774414
1.5283181667327881
-6.7857527732849121
-1.90742027759552
-1.5245046615600586
-1.2755585908889771
-5.2084851264953613
-5.7289605140686035
2.5162131786346436
0.75799494981765747
-3.4937400817871094
-4.8892955780029297
-0.22758106887340546
-3.0866007804870605
-1.1963869333267212
7.2176661491394043
5.5251035690307617
-6.7652192115783691
3.6268467903137207
7.1630072593688965
5.3333477973937988
5.1726012229919434
-2.4339666366577148
-5.0387101173400879
0.59188073873519897
0.16744105517864227
-3.1777548789978027
-2.0191285610198975
0.2119419276714325
-2.3258764743804932
2.428992748260498
-1.7483999729156494
-4.0105223655700684
-2.9142189025878906
1.2479124069213867
2.5994296073913574
-4.2099995613098145
4.612968921661377
0.60534054040908813
