-6.168546199798584
3.0294296741485596
-1.1342754364013672
-0.36897268891334534
1.3327810764312744
6.4295511245727539
5.3916077613830566
-0.34511327743530273
0.69676327705383301
8.7785100936889648
5.2689599990844727
0.67193114757537842
-2.9223127365112305
1.9336469173431396
5.1913094520568848
3.0734982490539551
7.7824592590332031
-4.8242397308349609
2.1309630870819092
6.5634632110595703
-3.9715044498443604
8.6118783950805664
-4.5358343124389648
-8.4395227432250977
4.6712260246276855
13.510812759399414
-2.7679591178894043
-0.83684265613555908
1.4441747665405273
-3.738802433013916
6.142122745513916
-5.924069881439209
-1.7375967502593994
-6.3556170463562012
0.15106341242790222
-4.1133661270141602
-4.5763463973999023
5.818819522857666
2.7246904373168945
0.73254328966140747
6.7493524551391602
-5.8884191513061523
-6.1979365348815918
-2.8641045093536377
1.7074170112609863
0.050780300050973892
1.1472299098968506
6.0370922088623047
-0.26651668548583984
11.81340217590332
0.91421431303024292
-0.67354810237884521
-1.4683225154876709
-1.8490927219390869
-2.5311875343322754
-3.3240180015563965
0.31382590532302856
5.4700770378112793
1.8248515129089355
2.3084433078765869
0.47626781463623047
6.9041538238525391
5.6541762351989746
3.7700843811035156
-1.662630558013916
-3.4352142810821533
-2.0591373443603516
7.292485237121582
5.3657493591308594
-6.672637939453125
-5.5704970359802246
2.3324213027954102
2.7069902420043945
6.7649111747741699
-4.3814563751220703
-2.8772847652435303
8.1159753799438477
6.4003143310546875
9.8117437362670898
3.3372833728790283
-3.0771939754486084
-4.4265751838684082
-4.6526908874511719
-0.59048902988433838
