0
0
0
0
0
0
0
0
0
0
0
0
0
0
0
0
0
0
0
0
0
0
0
0
0
0
0
0
0
0
0
0
0
0
0
0
0
0
0
0
0
0
0
0
0
0
0
0
0
0
0
0
0
0
0
0
0
0
0
0
0
0
0
0
0
0
0
0
0
0
0
0
0
0
0
0
0
0
0
0
0
0
0
0
0
0
0
0
0
0
0
0
0
0
0
0
0
0
0
0
0
0
0
0
0
0
0
0
0
0
0
0
0
0
0
0
0
0
0
0
0
0
0
0
0
0
0
0
0
0
0
0
0
0
0
0
0
0
0
0
0
0
0
0
0
0
0
0
0
0
0
0
0
0
0
0
0
0
0
0
0
0
0
0
0
0
0
0
0
0
0
0
0
0
0
0
0
0
0
0
0
0
0
0
0
0
0
0
0
0
0
0
0
0
0
0
0
0
0
0
0
0
0.32941177487373352
0.72549021244049072
0.62352943420410156
0.59215688705444336
0.23529411852359772
0.14117647707462311
0
0
0
0
0
0
0
0
0
0
0
0
0
0
0
0
0
0
0
0
0
0
0.87058824300765991
0.99607843160629272
0.99607843160629272
0.99607843160629272
0.99607843160629272
0.94509804248809814
0.7764706015586853
0.7764706015586853
0.7764706015586853
0.7764706015586853
0.7764706015586853
0.7764706015586853
0.7764706015586853
0.7764706015586853
0.66666668653488159
0.20392157137393951
0
0
0
0
0
0
0
0
0
0
0
0
0.26274511218070984
0.44705882668495178
0.28235295414924622
0.44705882668495178
0.63921570777893066
0.89019608497619629
0.99607843160629272
0.88235294818878174
0.99607843160629272
0.99607843160629272
0.99607843160629272
0.98039215803146362
0.89803922176361084
0.99607843160629272
0.99607843160629272
0.54901963472366333
0
0
0
0
0
0
0
0
0
0
0
0
0
0
0
0
0
0.066666670143604279
0.25882354378700256
0.054901961237192154
0.26274511218070984
0.26274511218070984
0.26274511218070984
0.23137255012989044
0.08235294371843338
0.92549020051956177
0.99607843160629272
0.41568627953529358
0
0
0
0
0
0
0
0
0
0
0
0
0
0
0
0
0
0
0
0
0
0
0
0
0.32549020648002625
0.99215686321258545
0.81960785388946533
0.070588238537311554
0
0
0
0
0
0
0
0
0
0
0
0
0
0
0
0
0
0
0
0
0
0
0
0.086274512112140656
0.91372549533843994
1
0.32549020648002625
0
0
0
0
0
0
0
0
0
0
0
0
0
0
0
0
0
0
0
0
0
0
0
0
0.5058823823928833
0.99607843160629272
0.93333333730697632
0.17254902422428131
0
0
0
0
0
0
0
0
0
0
0
0
0
0
0
0
0
0
0
0
0
0
0
0.23137255012989044
0.97647058963775635
0.99607843160629272
0.24313725531101227
0
0
0
0
0
0
0
0
0
0
0
0
0
0
0
0
0
0
0
0
0
0
0
0
0.5215686559677124
0.99607843160629272
0.73333334922790527
0.019607843831181526
0
0
0
0
0
0
0
0
0
0
0
0
0
0
0
0
0
0
0
0
0
0
0
0.035294119268655777
0.80392158031463623
0.97254902124404907
0.22745098173618317
0
0
0
0
0
0
0
0
0
0
0
0
0
0
0
0
0
0
0
0
0
0
0
0
0.49411764740943909
0.99607843160629272
0.7137255072593689
0
0
0
0
0
0
0
0
0
0
0
0
0
0
0
0
0
0
0
0
0
0
0
0
0.29411765933036804
0.9843137264251709
0.94117647409439087
0.22352941334247589
0
0
0
0
0
0
0
0
0
0
0
0
0
0
0
0
0
0
0
0
0
0
0
0.074509806931018829
0.86666667461395264
0.99607843160629272
0.65098041296005249
0
0
0
0
0
0
0
0
0
0
0
0
0
0
0
0
0
0
0
0
0
0
0
0.011764706112444401
0.79607844352722168
0.99607843160629272
0.85882353782653809
0.13725490868091583
0
0
0
0
0
0
0
0
0
0
0
0
0
0
0
0
0
0
0
0
0
0
0
0.14901961386203766
0.99607843160629272
0.99607843160629272
0.30196079611778259
0
0
0
0
0
0
0
0
0
0
0
0
0
0
0
0
0
0
0
0
0
0
0
0.12156862765550613
0.87843137979507446
0.99607843160629272
0.45098039507865906
0.0039215688593685627
0
0
0
0
0
0
0
0
0
0
0
0
0
0
0
0
0
0
0
0
0
0
0
0.5215686559677124
0.99607843160629272
0.99607843160629272
0.20392157137393951
0
0
0
0
0
0
0
0
0
0
0
0
0
0
0
0
0
0
0
0
0
0
0
0.23921568691730499
0.94901961088180542
0.99607843160629272
0.99607843160629272
0.20392157137393951
0
0
0
0
0
0
0
0
0
0
0
0
0
0
0
0
0
0
0
0
0
0
0
0.47450980544090271
0.99607843160629272
0.99607843160629272
0.85882353782653809
0.15686275064945221
0
0
0
0
0
0
0
0
0
0
0
0
0
0
0
0
0
0
0
0
0
0
0
0.47450980544090271
0.99607843160629272
0.81176471710205078
0.070588238537311554
0
0
0
0
0
0
0
0
0
0
0
0
0
0
0
0
0
0
0
0
0
0
0
0
0
0
0
0
0
0
0
0
0
0
0
0
0
0
0
0
0
0
