0
0
0
0
0
0
0
0
0
0
0
0
0
0.0011990930652245879
0.032898217439651489
0.18884347379207611
0.15590293705463409
0.052585218101739883
0
0
0
0
0
0
0
0
0
0
0.068447411060333252
0.20414286851882935
0.20518670976161957
0.20518670976161957
0.20513056218624115
0.20898410677909851
0.13937477767467499
0
0
0.29873660206794739
0.67191857099533081
0.56605035066604614
0.10552228987216949
0
0
0
0
0
0
0
0
0.42829576134681702
1.068044900894165
1.4415805339813232
1.4615719318389893
1.3687646389007568
1.2966102361679077
1.1656656265258789
0.8580164909362793
0.42728015780448914
0.089798852801322937
0
0
0
0
0.012034484185278416
0.070585519075393677
0.22368557751178741
0.24007187783718109
0.082317188382148743
0.17064392566680908
0.033287707716226578
0.19327914714813232
0
0
0
0
0
0
0.00012847426114603877
0
0.13854968547821045
0.032639883458614349
0.29868674278259277
0.077677525579929352
0
0
0
0
0
0.0002712234272621572
0.0010706188622862101
0
0.17410774528980255
0.13547532260417938
0.21432438492774963
0
0
0
0
0
0
4.2824751290027052e-05
0
0.00056342943571507931
0
0.20303712785243988
0.06343483179807663
0
0
0
0
0
0.00044252243242226541
0
0.048077903687953949
0.051581140607595444
0.33759665489196777
0.23637749254703522
0
0
0
0
0
0
0.00087076995987445116
0
0.03929060697555542
0.2150939404964447
0.37277474999427795
0.038279641419649124
0
0
0
0
0
0
0
0
0
0
0.0010937040206044912
0
0
0
0
0
0
0
0
0
0
0
0
0
0
0
0
0
0
0
0
0
0.016804665327072144
0
0
0
0
0
0
0
0
0
0
0
0
0
0
0
0
0.10085025429725647
0
0
0.87097352743148804
1.5890798568725586
1.7764971256256104
1.2050611972808838
0.92302209138870239
0.87061601877212524
0.83958685398101807
0
0.2275996208190918
0.55596661567687988
0
0
0.81455236673355103
1.5570657253265381
1.8200801610946655
1.9114137887954712
1.9716281890869141
2.056492805480957
1.7555155754089355
0.51893037557601929
1.1646938323974609
0.66503286361694336
0
0
0
0
0.021659646183252335
0.12627342343330383
0.26566025614738464
0.20531782507896423
0
1.075340747833252
1.3856110572814941
0.32404646277427673
0
0
0
0
0
0
0
0
0.45826151967048645
1.4444876909255981
1.034946084022522
0.0083751827478408813
0
0
0
0
0
0
0
0
1.071947455406189
1.3053592443466187
0.1957838237285614
0
0
0
0
0
0
0
0
0.77695399522781372
1.3481634855270386
0.9253079891204834
0
0
0
0
0
0
0
0
0.056776456534862518
1.6625925302505493
1.4687788486480713
0.15656496584415436
0
0
0
0
0
0
0
0
0.49533921480178833
1.3310596942901611
0.62650454044342041
0
0
0
0
0
0
0
0
1.0058008432388306
1.4809478521347046
1.0266129970550537
0.070109590888023376
0
0
0
0
0
0
0
0
0
0
0
0
0
0
0
0
0
0
0
0.18706411123275757
0.23123745620250702
0.085643306374549866
0
0
0
0
0
0
0
0.59131580591201782
1.426872730255127
1.5784595012664795
1.1510933637619019
0.94818079471588135
0.89499247074127197
0.93117249011993408
0.90620255470275879
0.70767945051193237
0.42992687225341797
0
0
0.68143653869628906
1.3645893335342407
1.6801080703735352
1.7618680000305176
1.8732404708862305
1.8499211072921753
1.8973894119262695
1.7233346700668335
1.607530951499939
0.65450596809387207
0
0
0.023254739120602608
0.1012275293469429
0.32891333103179932
0.53550279140472412
0.59146249294281006
0.62661808729171753
0.7743726372718811
1.7396863698959351
1.7282441854476929
0.48006036877632141
0
0
0
0
0.0009588241227902472
0.00088558648712933064
0.01810569129884243
0.19977280497550964
1.3346209526062012
1.6671037673950195
1.1171133518218994
0.22360600531101227
0
0
0
0
0
0
0
0.57437747716903687
1.51654052734375
1.5326812267303467
0.55940794944763184
0.046138405799865723
0
0
0
0
0
0
0.16650214791297913
1.3746774196624756
1.6096364259719849
0.95563364028930664
0.18792194128036499
0
0
0
0
0
0
0.065752111375331879
0.96720904111862183
1.7446271181106567
1.4987896680831909
0.46968218684196472
0.041657090187072754
0
0
0
0
0
0
0.43126440048217773
1.6448112726211548
1.7901452779769897
0.67965102195739746
0.16212517023086548
0
0
0
0
0
0
0.20478162169456482
1.3795517683029175
1.7616982460021973
1.3398540019989014
0.33010774850845337
0.025137899443507195
0
0
0
0
0
0
0.71750795841217041
1.6551874876022339
1.987230658531189
1.0872629880905151
0.1165853813290596
0
0
0
0
0
0
0
0
0
0
0
0
0
0
0
0
0
0.070281639695167542
0.14847344160079956
0.0016006529331207275
0
0
0
0
0
0
0
0
0
0.11710019409656525
0.1449722945690155
0.33647817373275757
0.27869150042533875
0.084440000355243683
0
0
0
0
0
0
0
0
0.3606184720993042
0.26312625408172607
0.14191934466362
0.1354072242975235
0.15216398239135742
0.25504052639007568
0.44603246450424194
0.54098618030548096
0
0
0
0.069137200713157654
0.35868477821350098
0.17438212037086487
0.3227522075176239
0.23589450120925903
0.34815359115600586
0.41349178552627563
0.93054389953613281
0.75856411457061768
0
0
0
0
0
0.010699795559048653
0.038041569292545319
0.076361194252967834
0.13008594512939453
0
1.0234628915786743
0.22571131587028503
0.015693541616201401
0
0
0
0
0
0
0.066442884504795074
0.015952162444591522
1.0640709400177002
1.0394796133041382
0.0083360718563199043
0.01078704372048378
0
0
0
0
0
0.01001848466694355
0.11040091514587402
0.014010731130838394
0.93564534187316895
0.17357312142848969
0.012340638786554337
0
0
0
0
0
0
0.10607530921697617
0
1.0217543840408325
0.94681370258331299
0.012023288756608963
0.014219284057617188
0
0
0
0
0
0.070144936442375183
0.1035289391875267
0.60205161571502686
1.0490849018096924
0.15501725673675537
0.020681580528616905
0
0
0
0
0
0
0.063832506537437439
0.066885307431221008
1.1633143424987793
0.4591681957244873
0.018305469304323196
0.0085806027054786682
0
0
0
0
0
0
0
0.47211533784866333
1.048201322555542
0.10846070945262909
0.00024516007397323847
0
0
0
0
0
0
0
0
0
0
0
0
0
0
0
0
0
0.21173045039176941
0.27558344602584839
0.2994353175163269
0.15319472551345825
0.034546598792076111
0
0
0
0
0
0
0
0.42116463184356689
1.0879896879196167
1.4685937166213989
1.4434142112731934
1.3604522943496704
1.3062031269073486
1.2912430763244629
1.3284578323364258
0.89223551750183105
0.34634241461753845
0
0
0.60404676198959351
1.0524507761001587
0.89955431222915649
1.0373165607452393
1.2717750072479248
1.3047361373901367
1.381665825843811
1.619254469871521
1.2835772037506104
0.43418246507644653
0
0
0.4686637818813324
0.6973954439163208
0.70779204368591309
0.86599361896514893
0.84878432750701904
0.8927120566368103
1.1873800754547119
2.0235292911529541
1.3269064426422119
0
0
0
0
0
0.0089501803740859032
0.06897851824760437
0.10182999074459076
0.28842031955718994
1.7532721757888794
2.0874123573303223
0.857948899269104
0
0
0
0
0
0
0
0.082404963672161102
0.78731560707092285
2.0809257030487061
1.8856571912765503
0
0
0
0
0
0
0
0.013006167486310005
0.37166830897331238
1.7841916084289551
2.0716965198516846
0.62518924474716187
0
0
0
0
0
0
0
0.13387930393218994
1.1049615144729614
2.126645565032959
1.7885539531707764
0
0
0
0
0
0
0
0.07779424637556076
0.69838321208953857
2.1788301467895508
2.1307318210601807
0.4080888032913208
0
0
0
0
0
0
0
0.27242976427078247
1.8301172256469727
2.5356392860412598
1.3072609901428223
0
0
0
0
0
0
0
0
0.41486647725105286
2.1433873176574707
2.2670178413391113
0.30767807364463806
0
0
0
0
0
0
0
0
0
0
0
0
0
0
0
0
0
0
0.22201284766197205
0.29565635323524475
0.1625455915927887
0
0
0
0
0
0
0
0
0
0.63444817066192627
0.6501043438911438
0.26998943090438843
0.053995609283447266
0.22926889359951019
0.28684365749359131
0.28684365749359131
0.26136898994445801
0.0042089186608791351
0
0
0
0.76913285255432129
0.81010717153549194
0.49228686094284058
0.31723615527153015
0
0
0.09076613187789917
0.41862204670906067
0
0
0
0
0.46309542655944824
0.70467877388000488
0.72587877511978149
0.82801705598831177
0.6118016242980957
0.6953921914100647
1.67243492603302
1.6859200000762939
0
0
0
0
0
0
0.011060146614909172
0.069137334823608398
0.12914510071277618
0.5374758243560791
1.507759690284729
0.99949324131011963
0
0
0
0
0
0
0
0
0.11496072262525558
1.3442339897155762
1.4692633152008057
0
0
0
0
0
0
0
0
0.017286380752921104
0.59846591949462891
1.4877392053604126
0.95094174146652222
0
0
0
0
0
0
0
0
0.28466510772705078
1.3616805076599121
1.3529385328292847
0
0
0
0
0
0
0
0
0.12212319672107697
1.1897315979003906
1.4732246398925781
0.32491797208786011
0
0
0
0
0
0
0
0
0.54562878608703613
1.5968226194381714
1.2766299247741699
0
0
0
0
0
0
0
0
0
0.9016338586807251
1.5820788145065308
0.35512405633926392
0
0
0
0
0
0
