0
0
0.75320470333099365
0.072089165449142456
0
0
1.6596879959106445
0
0.19363933801651001
1.4596192836761475
0.66285264492034912
0.24717576801776886
0.96047377586364746
2.4041316509246826
0
0.5547446608543396
3.8065352439880371
3.933459997177124
3.671363353729248
3.2329421043395996
0
0
0.68694305419921875
2.090071439743042
0
0.4969535768032074
0.49252024292945862
0.4867900013923645
0.12234601378440857
0.85700196027755737
0.79353797435760498
0
4.4332842826843262
4.4580583572387695
2.4186484813690186
0
3.4472458362579346
4.0132050514221191
2.7975668907165527
0
0
0
0
0
0
0
0
0.3521190881729126
0.27971014380455017
0
0.024047255516052246
1.1415925025939941
0
0
0
1.1440445184707642
0
0.10148274898529053
3.090914249420166
0
0
3.504194974899292
3.4809062480926514
0
0.2273467481136322
0.32555744051933289
0.18306860327720642
0.9826776385307312
0
0.11384443938732147
1.3976576328277588
2.5947494506835938
0.39455345273017883
0
1.5770109891891479
1.1462424993515015
0
0.93297004699707031
1.4845638275146484
1.125212550163269
1.6800638437271118
1.2474521398544312
0.87116515636444092
0.28067061305046082
2.3203651905059814
1.0125645399093628
0.64427345991134644
2.071007251739502
0
0
1.847197413444519
2.982792854309082
0
0
3.2000365257263184
1.324735164642334
0.076818220317363739
0.13336920738220215
0.30231016874313354
0.87310534715652466
0.11665340512990952
0
3.4658002853393555
1.1253982782363892
0
3.0922625064849854
4.3656997680664062
0
0.74548161029815674
4.3784685134887695
2.3510727882385254
0.29085412621498108
3.7365977764129639
3.0112929344177246
2.9199104309082031
2.0964944362640381
0
0.54073125123977661
0.92612737417221069
1.2209000587463379
0.059474699199199677
0
0
0
0.071135424077510834
0.096901550889015198
0
0.055255357176065445
0
0
0.082561135292053223
0
0
0
0.48089814186096191
0
0.68569034337997437
1.2960846424102783
0.65723943710327148
2.9115533828735352
1.0732922554016113
0.91573613882064819
1.340485692024231
2.9019591808319092
0
0
0
0.18919119238853455
0
0
0.1047770231962204
1.2640860080718994
0.078732997179031372
0.64831173419952393
1.9204001426696777
1.9031344652175903
0.58808469772338867
1.9628396034240723
2.5627858638763428
0.57738369703292847
0
0
0
0
0
0
0
0
0.90870845317840576
1.897102952003479
0
1.4057794809341431
1.8893986940383911
1.7906491756439209
0
2.2267706394195557
3.9695117473602295
4.403846263885498
3.7321674823760986
2.9089884757995605
0.48004001379013062
0
0
0.54048067331314087
0.29465293884277344
1.1370095014572144
0.49278533458709717
0.21293629705905914
1.0362424850463867
1.0291827917098999
0
0.070891812443733215
0
0
0
2.3384823799133301
1.5028671026229858
1.4146870374679565
0
4.289146900177002
0.27821800112724304
0
3.4708797931671143
3.8066713809967041
0.0052430108189582825
0
4.3949737548828125
2.0830943584442139
1.0434941053390503
1.1736853122711182
0.74198156595230103
2.8893575668334961
0
0
0
2.6010894775390625
0
0
0
0.65878856182098389
0
0
0.17703483998775482
0.59552401304244995
1.0175925493240356
0.42605230212211609
0
0
0.75438404083251953
0.032759606838226318
1.3431330919265747
3.1617848873138428
0
0
3.1236646175384521
2.7148137092590332
0
2.087144136428833
3.1606667041778564
0.25075870752334595
3.7213153839111328
3.8062562942504883
3.073955774307251
2.2017104625701904
0.66836214065551758
0.12676675617694855
0.80588847398757935
0.28049775958061218
0
0.36682721972465515
0.31900304555892944
0.061817191541194916
0
0.083017542958259583
0
0.038912825286388397
