0
3.0294296741485596
0
0
1.3327810764312744
6.4295511245727539
5.3916077613830566
0
0.69676327705383301
8.7785100936889648
5.2689599990844727
0.67193114757537842
0
1.9336469173431396
5.1913094520568848
3.0734982490539551
7.7824592590332031
0
2.1309630870819092
6.5634632110595703
0
8.6118783950805664
0
0
4.6712260246276855
13.510812759399414
0
0
1.4441747665405273
0
6.142122745513916
0
0
0
0.15106341242790222
0
0
5.818819522857666
2.7246904373168945
0.73254328966140747
6.7493524551391602
0
0
0
1.7074170112609863
0.050780300050973892
1.1472299098968506
6.0370922088623047
0
11.81340217590332
0.91421431303024292
0
0
0
0
0
0.31382590532302856
5.4700770378112793
1.8248515129089355
2.3084433078765869
0.47626781463623047
6.9041538238525391
5.6541762351989746
3.7700843811035156
0
0
0
7.292485237121582
5.3657493591308594
0
0
2.3324213027954102
2.7069902420043945
6.7649111747741699
0
0
8.1159753799438477
6.4003143310546875
9.8117437362670898
3.3372833728790283
0
0
0
0
