0
0
0
0
0
0
0
0
0
0
0
0
0
0
0
0
0
0
0
0
0
0
0
0
0
0
0
0
0
0
0
0
0
0
0
0
0
0
0
0
0
0
0
0
0
0
0
0
0
0
0
0
0
0
0
0
0
0
0
0
0
0
0
0
0
0
0
0
0
0
0
0
0
0
0.0011990930652245879
0
0.00072255777195096016
0.032898217439651489
0.11186151951551437
0.18884347379207611
0.15590293705463409
0.13153353333473206
0.052585218101739883
0.027396725490689278
0
0
0
0
0
0
0
0
0
0
0
0
0
0
0
0
0
0
0
0
0
0.068447411060333252
0.18152071535587311
0.20414286851882935
0.20518670976161957
0.20518670976161957
0.20518670976161957
0.20518670976161957
0.20478701591491699
0.20513056218624115
0.20898410677909851
0.19071570038795471
0.13937477767467499
0.039573047310113907
0
0
0
0
0
0
0
0
0
0
0
0
0
0
0
0
0
0
0
0
0
0
0.034371495246887207
0.057767253369092941
0
0
0
0
0
0
0
0
0
0
0
0
0
0
0
0
0
0
0
0
0
0
0
0
0
0
0
0
0.1220049262046814
0.29873660206794739
0.49241727590560913
0.67191857099533081
0.56605035066604614
0.38239014148712158
0.10552228987216949
0
0
0
0
0
0
0
0
0
0
0
0
0
0
0
0
0
0.18788829445838928
0.42829576134681702
0.66123092174530029
1.068044900894165
1.3774770498275757
1.4415805339813232
1.4615719318389893
1.4400277137756348
1.3687646389007568
1.1877889633178711
1.0707340240478516
1.1234345436096191
1.0211650133132935
0.87109500169754028
0.65521454811096191
0.4312206506729126
0.21121090650558472
0
0
0
0
0
0
0
0.047430027276277542
0.12941506505012512
0.18386280536651611
0.31813099980354309
0.49542903900146484
0.60422974824905396
0.75449711084365845
0.93187469244003296
1.1331179141998291
1.2548516988754272
1.2579883337020874
1.2966102361679077
1.1656656265258789
1.0294835567474365
0.8580164909362793
0.76318216323852539
0.42728015780448914
0.055667325854301453
0.01932162418961525
0.089798852801322937
0
0
0
0
0
0
0
0
0
0.012034484185278416
0.059082191437482834
0.070585519075393677
0.13224174082279205
0.22368557751178741
0.24007187783718109
0.21254618465900421
0.082317188382148743
0.044536788016557693
0.17064392566680908
0.072755403816699982
0
0
0.19327914714813232
0.11057356745004654
0
0
0
0
0
0
0
0
0
0
0
0
0
0
0
0
0
0
0
0
0
0.033287707716226578
0.1530989408493042
0.01968667283654213
0
0
0
0
0
0
0
0
0
0
0
0
0
0.00012847426114603877
0
0
0
0
0
0
0.08772885799407959
0.23549312353134155
0.077677525579929352
0
0
0
0
0
0
0
0
0
0
0
0
0
0
0
0
0
0
0.13854968547821045
0.032639883458614349
0
0.22486111521720886
0.29868674278259277
0.04812297597527504
0
0
0
0
0
0
0
0
0
0
0
0
0
0.0010706188622862101
0
0
0
0.15459974110126495
0.17410774528980255
0.0070068938657641411
0.066742748022079468
0.21432438492774963
0.066321022808551788
0
0
0
0
0
0
0
0
0
0
0
0
0
0.0002712234272621572
0
0
0
0
0.060694325715303421
0
0
0.13547532260417938
0.19471670687198639
0.0054685198701918125
0
0
0
0
0
0
0
0
0
0
0
0
4.2824751290027052e-05
0
0
0
0
0.00056342943571507931
0
0
0.015333935618400574
0.20303712785243988
0.06343483179807663
0
0
0
0
0
0
0
0
0
0
0
0
0
0
0
0
0
0
0
0
0
0.17512901127338409
0.18208378553390503
0
0
0
0
0
0
0
0
0
0
0
0
0
0.00044252243242226541
0
0
0
0
0
0
0
0.16713844239711761
0.23637749254703522
0.062341127544641495
0
0
0
0
0
0
0
0
0
0
0
0
0
0
0
0
0
0.048077903687953949
0.051581140607595444
0
0.16952313482761383
0.33759665489196777
0.17113448679447174
0
0
0
0
0
0
0
0
0
0
0
0
0
0.00087076995987445116
0
0
0
0
0.03929060697555542
0.018400292843580246
0.2150939404964447
0.37277474999427795
0.26706665754318237
0.038279641419649124
0
0
0
0
0
0
0
0
0
0
0
0
0
0
0
0
0
0
0
0
0.085703596472740173
0.248792365193367
0.083917483687400818
0
0
0
0
0
0
0
0
0
0
0
0
0
0
0
0
0
0
0
0
0
0
0
0.0010937040206044912
0
0
0
0
0
0
0
0
0
0
0
0
0
0
0
0
0
0
0
0
0
0
0
0
0
0
0
0
0
0
0
0
0
0
0
0
0
0
0
0
0
0
0
0
0
0
0
0
0
0
0
0
0
0
0
0
0
0
0
0
0
0
0
0
0
0
0
0
0
0
0
0
0
0
0
0
0
0
0
0
0
0
0
0
0
0
0
0
0
0
0
0
0
0
0
0
0
0
0
0
0
0
0
0
0
0
0
0
0
0
0
0
0
0
0
0.016804665327072144
0
0
0
0
0
0
0
0
0
0
0
0
0
0
0
0
0
0
0
0
0
0
0
0
0
0
0
0
0
0
0
0
0.0083118677139282227
0.024273404851555824
0
0
0
0
0
0
0
0
0
0
0
0
0
0
0
0
0
0
0
0
0
0
0.00089168548583984375
0.10085025429725647
0
0
0
0
0
0
0.14298251271247864
0.1607649177312851
0.26952779293060303
0.097341105341911316
0
0
0
0
0
0
0
0
0
0
0
0
0.16908858716487885
0.18344360589981079
0
0
0
0
0.28226304054260254
0.87097352743148804
1.2762222290039062
1.5890798568725586
1.7764971256256104
1.559689998626709
1.2050611972808838
0.98066246509552002
0.92302209138870239
0.84117013216018677
0.87061601877212524
0.7863534688949585
0.83958685398101807
0.39010652899742126
0
0
0
0.2275996208190918
0.55596661567687988
0.23296971619129181
0
0
0
0
0.33991074562072754
0.81455236673355103
1.2178395986557007
1.5570657253265381
1.6703863143920898
1.8200801610946655
1.8629641532897949
1.9114137887954712
1.9157655239105225
1.9716281890869141
2.056492805480957
1.9944092035293579
1.7555155754089355
1.0100287199020386
0.43743148446083069
0.3151170015335083
0.52596151828765869
0.85927098989486694
0.66503286361694336
0.2014092355966568
0
0
0
0
0.085364483296871185
0.23314553499221802
0.32740622758865356
0.46860861778259277
0.56334590911865234
0.70732510089874268
1.0247504711151123
1.1898931264877319
1.2838751077651978
1.3775357007980347
1.4259250164031982
1.3091675043106079
0.68596780300140381
0.03512081503868103
0.14244049787521362
0.51893037557601929
0.91938972473144531
1.1646938323974609
0.58587294816970825
0.05727207288146019
0
0
0
0
0
0
0
0
0
0.021659646183252335
0.1063929945230484
0.12627342343330383
0.20946195721626282
0.26566025614738464
0.20531782507896423
0
0
0
0
0.70657336711883545
1.2956138849258423
1.0444773435592651
0.32404646277427673
0
0
0
0
0
0
0
0
0
0
0
0
0
0
0
0
0
0
0
0.3172982931137085
1.075340747833252
1.3856110572814941
0.68058383464813232
0.04959535226225853
0
0
0
0
0
0
0
0
0
0
0
0
0
0
0
0
0
0
0.013971246778964996
0.90642505884170532
1.4444876909255981
1.034946084022522
0.29048216342926025
0.0083751827478408813
0
0
0
0
0
0
0
0
0
0
0
0
0
0
0
0
0
0
0.45826151967048645
1.2022771835327148
1.4272146224975586
0.68946969509124756
0.021530501544475555
0
0
0
0
0
0
0
0
0
0
0
0
0
0
0
0
0
0
0.023106291890144348
0.82779514789581299
1.3053592443466187
0.95255136489868164
0.1957838237285614
0
0
0
0
0
0
0
0
0
0
0
0
0
0
0
0
0
0
0
0.42594808340072632
1.071947455406189
1.248719334602356
0.56405258178710938
0
0
0
0
0
0
0
0
0
0
0
0
0
0
0
0
0
0
0
0
0.8817560076713562
1.3063689470291138
0.9253079891204834
0.18588981032371521
0
0
0
0
0
0
0
0
0
0
0
0
0
0
0
0
0
0
0
0.77695399522781372
1.3481634855270386
1.2368290424346924
0.51674771308898926
0
0
0
0
0
0
0
0
0
0
0
0
0
0
0
0
0
0
0
0.55301362276077271
1.4209868907928467
1.4687788486480713
0.79308772087097168
0.15656496584415436
0
0
0
0
0
0
0
0
0
0
0
0
0
0
0
0
0
0
0.056776456534862518
1.1168726682662964
1.6625925302505493
1.0869213342666626
0.37997022271156311
0
0
0
0
0
0
0
0
0
0
0
0
0
0
0
0
0
0
0
0.49533921480178833
1.1638436317443848
1.3310596942901611
0.62650454044342041
0.029146304354071617
0
0
0
0
0
0
0
0
0
0
0
0
0
0
0
0
0
0
0
0.4906977117061615
1.0341838598251343
0.97063678503036499
0.19479499757289886
0
0
0
0
0
0
0
0
0
0
0
0
0
0
0
0
0
0
0
0.22830429673194885
1.0233148336410522
1.0266129970550537
0.6239464282989502
0.070109590888023376
0
0
0
0
0
0
0
0
0
0
0
0
0
0
0
0
0
0.38730669021606445
1.0058008432388306
1.4778482913970947
1.4809478521347046
1.0131055116653442
0.40391737222671509
0.057730197906494141
0
0
0
0
0
0
0
0
0
0
0
0
0
0
0
0
0
0
0
0
0
0
0
0
0
0
0
0
0
0
0
0
0
0
0
0
0
0
0
0
0
0
0
0
0
0
0
0
0
0
0
0
0
0
0
0
0
0
0
0
0
0
0
0
0
0
0
0
0
0
0
0
0
0
0
0
0
0
0
0
0
0
0
0
0
0
0
0.072948314249515533
0.18706411123275757
0.23123745620250702
0.16664277017116547
0.085643306374549866
0.03092111274600029
0
0
0
0
0
0
0
0
0
0
0
0
0
0
0
0.040124766528606415
0.078186251223087311
0.43475812673568726
0.65915971994400024
0.56444215774536133
0.4191267192363739
0.29126113653182983
0.22354841232299805
0.13240519165992737
0.089501611888408661
0.089501611888408661
0.089501611888408661
0.089501611888408661
0.10010126233100891
0.1566145122051239
0.24168916046619415
0.30238634347915649
0.19528365135192871
0.044663827866315842
0
0
0
0
0.2124113142490387
0.59131580591201782
1.0336697101593018
1.426872730255127
1.5784595012664795
1.441158652305603
1.1510933637619019
1.0341261625289917
0.93898689746856689
0.94818079471588135
0.89091092348098755
0.89499247074127197
0.92954272031784058
0.93117249011993408
0.90620255470275879
0.79078543186187744
0.70767945051193237
0.63935369253158569
0.42992687225341797
0.12887212634086609
0
0
0
0
0.22135007381439209
0.68143653869628906
1.1228181123733521
1.3645893335342407
1.6528927087783813
1.6801080703735352
1.7618680000305176
1.7553015947341919
1.8043818473815918
1.8732404708862305
1.8209229707717896
1.8499211072921753
1.8973894119262695
1.8309707641601562
1.7233346700668335
1.4048889875411987
1.2482842206954956
1.1075162887573242
0.65450596809387207
0.15733915567398071
0
0
0
0
0.06785815954208374
0.30847099423408508
0.42921137809753418
0.59660625457763672
0.73066753149032593
0.99616318941116333
1.1569721698760986
1.273456335067749
1.3321760892868042
1.4033896923065186
1.4536490440368652
1.4724651575088501
1.4153498411178589
1.4273080825805664
1.5080431699752808
1.5988284349441528
1.607530951499939
1.2725318670272827
0.56539535522460938
0.13309106230735779
0
0
0
0
0.01673208549618721
0.023254739120602608
0.04602433368563652
0.1012275293469429
0.2903887927532196
0.32891333103179932
0.45920073986053467
0.53550279140472412
0.56629472970962524
0.59146249294281006
0.62661808729171753
0.60632050037384033
0.57648134231567383
0.7743726372718811
1.2085212469100952
1.7188727855682373
1.7282441854476929
1.1731036901473999
0.48006036877632141
0.085270531475543976
0
0
0
0
0.0037788951303809881
0
0
0.0070265410467982292
0.060834184288978577
0.082177132368087769
0.063887178897857666
0.12381785362958908
0.16264010965824127
0.25134760141372681
0.2320624440908432
0.2232336550951004
0.36856603622436523
0.72659152746200562
1.3924503326416016
1.7396863698959351
1.5693645477294922
0.93921393156051636
0.40786823630332947
0.083001956343650818
0
0
0
0
0
0
0
0
0
0.0009588241227902472
0.00088558648712933064
0
0.0043130037374794483
0.01810569129884243
0.019917456433176994
0.014506660401821136
0.35173314809799194
1.0120800733566284
1.6528767347335815
1.6671037673950195
1.1171133518218994
0.60445094108581543
0.22360600531101227
0.070619702339172363
0
0
0
0
0
0
0
0
0
0
0
0
0
0
0
0.19977280497550964
0.64337325096130371
1.3346209526062012
1.6549756526947021
1.3994992971420288
0.74933850765228271
0.40601307153701782
0.16480199992656708
0.012928063049912453
0
0
0
0
0
0
0
0
0
0
0
0
0
0
0.067405909299850464
0.41390854120254517
0.98302018642425537
1.4547369480133057
1.5326812267303467
1.0114037990570068
0.55940794944763184
0.19783477485179901
0.046138405799865723
0
0
0
0
0
0
0
0
0
0
0
0
0
0
0
0.12344104796648026
0.57437747716903687
1.1959877014160156
1.51654052734375
1.2663427591323853
0.69775557518005371
0.34477970004081726
0.16504131257534027
0.031601931899785995
0
0
0
0
0
0
0
0
0
0
0
0
0
0
0
0.26152968406677246
0.89359569549560547
1.4631538391113281
1.4628987312316895
0.95563364028930664
0.53346312046051025
0.18792194128036499
0.042998820543289185
0
0
0
0
0
0
0
0
0
0
0
0
0
0
0
0.16650214791297913
0.61936354637145996
1.3746774196624756
1.6096364259719849
1.2333183288574219
0.6950385570526123
0.32907834649085999
0.11756342649459839
0.0035911286249756813
0
0
0
0
0
0
0
0
0
0
0
0
0
0
0.065565399825572968
0.42911231517791748
1.2734149694442749
1.7446271181106567
1.4987896680831909
0.89032876491546631
0.46968218684196472
0.18139944970607758
0.041657090187072754
0
0
0
0
0
0
0
0
0
0
0
0
0
0
0.065752111375331879
0.372529536485672
0.96720904111862183
1.684052586555481
1.7171216011047363
1.1619290113449097
0.56700778007507324
0.31323257088661194
0.11326169967651367
0
0
0
0
0
0
0
0
0
0
0
0
0
0
0
0.18513131141662598
0.72400599718093872
1.5402442216873169
1.7901452779769897
1.4192676544189453
0.67965102195739746
0.4263099730014801
0.16212517023086548
0.040938865393400192
0
0
0
0
0
0
0
0
0
0
0
0
0
0
0.084163136780261993
0.43126440048217773
1.1746042966842651
1.6448112726211548
1.5396146774291992
0.90892773866653442
0.5246812105178833
0.22779272496700287
0.10850724577903748
0
0
0
0
0
0
0
0
0
0
0
0
0
0
0.010856859385967255
0.30706813931465149
0.87436801195144653
1.5333707332611084
1.575528621673584
1.3398540019989014
0.83207541704177856
0.33010774850845337
0.14165757596492767
0.025137899443507195
0
0
0
0
0
0
0
0
0
0
0
0
0
0.0025909207761287689
0.20478162169456482
0.62706196308135986
1.3795517683029175
1.7616982460021973
1.6244913339614868
1.2111856937408447
0.74936866760253906
0.24934913218021393
0.054997146129608154
0
0
0
0
0
0
0
0
0
0
0
0
0
0
0.094958692789077759
0.43835228681564331
0.99540823698043823
1.6551874876022339
1.987230658531189
1.7727444171905518
1.0872629880905151
0.46710625290870667
0.1165853813290596
0.00071822572499513626
0
0
0
0
0
0
0
0
0
0
0
0
0
0
0.18862894177436829
0.71750795841217041
1.3458601236343384
1.6039217710494995
1.5252569913864136
1.0682897567749023
0.64084869623184204
0.33368366956710815
0.054559625685214996
0
0
0
0
0
0
0
0
0
0
0
0
0
0
0
0
0
0
0
0
0
0
0
0
0
0
0
0
0
0
0
0
0
0
0
0
0
0
0
0
0
0
0
0
0
0
0
0
0
0
0
0
0
0
0
0
0
0
0
0
0
0
0
0
0
0
0
0
0
0
0
0
0
0
0
0
0
0
0
0
0
0
0
0.04429224506020546
0.070281639695167542
0.075606971979141235
0.14847344160079956
0.0016006529331207275
0
0
0
0
0
0
0
0
0
0
0
0
0
0
0
0
0
0
0
0.11710019409656525
0.027834422886371613
0.11497558653354645
0.1449722945690155
0
0
0
0.0035915449261665344
0
0
0
0
0
0
0
0
0
0
0
0
0
0
0
0
0
0
0
0.12260973453521729
0.33647817373275757
0.2834872305393219
0.27869150042533875
0.12522298097610474
0.084440000355243683
0
0
0
0
0
0
0
0
0
0
0
0
0
0
0
0
0
0.022286565974354744
0.3606184720993042
0.26312625408172607
0.15359874069690704
0.14191934466362
0.079593472182750702
0.1354072242975235
0.075865045189857483
0.11860291659832001
0.15216398239135742
0.094886668026447296
0.22412058711051941
0.17249172925949097
0.41022390127182007
0.54098618030548096
0.098306402564048767
0
0
0
0
0
0
0
0
0.30139917135238647
0.35797107219696045
0.014129817485809326
0
0
0.095696598291397095
0.10091032832860947
0.057910524308681488
0.11061114817857742
0.12585067749023438
0.21991708874702454
0.25504052639007568
0.13363879919052124
0.44603246450424194
0.5326572060585022
0.066648371517658234
0
0
0
0
0
0
0.063884995877742767
0.069137200713157654
0.35868477821350098
0.22290758788585663
0.17438212037086487
0.16138865053653717
0.15216773748397827
0.3227522075176239
0.213184654712677
0.15202057361602783
0.15345275402069092
0.27935132384300232
0.41349178552627563
0
0
0.4322790801525116
0.68176233768463135
0.048587996512651443
0
0
0
0
0
0
0.042169779539108276
0.057962134480476379
0.064082242548465729
0.11094994843006134
0.11059048771858215
0.17071713507175446
0.14979413151741028
0.29649531841278076
0.23589450120925903
0.21520316600799561
0.28363132476806641
0.34815359115600586
0.23514224588871002
0
0.014581436291337013
0.93054389953613281
0.75856411457061768
0
0
0
0
0
0
0
0
0
0
0
0
0.010699795559048653
0.038041569292545319
0.0059425635263323784
0.076361194252967834
0.023804150521755219
0.1141725480556488
0.13008594512939453
0
0
0.49268242716789246
1.0234628915786743
0.22571131587028503
0
0
0.015693541616201401
0
0
0
0
0
0
0
0
0
0
0
0
0
0
0.070158973336219788
0
0
0
0.94519710540771484
0.71815681457519531
0.037526071071624756
0
0
0.0044128815643489361
0
0
0
0
0
0
0
0
0
0
0
0
0
0.0047455979511141777
0.015952162444591522
0
0
0.66857045888900757
1.0394796133041382
0.23297558724880219
0
0
0
0
0
0
0
0
0
0
0
0
0
0
0
0
0
0.066442884504795074
0
0
0.12334530055522919
1.0640709400177002
0.55190587043762207
0
0
0.0083360718563199043
0.01078704372048378
0
0
0
0
0
0
0
0
0
0
0
0
0
0.039546649903059006
0.094447202980518341
0
0
0.55319911241531372
0.91569030284881592
0.17357312142848969
0
0
0.012340638786554337
0
0
0
0
0
0
0
0
0
0
0
0
0
0.01001848466694355
0.11040091514587402
0
0
0.014010731130838394
0.93564534187316895
0.60095173120498657
0
0
0.011346347630023956
0.0012258003698661923
0
0
0
0
0
0
0
0
0
0
0
0
0.0015818659448996186
0.10607530921697617
0
0
0
0.53237253427505493
0.94681370258331299
0.15172380208969116
0
0
0.014219284057617188
0
0
0
0
0
0
0
0
0
0
0
0
0
0.020038474351167679
0.091725766658782959
0
0
0.3210982084274292
1.0217543840408325
0.45407611131668091
0
0
0.012023288756608963
0
0
0
0
0
0
0
0
0
0
0
0
0
0.016345947980880737
0.1035289391875267
0
0
0.12128852307796478
0.79766744375228882
0.77153575420379639
0.15501725673675537
0
0
0.013974123634397984
0
0
0
0
0
0
0
0
0
0
0
0
0
0.070144936442375183
0.017373628914356232
0
0
0.60205161571502686
1.0490849018096924
0.18006238341331482
0
0
0.020681580528616905
0
0
0
0
0
0
0
0
0
0
0
0
0
0.03216460719704628
0.060956023633480072
0
0
0.307687908411026
1.1633143424987793
0.4591681957244873
0
0
0
0.0085806027054786682
0
0
0
0
0
0
0
0
0
0
0
0
0
0.063832506537437439
0
0
0.066885307431221008
0.81949323415756226
0.92110919952392578
0.029580585658550262
0
0
0.018305469304323196
0
0
0
0
0
0
0
0
0
0
0
0
0
0
0
0
0
0.30518430471420288
1.048201322555542
0.54442405700683594
0
0
0
0.00024516007397323847
0
0
0
0
0
0
0
0
0
0
0
0
0
0
0
0
0
0.47211533784866333
0.98866176605224609
0.72751933336257935
0.10846070945262909
0
0
0
0
0
0
0
0
0
0
0
0
0
0
0
0
0
0
0
0
0
0
0
0
0
0
0
0
0
0
0
0
0
0
0
0
0
0
0
0
0
0
0
0
0
0
0
0
0
0
0
0
0
0
0
0
0
0
0
0
0
0
0
0
0
0
0
0
0
0
0
0
0
0
0
0
0
0
0
0
0
0
0
0
0
0.057500950992107391
0.21173045039176941
0.27230817079544067
0.27558344602584839
0.2994353175163269
0.18540984392166138
0.15319472551345825
0.053416606038808823
0.034546598792076111
0.0043041380122303963
0
0
0
0
0
0
0
0
0
0
0
0
0
0
0.11606647819280624
0.42116463184356689
0.63168483972549438
0.9402039647102356
1.1321778297424316
1.1099889278411865
0.90444409847259521
0.73110628128051758
0.57705962657928467
0.49730446934700012
0.45391285419464111
0.45391285419464111
0.45391285419464111
0.45391285419464111
0.43474587798118591
0.32560691237449646
0.17845675349235535
0.13811634480953217
0.059863924980163574
0.0062170880846679211
0
0
0
0
0
0.31929698586463928
0.78980278968811035
1.0879896879196167
1.4126089811325073
1.4685937166213989
1.4434142112731934
1.3840864896774292
1.3223787546157837
1.3604522943496704
1.2903579473495483
1.3062031269073486
1.2912430763244629
1.2882233858108521
1.3284578323364258
1.243457555770874
0.89223551750183105
0.55545860528945923
0.34634241461753845
0.071989141404628754
0
0
0
0
0
0.28431010246276855
0.95665889978408813
0.99687200784683228
0.89955431222915649
0.85312902927398682
0.89158618450164795
1.0373165607452393
1.04972243309021
1.2717750072479248
1.289118766784668
1.3047361373901367
1.3119124174118042
1.381665825843811
1.619254469871521
1.5091328620910645
1.2835772037506104
0.7994387149810791
0.43418246507644653
0.15755437314510345
0
0
0
0
0.14246723055839539
0.60404676198959351
1.0524507761001587
1.0459973812103271
0.80806636810302734
0.71019941568374634
0.69442319869995117
0.75730037689208984
0.74675834178924561
0.77391183376312256
0.94186562299728394
0.91532009840011597
1.0330002307891846
1.0719000101089478
1.3562362194061279
1.4813302755355835
1.1552838087081909
0.73319560289382935
0.23494057357311249
0.085602417588233948
0
0
0
0
0.14783628284931183
0.4686637818813324
0.66623198986053467
0.6973954439163208
0.59703880548477173
0.70779204368591309
0.81877124309539795
0.86599361896514893
0.84878432750701904
0.7600446343421936
0.88812541961669922
0.8927120566368103
0.99438285827636719
1.1873800754547119
1.3970603942871094
1.8243803977966309
1.3140989542007446
0.45765888690948486
0
0
0
0
0
0
0.035274241119623184
0.11751158535480499
0.15533015131950378
0.16846838593482971
0.1952379047870636
0.26023882627487183
0.41811588406562805
0.49270099401473999
0.47079694271087646
0.46228572726249695
0.50252342224121094
0.5931360125541687
0.66438776254653931
1.0656458139419556
1.8165849447250366
2.0235292911529541
1.3269064426422119
0.21657112240791321
0
0
0
0
0
0
0
0
0
0
0
0.0089501803740859032
0.049335464835166931
0.06897851824760437
0.069974087178707123
0.10182999074459076
0.12389327585697174
0.28842031955718994
0.54907304048538208
1.1008695363998413
2.0764274597167969
1.9662491083145142
0.857948899269104
0.057731341570615768
0
0
0
0
0
0
0
0
0
0
0
0
0
0
0
0
0.065827473998069763
0.27527815103530884
0.82025033235549927
1.7532721757888794
2.0874123573303223
1.4465055465698242
0.29396983981132507
0
0
0
0
0
0
0
0
0
0
0
0
0
0
0
0
0.0061608161777257919
0.088789179921150208
0.50013065338134766
1.2127286195755005
2.0809257030487061
1.8856571912765503
0.77044349908828735
0
0
0
0
0
0
0
0
0
0
0
0
0
0
0
0
0
0.082404963672161102
0.24342794716358185
0.78731560707092285
1.7528334856033325
1.9970782995223999
1.3064906597137451
0.22459480166435242
0
0
0
0
0
0
0
0
0
0
0
0
0
0
0
0
0.05134013295173645
0.19336035847663879
0.52284860610961914
1.199198842048645
2.0716965198516846
1.7804949283599854
0.62518924474716187
0
0
0
0
0
0
0
0
0
0
0
0
0
0
0
0
0.013006167486310005
0.13847526907920837
0.37166830897331238
0.81892514228820801
1.7841916084289551
2.0419938564300537
1.290727972984314
0.17235007882118225
0
0
0
0
0
0
0
0
0
0
0
0
0
0
0
0.002053605392575264
0.13387930393218994
0.30230528116226196
0.60424494743347168
1.4275553226470947
2.1072182655334473
1.7885539531707764
0.59532469511032104
0
0
0
0
0
0
0
0
0
0
0
0
0
0
0
0
0.024730181321501732
0.12800200283527374
0.58706527948379517
1.1049615144729614
2.0211827754974365
2.126645565032959
1.0987296104431152
0.11407391726970673
0
0
0
0
0
0
0
0
0
0
0
0
0
0
0
0.021220587193965912
0.16830405592918396
0.32586860656738281
0.76043105125427246
1.8117945194244385
2.1307318210601807
1.547182559967041
0.4080888032913208
0
0
0
0
0
0
0
0
0
0
0
0
0
0
0
0
0.07779424637556076
0.24924358725547791
0.69838321208953857
1.5286206007003784
2.1788301467895508
1.8801617622375488
0.75520819425582886
0
0
0
0
0
0
0
0
0
0
0
0
0
0
0
0
0.041756641119718552
0.16860327124595642
0.4678921103477478
1.1511454582214355
2.2715420722961426
2.1897618770599365
1.3072609901428223
0.24964065849781036
0
0
0
0
0
0
0
0
0
0
0
0
0
0
0
0
0.056758277118206024
0.27242976427078247
0.84935635328292847
1.8301172256469727
2.5356392860412598
1.9082534313201904
0.75349527597427368
0.139810711145401
0
0
0
0
0
0
0
0
0
0
0
0
0
0
0
0
0.027170568704605103
0.41486647725105286
1.3028168678283691
2.1433873176574707
2.2670178413391113
1.561758279800415
0.30767807364463806
0.015604536980390549
0
0
0
0
0
0
0
0
0
0
0
0
0
0
0
0
0
0.32363450527191162
1.3504766225814819
2.0651733875274658
1.7276337146759033
0.85701966285705566
0.014140328392386436
0
0
0
0
0
0
0
0
0
0
0
0
0
0
0
0
0
0
0
0
0
0
0
0
0
0
0
0
0
0
0
0
0
0
0
0
0
0
0
0
0
0
0
0
0
0
0
0
0
0
0
0
0
0
0
0
0
0
0
0
0
0
0
0
0
0
0
0
0
0
0
0
0
0
0
0
0
0
0
0
0
0
0
0
0
0.076423995196819305
0.22201284766197205
0.29040354490280151
0.29565635323524475
0.1625455915927887
0.042621977627277374
0
0
0
0
0
0
0
0
0
0
0
0
0
0
0
0
0
0
0.20500856637954712
0.4637218713760376
0.63516300916671753
0.52561962604522705
0.26998943090438843
0.058315515518188477
0.04433421790599823
0.053995609283447266
0.17031842470169067
0.22926889359951019
0.28684365749359131
0.28684365749359131
0.28684365749359131
0.28684365749359131
0.26136898994445801
0.13611210882663727
0.0042089186608791351
0
0
0
0
0
0
0
0.15277081727981567
0.63444817066192627
0.6501043438911438
0.38889390230178833
0
0
0
0
0
0.057504266500473022
0.16175940632820129
0.1678323894739151
0.13511428236961365
0.14312641322612762
0.15141285955905914
0.026099860668182373
0
0
0
0
0
0
0
0
0.31802582740783691
0.76913285255432129
0.71691900491714478
0.39447233080863953
0
0
0
0
0
0
0
0
0
0
0
0
0
0
0
0
0
0
0
0
0.37025976181030273
0.75016921758651733
0.76102536916732788
0.81010717153549194
0.49228686094284058
0.39356285333633423
0.31723615527153015
0.18266844749450684
0
0
0
0
0
0.09076613187789917
0.41862204670906067
0.008825257420539856
0
0
0
0
0
0
0
0
0.21951064467430115
0.46309542655944824
0.69248378276824951
0.70467877388000488
0.69132918119430542
0.72587877511978149
0.82801705598831177
0.6953805685043335
0.60044032335281372
0.6118016242980957
0.52468949556350708
0.60116642713546753
0.63922417163848877
1.0941064357757568
1.3962078094482422
0.63187092542648315
0
0
0
0
0
0
0
0
0.043589990586042404
0.11423349380493164
0.19605062901973724
0.24468664824962616
0.22214919328689575
0.35444101691246033
0.5408254861831665
0.55401694774627686
0.56832629442214966
0.58041840791702271
0.53951209783554077
0.6953921914100647
0.89480280876159668
1.67243492603302
1.6859200000762939
0.44630253314971924
0
0
0
0
0
0
0
0
0
0
0
0
0
0.011060146614909172
0.053105253726243973
0.069137334823608398
0.12914510071277618
0.084888145327568054
0.19508948922157288
0.43545281887054443
0.99026715755462646
1.507759690284729
0.99949324131011963
0
0
0
0
0
0
0
0
0
0
0
0
0
0
0
0
0
0
0
0.12313348054885864
0.5374758243560791
1.3104517459869385
1.3744041919708252
0.32023441791534424
0
0
0
0
0
0
0
0
0
0
0
0
0
0
0
0
0
0
0.0081882849335670471
0.25592511892318726
0.95975309610366821
1.4692633152008057
0.94666218757629395
0
0
0
0
0
0
0
0
0
0
0
0
0
0
0
0
0
0
0
0.11496072262525558
0.52684199810028076
1.3442339897155762
1.3691632747650146
0.36548557877540588
0
0
0
0
0
0
0
0
0
0
0
0
0
0
0
0
0
0
0.068235710263252258
0.28983211517333984
0.93823063373565674
1.4877392053604126
0.95094174146652222
0
0
0
0
0
0
0
0
0
0
0
0
0
0
0
0
0
0
0.017286380752921104
0.21592001616954803
0.59846591949462891
1.3079419136047363
1.2791734933853149
0.19400864839553833
0
0
0
0
0
0
0
0
0
0
0
0
0
0
0
0
0
0.0027294284664094448
0.18729466199874878
0.46365076303482056
1.1150431632995605
1.3529385328292847
0.61698454618453979
0
0
0
0
0
0
0
0
0
0
0
0
0
0
0
0
0
0
0.034681007266044617
0.28466510772705078
0.93820357322692871
1.3616805076599121
1.0098061561584473
0
0
0
0
0
0
0
0
0
0
0
0
0
0
0
0
0
0
0.028204092755913734
0.22797854244709015
0.65799987316131592
1.3256914615631104
1.2597706317901611
0.32491797208786011
0
0
0
0
0
0
0
0
0
0
0
0
0
0
0
0
0
0
0.12212319672107697
0.39648300409317017
1.1897315979003906
1.4732246398925781
0.67867136001586914
0
0
0
0
0
0
0
0
0
0
0
0
0
0
0
0
0
0
0.055498376488685608
0.2948952317237854
0.84257996082305908
1.571599006652832
1.2766299247741699
0.11052639782428741
0
0
0
0
0
0
0
0
0
0
0
0
0
0
0
0
0
0
0.11228792369365692
0.54562878608703613
1.3290483951568604
1.5968226194381714
0.75266414880752563
0
0
0
0
0
0
0
0
0
0
0
0
0
0
0
0
0
0
0
0.17531007528305054
0.9016338586807251
1.5820788145065308
1.3640815019607544
0.35512405633926392
0
0
0
0
0
0
0
0
0
0
0
0
0
0
0
0
0
0
0
0.19343748688697815
0.87914168834686279
1.2838029861450195
1.094907283782959
0
0
0
0
0
0
0
0
0
0
0
0
0
0
