0
0
0
0
0
0
0
0
0
0
0
0
0
0.75320470333099365
0.072089165449142456
0
0
0
0
0
0.39384093880653381
1.6596879959106445
0
0
0
0
0
0
0.59504413604736328
0.55246961116790771
0
0
0
0
0
0
0.33691799640655518
0
0
0
0.19111964106559753
0.19363933801651001
0.42050245404243469
1.4596192836761475
0.66285264492034912
0
0
0.24717576801776886
0.20275954902172089
0.55291116237640381
1.5589795112609863
1.4932249784469604
0
0
0
0.52481448650360107
0.045799762010574341
0.96047377586364746
2.4041316509246826
0.34419530630111694
0
0
0.5547446608543396
0.47548669576644897
3.3545527458190918
3.8065352439880371
3.933459997177124
3.5174803733825684
2.9281795024871826
2.9841184616088867
2.8634757995605469
2.2347824573516846
2.077540397644043
3.1700706481933594
3.5866987705230713
3.4532639980316162
3.4809334278106689
3.671363353729248
3.2329421043395996
2.845257043838501
0
0
0
0
0
0.68694305419921875
0.88443839550018311
2.090071439743042
0
0
0
0
0
0
0
0.79092413187026978
0
0
0
0
0
0
0.4867900013923645
0
0
0
0.060954056680202484
0.4969535768032074
0.29377651214599609
0.49252024292945862
0.23616153001785278
0
0
0
0.38287973403930664
0.85700196027755737
0.60351073741912842
0.79353797435760498
0
0
0
0.12234601378440857
0.54000306129455566
0.25926700234413147
0.75878095626831055
0.093008153140544891
0
0
0
0
0
0
0
0
0
0
3.9860408306121826
4.4332842826843262
4.4580583572387695
3.9624710083007812
2.4186484813690186
0.61068457365036011
0
0
2.5092747211456299
3.4472458362579346
4.0132050514221191
3.8785417079925537
2.7975668907165527
1.3303446769714355
0
0
0
0
0
0
0
0
0
0
0
0
0
0
0
0
0
0
0
0
0
0
0
0
0
0
0
0
0
0
0
0
0
0.27939710021018982
0
0
0
0
0
0
0.3521190881729126
0.32664236426353455
0.27971014380455017
0
0
0
0
0
0
0
0
0
0
0
0
0.024047255516052246
1.1415925025939941
0.6477506160736084
0
0
0
0
0
0
1.1440445184707642
0
0
0
0
0
0
0
0
0
0
0
0
0
0
0.14047223329544067
0
0
0
0
0
0.10148274898529053
3.090914249420166
1.7450066804885864
0
0
0
0
0
2.3314914703369141
3.4809062480926514
0
0
0
0
0
1.1101911067962646
3.504194974899292
0.98067224025726318
0
0
0
0.2273467481136322
0.10718539357185364
0
0
0
0
0
0.0023076683282852173
0
0.050593528896570206
0.32555744051933289
0.013066142797470093
0
0.18306860327720642
0.68199247121810913
0.9826776385307312
0
0
0.11384443938732147
0.024990826845169067
0.20160903036594391
1.3976576328277588
2.5947494506835938
2.037548303604126
0
0
0
0
0
0.8298189640045166
1.6895480155944824
0.98258405923843384
0.39455345273017883
0
0
0
0
0.94914847612380981
1.0019429922103882
0.80987530946731567
0
0
0
0
0.81374442577362061
1.5770109891891479
1.1462424993515015
0.99976783990859985
0
0
0
0.25330883264541626
1.4391130208969116
1.4845638275146484
1.112946629524231
0.9596591591835022
0
0
0
0.93297004699707031
1.3802971839904785
1.1039481163024902
1.125212550163269
0.73593622446060181
0
0.33797410130500793
0.73141992092132568
0.21168875694274902
0
0.23847323656082153
0.28067061305046082
0
1.319879412651062
1.6800638437271118
1.2474521398544312
0.91244685649871826
0.87116515636444092
0.49762442708015442
0
0.063004933297634125
2.3203651905059814
1.6601996421813965
0.97210943698883057
1.0125645399093628
0.64427345991134644
0
0
0.88013768196105957
0.76510679721832275
0.3740171492099762
0.16622382402420044
0
0
0
0
2.071007251739502
0
0
0
0
0
0.06748054176568985
2.9114305973052979
1.8487029075622559
0
0
0
0
0
1.847197413444519
2.982792854309082
0
0
0
0
0
0.61277127265930176
3.2000365257263184
1.324735164642334
0
0
0
0
0
2.6945564746856689
2.7262041568756104
0
0
0.076818220317363739
0
0
0.13336920738220215
0.16940179467201233
0.30231016874313354
0.51550924777984619
0.87310534715652466
0
0
0
0
0
0
0.11553448438644409
0
0
0
0
0
0
1.0786483287811279
1.1253982782363892
0
0.090892508625984192
0.11665340512990952
0
0
2.3226490020751953
3.4658002853393555
0.57313376665115356
0
0
0
0
0.92825889587402344
3.56939697265625
2.3911573886871338
0
0
0
0
0.10012352466583252
3.0922625064849854
4.3656997680664062
0.45473021268844604
0
0
0
0
1.8707555532455444
4.3784685134887695
2.3510727882385254
0
0
0.15524905920028687
0
0.74548161029815674
3.5811681747436523
3.7494392395019531
0
0
0
0.29085412621498108
3.4148027896881104
3.7365977764129639
3.0112929344177246
2.242159366607666
1.8401292562484741
1.3747825622558594
0.14265616238117218
0
0.71929270029067993
2.148357629776001
2.9140455722808838
2.9746921062469482
2.9199104309082031
2.6906659603118896
2.0964944362640381
0.90725415945053101
0
0
0
0.54073125123977661
0.59095299243927002
0.92612737417221069
1.2209000587463379
1.0484873056411743
0
0
0
0
0
0
0
0
0
0
0
0
0
0
0
0
0.038860030472278595
0.059474699199199677
0
0
0
0
0
0
0.006024189293384552
0
0
0
0
0
0
0
0.04910210520029068
0.071135424077510834
0.096901550889015198
0
0
0
0
0.055255357176065445
0
0
0
0
0
0
0
0
0
0
0
0
0.082561135292053223
0
0
0
0
0
0
0
0.23860041797161102
0
0
0
0
0
0
0
0.48089814186096191
0
0
0
0.45902898907661438
0.68569034337997437
0.80505144596099854
1.2960846424102783
0.65723943710327148
0
0
1.8386338949203491
0.16877084970474243
0.45106375217437744
0.84671515226364136
1.0223715305328369
0
0
0.58308875560760498
2.9115533828735352
0.39692902565002441
0.65353602170944214
0.91573613882064819
0
0
0
2.4741621017456055
2.3021223545074463
0.64636373519897461
1.0732922554016113
0.35057604312896729
0
0
1.340485692024231
2.9019591808319092
1.173065185546875
0
0
0
0
0
0
0.1286446750164032
0.0058126002550125122
0
0
0
0
0
0
0
0.18919119238853455
0
0
0
0
0
0
0
0.17711573839187622
0
0
0
0
0
0.1047770231962204
0.77902567386627197
1.2640860080718994
0
0
0
0
0.20835748314857483
0.9894864559173584
1.8300513029098511
0.76252853870391846
0
0.078732997179031372
0.49189218878746033
0.64831173419952393
1.1485847234725952
1.9204001426696777
1.9031344652175903
0
0.049429498612880707
0.37843707203865051
0.76841020584106445
1.107585072517395
1.6446225643157959
2.1616859436035156
0.57738369703292847
0
0.26975858211517334
0.58808469772338867
0.95869094133377075
1.9628396034240723
2.5627858638763428
1.6511514186859131
0
0
0
0
0
0
0
0
0
0
0
0
0
0
0
0
0
0
0
0
0
0
0
0
0
0
0
0
0
0
0
0
0
0
0
0.24688559770584106
1.011557936668396
1.5453411340713501
0
0
0
0
0.28882497549057007
0.90870845317840576
1.897102952003479
1.1009575128555298
0
0
0
1.4057794809341431
0.6688237190246582
1.5499407052993774
1.7906491756439209
0
0
0
0
2.2267706394195557
1.2582683563232422
1.8893986940383911
0.50332564115524292
0
0
0
2.0725612640380859
1.8696838617324829
2.7409191131591797
3.9695117473602295
4.403846263885498
4.0498356819152832
3.6033570766448975
3.7321674823760986
2.9089884757995605
1.9597982168197632
0
0
0.084910377860069275
0.30758735537528992
0.97208672761917114
1.6073330640792847
1.817482590675354
1.6256122589111328
0
0
0
0
0
0
0
0.54048067331314087
0.48004001379013062
0
0
0
0
0
0
0
0.29465293884277344
0
0.0083606839179992676
0.57480740547180176
0.40663427114486694
0
0
0
0
0
0.8609389066696167
1.1370095014572144
0.49278533458709717
0
0
0.21293629705905914
0
0.16789066791534424
0.94843965768814087
0.75945395231246948
0
0
0
0.070891812443733215
0
1.0362424850463867
1.0291827917098999
0.26630783081054688
0
0
0
0
0
0
0
0
0
0
0
0.22628778219223022
0
0
0
0
0
0
0
2.3384823799133301
0.80550605058670044
0.57715553045272827
0.44514614343643188
0.06956203281879425
0
0
0
4.028315544128418
1.5028671026229858
1.4451031684875488
1.4146870374679565
0.54605036973953247
0
0
3.4903080463409424
4.289146900177002
0.27821800112724304
0.022862479090690613
0
0
0
0
3.7116756439208984
2.2045855522155762
0.057976845651865005
0
0
0
0
3.4708797931671143
3.8066713809967041
1.0028103590011597
0.0052430108189582825
0
0
0
1.6376227140426636
4.3949737548828125
2.0830943584442139
0
0
0
0
0
4.3116564750671387
3.7208318710327148
0.57668083906173706
0
0
1.0434941053390503
1.1736853122711182
0.64266282320022583
0.21977005898952484
0.74198156595230103
1.8828893899917603
1.3814206123352051
0
0
0
0
0
0
2.8893575668334961
2.1964819431304932
0
0
0
0
0
0
2.2196483612060547
2.6010894775390625
0
0
0
0
0
0
1.1866985559463501
2.213205099105835
0
0
0
0
0
0
0.031640864908695221
0.59182357788085938
0
0
0
0
0
0
0.65878856182098389
0.603493332862854
0
0
0
0
0
0.14837646484375
0.59552401304244995
0.42607244849205017
0
0
0
0
0.17703483998775482
0.16968569159507751
0.24727430939674377
0.16641579568386078
0.34939032793045044
0.8445093035697937
0.42605230212211609
0.0090151950716972351
0
0
0
0
1.0175925493240356
0.44033199548721313
0
0
0
0
0
0
0.47937220335006714
0
0
0
0
0
0
0.84126770496368408
0.33078667521476746
0.75438404083251953
0.032759606838226318
0
0
1.3431330919265747
3.1617848873138428
1.6285804510116577
0
0
0
0
0.27158060669898987
3.1236646175384521
2.7148137092590332
0.55355679988861084
0
0
0
0
1.6641037464141846
2.9905080795288086
1.3765522241592407
0
0
0
0
0.23799949884414673
3.1606667041778564
1.9865918159484863
0.25075870752334595
0
0
0
0
2.087144136428833
2.6387724876403809
0.42898336052894592
0
0
2.7616941928863525
3.7213153839111328
3.8062562942504883
3.3633441925048828
2.9861688613891602
3.073955774307251
2.2017104625701904
0.79360771179199219
1.2983676195144653
1.5811421871185303
2.1195197105407715
2.4080545902252197
2.7713770866394043
3.0232183933258057
2.0752038955688477
1.2820373773574829
0
0
0
0
0
0
0
0
0.55578285455703735
0.66836214065551758
0.12145707011222839
0.12676675617694855
0.73602181673049927
0.80588847398757935
0.28049775958061218
0
0
0
0
0.36682721972465515
0.31900304555892944
0
0
0
0
0
0
0
0
0
0
0.061817191541194916
0
0
0
0
0
0
0.038912825286388397
0
0
0
0.083017542958259583
0
0
0
0
0
