5.4577689170837402
2.6626927852630615
0
0
0
2.0598554611206055
4.80865478515625
0
4.7411847114562988
1.4541516304016113
1.5036119222640991
0
0
6.6135349273681641
0
0
0
0
0
4.0111231803894043
4.1972694396972656
4.3740725517272949
0.34138146042823792
0
1.9602504968643188
0
0
0
0
4.9471015930175781
0
8.1952838897705078
4.1661295890808105
0.53770214319229126
1.9586997032165527
0
0.056991729885339737
4.9003176689147949
0
6.1299734115600586
4.9689664840698242
0
3.6015453338623047
0
5.481870174407959
0
0
4.8949790000915527
2.8303718566894531
1.0651209354400635
0
2.9960153102874756
3.5518665313720703
0
0
0
0
0
2.6114962100982666
0
1.9382439851760864
1.8104251623153687
5.5048527717590332
0.051147811114788055
0
0.5362241268157959
6.7086453437805176
4.9189701080322266
0
0
0
0.15938578546047211
0
3.2480080127716064
3.1061289310455322
3.2238795757293701
0
0.7432708740234375
0
4.3701972961425781
0
0
1.5283181667327881
0
0
0
0
0
0
2.5162131786346436
0.75799494981765747
0
0
0
0
0
7.2176661491394043
5.5251035690307617
0
3.6268467903137207
7.1630072593688965
5.3333477973937988
5.1726012229919434
0
0
0.59188073873519897
0.16744105517864227
0
0
0.2119419276714325
0
2.428992748260498
0
0
0
1.2479124069213867
2.5994296073913574
0
4.612968921661377
0.60534054040908813
