0
0
0
0
0
0
0
0
0
0
0
0
0.0005424468545243144
0.00087355682626366615
-0.011479150503873825
0.035252392292022705
0.093150980770587921
0.21426348388195038
0.082951195538043976
0
0
0
0
0
0
0
0
0
0
0
0
0
0
0
0
0
-0.0074852816760540009
-0.065936669707298279
-0.088020145893096924
-0.1570345014333725
-0.11130204796791077
-0.086030974984169006
-0.039837446063756943
0
0
0
0
0
0
0
0
0
0
0
0
0
0
0
0
0
-0.040336508303880692
-0.25739443302154541
-0.42274227738380432
-0.50435614585876465
-0.56834334135055542
-0.67132377624511719
-0.26924484968185425
0
0
0
0
0
0
0
0
0
0
0
0
0
0
0
0
0.00064237130573019385
-0.064366750419139862
-0.16907274723052979
-0.22136867046356201
-0.2820812463760376
-0.39624479413032532
-0.68510043621063232
-0.17714032530784607
0
0
0
0
0
0
0
0
0
0
0
0
0
0
0
0
-0.0091357482597231865
-0.076653093099594116
0.0078854551538825035
0.034529928117990494
0.054049879312515259
0.0028142845258116722
-0.11960989236831665
0.094800263643264771
0
0
0
0
0
0
0
0
0
0
0
0
0
0
0
0
-0.042795848101377487
-0.13928490877151489
-0.0043275845237076283
-0.018551008775830269
0.033654395490884781
-0.11678518354892731
0.010844363830983639
0.08968372642993927
0
0
0
0
0
0
0
0
0
0
0
0
0
0
0
0.00045679736649617553
-0.073699861764907837
-0.079141631722450256
0.025913774967193604
0.0086370017379522324
-0.019998323172330856
-0.077923387289047241
0.09744301438331604
0
0
0
0
0
0
0
0
0
0
0
0
0
0
0
0
-0.0059931036084890366
-0.1137797087430954
-0.046722482889890671
-0.0078736953437328339
-0.007448289543390274
-0.10637375712394714
-0.02025015652179718
0.12588950991630554
0
0
0
0
0
0
0
0
0
0
0
0
0
0
0
0
-0.038584083318710327
-0.10172779858112335
-0.063379392027854919
-0.083135947585105896
-0.13272194564342499
-0.2782672643661499
-0.19559064507484436
0.065628372132778168
0
0
0
0
0
0
0
0
0
0
0
0
0
0
0
0.00081367028178647161
-0.073927402496337891
-0.037960056215524673
0.029366010800004005
-0.023663751780986786
-0.019038623198866844
-0.22485296428203583
-0.21420896053314209
0.01203074399381876
0
0
0
0
0
0
0
0
0
0
0
0
0
0
0
-0.011320709250867367
-0.082985058426856995
-0.016109412536025047
0.093006521463394165
0.10228821635246277
0.048509262502193451
-0.0069006979465484619
0.034813888370990753
0
0
0
0
0
0
0
0
0
0
0
0
0
0
0
0
-0.05946161225438118
-0.1403498500585556
-0.08017025887966156
0.011963048949837685
0.0012330673635005951
-0.046861667186021805
0.059849783778190613
0.1762315034866333
0
0
0
0
0
0
0
0
0
0
0
0
0
0
0
0.00034259801032021642
-0.084266394376754761
-0.11060342937707901
-0.028978032991290092
-0.051790960133075714
-0.1202729344367981
-0.1541987806558609
-0.032221116125583649
0.081833407282829285
0
0
0
0
0
0
0
0
0
0
0
0
0
0
0
-0.0037989253178238869
-0.064485989511013031
-0.0015286705456674099
0.088337399065494537
0.10493652522563934
-0.032348491251468658
-0.062890343368053436
0.044100269675254822
0.0087496321648359299
0
0
0
0
0
0
0
0
0
0
0
0
0
0
0
-0.03947748988866806
-0.071796976029872894
-0.015407590195536613
0.066991783678531647
0.10279038548469543
-0.023868206888437271
0.061617836356163025
0.1563454270362854
0
0
0
0
0
0
0
0
0
0
0
0
0
0
0
0
-0.090783089399337769
-0.1039852648973465
-0.023699529469013214
-0.045750103890895844
-0.056956082582473755
-0.096189327538013458
-0.028845470398664474
0.088590025901794434
0
0
0
0
0
0
0
0
0
0
0
0
0
0
0
0.00087076995987445116
-0.069711215794086456
-0.013341344892978668
0.018610771745443344
-0.028091669082641602
-0.12493752688169479
-0.11855257302522659
-0.074429839849472046
0
0
0
0
0
0
0
0
0
0
0
0
0
0
0
0
-0.011996687389910221
-0.051581386476755142
-0.012220853008329868
0.032411582767963409
0.059962820261716843
-0.16121350228786469
-0.14467068016529083
-0.044458862394094467
0
0
0
0
0
0
0
0
0
0
0
0
0
0
0
0.00014274918066803366
-0.065807648003101349
-0.075765490531921387
-0.049569752067327499
-0.030838549137115479
-0.040378756821155548
-0.19989806413650513
-0.18713226914405823
0.016385708004236221
0
0
0
0
0
0
0
0
0
0
0
0
0
0
0
-0.0022252565249800682
-0.10290372371673584
-0.067137397825717926
-0.018199292942881584
-0.052002806216478348
-0.097137168049812317
-0.11288140714168549
-0.14395530521869659
0.047241125255823135
0
0
0
0
0
0
0
0
0
0
0
0
0
0
0
-0.0070122447796165943
-0.073025107383728027
-0.0012513771653175354
0.081477276980876923
0.019427567720413208
-0.19729085266590118
-0.049726266413927078
0.093588791787624359
0.07129129022359848
0
0
0
0
0
0
0
0
0
0
0
0
0
0
0
0.0016549159772694111
0.083174586296081543
0.2370222806930542
0.42938241362571716
0.45407140254974365
0.23176297545433044
0.23662520945072174
0.17501692473888397
0.0032811120618134737
0
0
0
0
0
0
0
0
0
0
0
0
0
0
0
0.0093725482001900673
0.25288781523704529
0.53002500534057617
0.65846598148345947
0.79461151361465454
0.72207903861999512
0.41000127792358398
0.12936092913150787
0
0
0
0
0
0
0
0
0
0
0
0
0
0
0
0
0.003539554076269269
0.14380165934562683
0.27228271961212158
0.29028922319412231
0.43960326910018921
0.48668369650840759
0.20741613209247589
0.010937039740383625
0
0
0
0
0
0
0
0
0
0
0
0
0
0
0
0
0
0
0
0
0
0
-0.029024846851825714
-0.25349032878875732
-0.5426209568977356
-0.63544780015945435
-0.50647616386413574
-0.030351847410202026
0.050880789756774902
0
0
0
0
0
0
0
0
0
0
0
0
0
0
0
0
0
-0.10967643558979034
-0.6699373722076416
-1.1013152599334717
-1.0311379432678223
-0.70127815008163452
0.090003333985805511
0.11268818378448486
0
0
0
0
0
0
0
0
0
0
0
0
0
0
0
0
0
-0.20992037653923035
-0.85868126153945923
-1.1470210552215576
-0.90398836135864258
-0.37189099192619324
0.42762553691864014
0.13644927740097046
0
0
0
0
0
0
0
0
0
0
0
0
0
0
0
0
-0.034371528774499893
-0.39596617221832275
-0.81725007295608521
-0.65105623006820679
-0.45670485496520996
0.13567720353603363
0.71805566549301147
0.16293025016784668
0
0
0
0
0
0
0
0
0
0
0
0
0
0
0
0
-0.11534745991230011
-0.57039326429367065
-0.46713083982467651
-0.02657589316368103
0.20969802141189575
0.89071625471115112
0.61115831136703491
0.03374766930937767
0
0
0
0
0
0
0
0
0
0
0
0
0
0
0
0
-0.25912818312644958
-0.72086811065673828
-0.37371662259101868
0.034395374357700348
0.42185100913047791
1.0223721265792847
0.38603681325912476
-0.032560627907514572
0
0
0
0
0
0
0
0
0
0
0
0
0
0
0
-0.024441976100206375
-0.4528864324092865
-0.75987225770950317
-0.28050509095191956
-0.088714122772216797
0.59934264421463013
0.9742472767829895
0.09923090785741806
0
0
0
0
0
0
0
0
0
0
0
0
0
0
0
0
-0.10896195471286774
-0.58854347467422485
-0.67521136999130249
-0.2893061637878418
-0.037602692842483521
0.73561787605285645
0.75577270984649658
0.0077399266883730888
0
0
0
0
0
0
0
0
0
0
0
0
0
0
0
0
-0.22160091996192932
-0.60998678207397461
-0.46194618940353394
-0.23747503757476807
0.16240642964839935
0.90169721841812134
0.5188477635383606
-0.014682868495583534
0
0
0
0
0
0
0
0
0
0
0
0
0
0
0
-0.043537270277738571
-0.42185208201408386
-0.64263498783111572
-0.24277803301811218
0.053346917033195496
0.61548024415969849
0.95291680097579956
0.32814431190490723
-0.0043678893707692623
0
0
0
0
0
0
0
0
0
0
0
0
0
0
0
-0.15954986214637756
-0.64420241117477417
-0.6708444356918335
-0.11554482579231262
0.32746341824531555
0.93360400199890137
0.89220303297042847
0.15971784293651581
0
0
0
0
0
0
0
0
0
0
0
0
0
0
0
0
-0.28342676162719727
-0.73774272203445435
-0.54942411184310913
-0.018739998340606689
0.50624006986618042
1.0663859844207764
0.71057873964309692
0.00080788694322109222
0
0
0
0
0
0
0
0
0
0
0
0
0
0
0
-0.018331481143832207
-0.38633430004119873
-0.69022488594055176
-0.27755934000015259
0.05441892147064209
0.71889817714691162
1.0918999910354614
0.36658066511154175
-0.023060154169797897
0
0
0
0
0
0
0
0
0
0
0
0
0
0
0
-0.1189572885632515
-0.53587609529495239
-0.58474928140640259
-0.078411027789115906
0.29809966683387756
0.93489229679107666
0.8964962363243103
0.14323276281356812
-0.0031766467727720737
0
0
0
0
0
0
0
0
0
0
0
0
0
0
0
-0.25678890943527222
-0.63162654638290405
-0.47377169132232666
-0.059782356023788452
0.39360415935516357
0.96663969755172729
0.70493954420089722
0.010571755468845367
0
0
0
0
0
0
0
0
0
0
0
0
0
0
0
0
-0.35024061799049377
-0.66181379556655884
-0.38144555687904358
-0.14830265939235687
0.49616703391075134
0.95538127422332764
0.44583803415298462
-0.032163549214601517
0
0
0
0
0
0
0
0
0
0
0
0
0
0
0
-0.046592514961957932
-0.44494098424911499
-0.63166165351867676
-0.36017686128616333
-0.18329273164272308
0.61109751462936401
0.83676755428314209
0.24468740820884705
0
0
0
0
0
0
0
0
0
0
0
0
0
0
0
0
-0.17708465456962585
-0.54983550310134888
-0.61440920829772949
-0.30041947960853577
0.13444666564464569
0.77470844984054565
0.80012679100036621
0.16543839871883392
0
0
0
0
0
0
0
0
0
0
0
0
0
0
0
-0.0076381177641451359
-0.35285076498985291
-0.70220786333084106
-0.52488195896148682
-0.17498229444026947
0.46527773141860962
0.99432563781738281
0.73287093639373779
0.056387089192867279
0
0
0
0
0
0
0
0
0
0
0
0
0
0
0
-0.015194008126854897
-0.39455217123031616
-0.51611733436584473
-0.053671769797801971
0.28701815009117126
0.98076093196868896
1.0528695583343506
0.48351585865020752
0.03800678625702858
0
0
0
0
0
0
0
0
0
0
0
0
0
0
0
-0.0077516129240393639
-0.079832375049591064
0.28029829263687134
0.96249896287918091
1.1209791898727417
1.2739443778991699
0.94121593236923218
0.2701791524887085
-0.023389182984828949
0
0
0
0
0
0
0
0
0
0
0
0
0
0
0
0.0074845375493168831
0.33662503957748413
1.0021144151687622
1.4187934398651123
1.2805423736572266
1.0798484086990356
0.57220518589019775
0.043335296213626862
-0.0011912424815818667
0
0
0
0
0
0
0
0
0
0
0
0
0
0
0
0.016999270766973495
0.46333524584770203
1.0745923519134521
1.173515796661377
0.94623774290084839
0.64208555221557617
0.21710111200809479
-0.038652941584587097
0
0
0
0
0
0
0
0
0
0
0
0
0
0
0
0
0.0063704838976264
0.258830726146698
0.49042707681655884
0.5042685866355896
0.48080188035964966
0.15064115822315216
-0.057590179145336151
-0.0039708083495497704
0
0
0
0
0
0
0
0
0
0
0
0
0
0
0
0
0
0
0
0
0
0
-0.014385239221155643
-0.11222701519727707
-0.16970515251159668
-0.15051381289958954
0.21303489804267883
0.32143741846084595
0.093622252345085144
0
0
0
0
0
0
0
0
0
0
0
0
0
0
0
0
0
-0.0027859564870595932
0.1070542186498642
0.19577240943908691
0.34012866020202637
0.64605224132537842
0.44301068782806396
0.088507309556007385
0
0
0
0
0
0
0
0
0
0
0
0
0
0
0
0
0
0.045805282890796661
0.37192600965499878
0.67713642120361328
0.87784808874130249
0.92895007133483887
0.57273578643798828
0.10389423370361328
0
0
0
0
0
0
0
0
0
0
0
0
0
0
0
0
-0.017035150900483131
0.061937764286994934
0.47214686870574951
0.86580568552017212
1.1021440029144287
0.95497357845306396
0.37060534954071045
0.034549407660961151
0
0
0
0
0
0
0
0
0
0
0
0
0
0
0
0
0.0039034225046634674
0.21326282620429993
0.65426498651504517
0.95501267910003662
1.0966498851776123
0.81454408168792725
0.44053727388381958
0.053175352513790131
0
0
0
0
0
0
0
0
0
0
0
0
0
0
0
0
0.023198597133159637
0.36382108926773071
0.74553805589675903
1.0817866325378418
1.0704089403152466
0.72663521766662598
0.26802235841751099
0.058894507586956024
0
0
0
0
0
0
0
0
0
0
0
0
0
0
0
-0.012113885954022408
0.11504613608121872
0.5111156702041626
0.86002802848815918
1.0822274684906006
1.0311380624771118
0.59722167253494263
0.18117070198059082
0
0
0
0
0
0
0
0
0
0
0
0
0
0
0
0
-0.010574743151664734
0.25301030278205872
0.71313852071762085
1.0379228591918945
1.1117322444915771
1.0710738897323608
0.54585528373718262
0.097553499042987823
0
0
0
0
0
0
0
0
0
0
0
0
0
0
0
0
0.045856498181819916
0.38434553146362305
0.94351273775100708
1.2040362358093262
1.2624607086181641
0.94470751285552979
0.40898579359054565
0.04187963530421257
0
0
0
0
0
0
0
0
0
0
0
0
0
0
0
-0.021577859297394753
0.068972587585449219
0.48232722282409668
1.0138769149780273
1.3351736068725586
1.2787058353424072
0.77441924810409546
0.27743369340896606
0.0079004829749464989
0
0
0
0
0
0
0
0
0
0
0
0
0
0
0
-0.0017182976007461548
0.20615985989570618
0.66488391160964966
1.1074140071868896
1.3029754161834717
1.0705398321151733
0.64800542593002319
0.16053462028503418
0
0
0
0
0
0
0
0
0
0
0
0
0
0
0
0
0.075475513935089111
0.41635096073150635
0.89759904146194458
1.2365018129348755
1.2669837474822998
0.95497417449951172
0.44587591290473938
0.12310115993022919
0
0
0
0
0
0
0
0
0
0
0
0
0
0
0
-0.0090854139998555183
0.13227130472660065
0.57661598920822144
1.0376180410385132
1.3090494871139526
1.2537027597427368
0.7334551215171814
0.28879329562187195
0.052853502333164215
0
0
0
0
0
0
0
0
0
0
0
0
0
0
0
-0.026385802775621414
0.1974799633026123
0.68608927726745605
1.1130778789520264
1.3117411136627197
1.0964459180831909
0.61045563220977783
0.1654350757598877
0.0057458057999610901
0
0
0
0
0
0
0
0
0
0
0
0
0
0
0
0.055656228214502335
0.37866786122322083
0.8525855541229248
1.1724095344543457
1.2062592506408691
1.0088030099868774
0.49941974878311157
0.093702226877212524
0
0
0
0
0
0
0
0
0
0
0
0
0
0
0
0
0.12305978685617447
0.53353315591812134
0.9811820387840271
1.2572551965713501
1.3156468868255615
0.91387736797332764
0.34501463174819946
0.058176282793283463
0
0
0
0
0
0
0
0
0
0
0
0
0
0
0
-0.02309209480881691
0.17977866530418396
0.66175311803817749
1.0795073509216309
1.3355808258056641
1.2879188060760498
0.84058022499084473
0.2909940779209137
0
0
0
0
0
0
0
0
0
0
0
0
0
0
0
0
-0.0049802586436271667
0.28748819231987
0.82591736316680908
1.3081703186035156
1.4537458419799805
1.3243825435638428
0.71290260553359985
0.13890889286994934
0
0
0
0
0
0
0
0
0
0
0
0
0
0
0
-0.0037855892442166805
0.071012116968631744
0.4322659969329834
1.0170968770980835
1.4513007402420044
1.5184798240661621
1.1396178007125854
0.53267097473144531
0.13694863021373749
0
0
0
0
0
0
0
0
0
0
0
0
0
0
0
0.0060410667210817337
0.21074354648590088
0.69991922378540039
1.1862196922302246
1.4520837068557739
1.3587557077407837
0.847709059715271
0.34521222114562988
0.029676608741283417
0
0
0
0
0
0
0
0
0
0
0
0
0
0
0
0.011305389925837517
0.34464699029922485
0.91010653972625732
1.204756498336792
1.0833984613418579
0.77133673429489136
0.52628219127655029
0.23622988164424896
0.046484190970659256
0
0
0
0
0
0
0
0
0
0
0
0
0
0
0
0.004297732375562191
0.17881593108177185
0.51463490724563599
0.59543150663375854
0.44484719634056091
0.43036845326423645
0.34603530168533325
0.11907599121332169
0.0021546771749854088
0
0
0
0
0
0
0
0
0
0
0
0
0
0
0
0.00087826559320092201
0.025798199698328972
0.10452423244714737
0.085488654673099518
0.13041640818119049
0.21919003129005432
0.1573442816734314
0.083842962980270386
0
0
0
0
0
0
0
0
0
0
0
0
0
0
0
0
0.000282007094938308
0.010333096608519554
-0.023159433156251907
-0.029550027102231979
0.040624015033245087
0.17791229486465454
0.12844139337539673
0.0071822572499513626
0
0
0
0
0
0
0
0
0
0
0
0
0
0
0
0
0
0
0
0
0
0
0.0200369693338871
0.12159634381532669
-0.0015327148139476776
0.1241786852478981
0.04430495947599411
-0.27319386601448059
-0.12076597660779953
0
0
0
0
0
0
0
0
0
0
0
0
0
0
0
0
0
0.045893162488937378
0.089324891567230225
-0.08729805052280426
0.087432548403739929
-0.059524521231651306
-0.14642149209976196
-0.025942787528038025
0
0
0
0
0
0
0
0
0
0
0
0
0
0
0
0
0
0.013720545917749405
-0.33854380249977112
-0.21495209634304047
0.55385446548461914
0.32838201522827148
-0.14605614542961121
-0.013192795217037201
0
0
0
0
0
0
0
0
0
0
0
0
0
0
0
0
0.023727988824248314
-0.060556665062904358
-0.65332728624343872
0.23253282904624939
0.8442872166633606
0.096690304577350616
-0.26185417175292969
-0.10899204015731812
0
0
0
0
0
0
0
0
0
0
0
0
0
0
0
0
0.044314809143543243
-0.19036093354225159
-0.49222126603126526
0.60432267189025879
0.86395496129989624
-0.043012358248233795
-0.26707056164741516
-0.0201698187738657
0
0
0
0
0
0
0
0
0
0
0
0
0
0
0
0
0.038453981280326843
-0.45189118385314941
-0.17606817185878754
1.0000306367874146
0.53985410928726196
-0.24844834208488464
-0.15788808465003967
0.020103126764297485
0
0
0
0
0
0
0
0
0
0
0
0
0
0
0
0.016873236745595932
-0.054414063692092896
-0.55481034517288208
0.31894147396087646
0.95693403482437134
0.25592219829559326
-0.4173164963722229
-0.055992797017097473
0
0
0
0
0
0
0
0
0
0
0
0
0
0
0
0
0.050108466297388077
-0.28223720192909241
-0.41049456596374512
0.68330150842666626
0.94012331962585449
-0.067953526973724365
-0.35581618547439575
-0.0055121914483606815
0
0
0
0
0
0
0
0
0
0
0
0
0
0
0
0
0.025441057980060577
-0.51200318336486816
-0.20411068201065063
0.93346917629241943
0.75987976789474487
-0.26716136932373047
-0.17930096387863159
0.0091546587646007538
0
0
0
0
0
0
0
0
0
0
0
0
0
0
0
0.030055452138185501
-0.073455370962619781
-0.50054782629013062
0.025105983018875122
1.0614486932754517
0.45950335264205933
-0.24739371240139008
-0.14574788510799408
0.002696760930120945
0
0
0
0
0
0
0
0
0
0
0
0
0
0
0
0.065412372350692749
-0.22809547185897827
-0.42194318771362305
0.38440585136413574
1.0304702520370483
0.22667516767978668
-0.3447214663028717
-0.097608126699924469
0
0
0
0
0
0
0
0
0
0
0
0
0
0
0
0
0.003967970609664917
-0.43245592713356018
-0.24056665599346161
0.94060099124908447
0.79630577564239502
-0.094888918101787567
-0.26944395899772644
-0.00077892933040857315
0
0
0
0
0
0
0
0
0
0
0
0
0
0
0
0.012654927559196949
-0.13755041360855103
-0.51822322607040405
0.14595779776573181
1.0855637788772583
0.43459409475326538
-0.25843879580497742
-0.12487585842609406
0.014302469789981842
0
0
0
0
0
0
0
0
0
0
0
0
0
0
0
0.063286669552326202
-0.27792531251907349
-0.40825444459915161
0.50090771913528442
0.99332624673843384
0.173384889960289
-0.30803626775741577
-0.092318609356880188
0.0019612805917859077
0
0
0
0
0
0
0
0
0
0
0
0
0
0
0
0.04336051270365715
-0.43170937895774841
-0.25404989719390869
0.90333312749862671
0.87227547168731689
-0.11389358341693878
-0.34977787733078003
-0.0058689974248409271
0
0
0
0
0
0
0
0
0
0
0
0
0
0
0
0
-0.08847084641456604
-0.51750075817108154
0.11779201775789261
1.1435489654541016
0.47303223609924316
-0.31494376063346863
-0.16127753257751465
0.019857965409755707
0
0
0
0
0
0
0
0
0
0
0
0
0
0
0
0.03216460719704628
-0.23658229410648346
-0.39149066805839539
0.3531801700592041
1.0202620029449463
0.32224631309509277
-0.33057388663291931
-0.15283852815628052
0
0
0
0
0
0
0
0
0
0
0
0
0
0
0
0
0.074378281831741333
-0.37693628668785095
-0.34859538078308105
0.63047832250595093
1.0161479711532593
0.077785782516002655
-0.34615007042884827
-0.043799880892038345
0
0
0
0
0
0
0
0
0
0
0
0
0
0
0
0.0052728867158293724
0.017877772450447083
-0.53326058387756348
-0.16063255071640015
0.91597944498062134
0.81218749284744263
-0.035407125949859619
-0.2279248833656311
-0.038698673248291016
0
0
0
0
0
0
0
0
0
0
0
0
0
0
0
0.0026414573658257723
-0.18360622227191925
-0.5120665431022644
0.053510852158069611
1.121790885925293
0.63386702537536621
-0.14240840077400208
-0.18361110985279083
-0.023269053548574448
0
0
0
0
0
0
0
0
0
0
0
0
0
0
0
-0.015130925923585892
-0.44909095764160156
-0.42649182677268982
0.42434954643249512
1.1188656091690063
0.5103645920753479
-0.097283050417900085
-0.13683673739433289
0.014464994892477989
0
0
0
0
0
0
0
0
0
0
0
0
0
0
0
-0.018886378034949303
-0.44201949238777161
-0.1495119035243988
0.79681247472763062
0.83457547426223755
0.062355875968933105
-0.28048500418663025
-0.02542559988796711
0.0007354802219197154
0
0
0
0
0
0
0
0
0
0
0
0
0
0
0
0.0006341664120554924
-0.08459751307964325
0.17465777695178986
0.51072216033935547
0.12752723693847656
-0.12730950117111206
-0.075292080640792847
0.023945800960063934
0
0
0
0
0
0
0
0
0
0
0
0
0
0
0
0
0.0031469985842704773
0.1235920786857605
0.073174841701984406
0.093533538281917572
0.057392064481973648
0.0079972017556428909
0.040486402809619904
0.0024516007397323847
0
0
0
0
0
0
0
0
0
0
0
0
0
0
0
0
0
0
0
0
0
0
0.02601233497262001
0.21236567199230194
0.32108616828918457
0.066929996013641357
0.16661448776721954
0.11324754357337952
0.013031973503530025
0
0
0
0
0
0
0
0
0
0
0
0
0
0
0
0
0
0.043313935399055481
0.19798263907432556
0.59583586454391479
0.55750387907028198
0.50062519311904907
0.42292800545692444
0.1256181001663208
0
0
0
0
0
0
0
0
0
0
0
0
0
0
0
0
0
0.052772462368011475
0.29433742165565491
0.70918881893157959
0.87375205755233765
0.62418454885482788
0.29848212003707886
0.079011805355548859
0
0
0
0
0
0
0
0
0
0
0
0
0
0
0
0
0.03080408088862896
0.16684634983539581
0.57686775922775269
1.2034467458724976
1.2418060302734375
0.45162433385848999
0.10201612114906311
-0.04541584849357605
0
0
0
0
0
0
0
0
0
0
0
0
0
0
0
0
0.038268640637397766
0.26051762700080872
0.99281781911849976
1.579658031463623
1.336406946182251
0.36315184831619263
-0.074384182691574097
-0.081834167242050171
0
0
0
0
0
0
0
0
0
0
0
0
0
0
0
0
0.099465794861316681
0.45637881755828857
1.1933815479278564
1.652635931968689
0.97056311368942261
0.17629222571849823
-0.13435490429401398
-0.039315227419137955
0
0
0
0
0
0
0
0
0
0
0
0
0
0
0
0.021905124187469482
0.13531637191772461
0.79950606822967529
1.5695148706436157
1.5446377992630005
0.68807786703109741
0.071664519608020782
-0.16264897584915161
0
0
0
0
0
0
0
0
0
0
0
0
0
0
0
0
0.051354523748159409
0.24964892864227295
1.0664037466049194
1.8976699113845825
1.351365327835083
0.51464003324508667
0.030085094273090363
-0.095458239316940308
0
0
0
0
0
0
0
0
0
0
0
0
0
0
0
0
0.053164057433605194
0.45283204317092896
1.3085634708404541
1.8972171545028687
1.1936376094818115
0.27690571546554565
0.0062913764268159866
-0.034172803163528442
0
0
0
0
0
0
0
0
0
0
0
0
0
0
0
0.039018500596284866
0.16878394782543182
0.70494306087493896
1.6038906574249268
1.7835478782653809
0.96671015024185181
0.053952950984239578
-0.11437984555959702
-0.0052739940583705902
0
0
0
0
0
0
0
0
0
0
0
0
0
0
0
0.06052142009139061
0.3194240927696228
1.0431791543960571
1.8962528705596924
1.6863118410110474
0.70691996812820435
-0.041787728667259216
-0.17112186551094055
0
0
0
0
0
0
0
0
0
0
0
0
0
0
0
0
0.060373835265636444
0.50474029779434204
1.321966290473938
1.9634534120559692
1.4366785287857056
0.38167300820350647
-0.037085652351379395
-0.12185949832201004
0
0
0
0
0
0
0
0
0
0
0
0
0
0
0
0.016428843140602112
0.12835954129695892
0.75613713264465332
1.6217242479324341
1.7791889905929565
1.0233478546142578
0.13087816536426544
-0.10978680104017258
-0.039803195744752884
0
0
0
0
0
0
0
0
0
0
0
0
0
0
0
0.071886971592903137
0.30151647329330444
1.0485386848449707
1.9202257394790649
1.5894880294799805
0.64573913812637329
-0.017453659325838089
-0.16223603487014771
-0.003835632000118494
0
0
0
0
0
0
0
0
0
0
0
0
0
0
0
0.050526652485132217
0.49988389015197754
1.3867672681808472
2.0268492698669434
1.3925701379776001
0.3808930516242981
-0.043116431683301926
-0.10832293331623077
0
0
0
0
0
0
0
0
0
0
0
0
0
0
0
0
0.094868220388889313
0.72911286354064941
1.626863956451416
1.9190199375152588
1.1049919128417969
0.19803561270236969
-0.036291036754846573
-0.038835775107145309
0
0
0
0
0
0
0
0
0
0
0
0
0
0
0
0.041756641119718552
0.19448436796665192
1.0319010019302368
1.9706885814666748
1.7342329025268555
0.89244866371154785
0.11312733590602875
-0.092980928719043732
0
0
0
0
0
0
0
0
0
0
0
0
0
0
0
0
0.070448987185955048
0.4013238251209259
1.244991660118103
2.1477739810943604
1.6750113964080811
0.70511907339096069
0.061646729707717896
-0.061874784529209137
0
0
0
0
0
0
0
0
0
0
0
0
0
0
0
0.0068453513085842133
0.093099102377891541
0.63788950443267822
1.5231161117553711
2.185532808303833
1.4995186328887939
0.41927587985992432
-0.011144082993268967
-0.093611501157283783
0
0
0
0
0
0
0
0
0
0
0
0
0
0
0
-0.00085117155686020851
0.079862721264362335
0.83000063896179199
1.770443320274353
1.9874163866043091
1.2635034322738647
0.13341251015663147
-0.11249038577079773
-0.055670510977506638
0
0
0
0
0
0
0
0
0
0
0
0
0
0
0
-0.0027835839428007603
0.0078420341014862061
0.72830420732498169
1.7604483366012573
1.4776184558868408
0.59956586360931396
-0.074155718088150024
-0.18216359615325928
-0.032725930213928223
0
0
0
0
0
0
0
0
0
0
0
0
0
0
0
0.004297186154872179
0.17599870264530182
0.73154425621032715
1.279572606086731
0.7806696891784668
-0.064799278974533081
-0.23487415909767151
-0.14207544922828674
-0.0014383619418367743
0
0
0
0
0
0
0
0
0
0
0
0
0
0
0
0.0075750695541501045
0.22010883688926697
0.67814397811889648
0.76814967393875122
0.30798512697219849
-0.14906172454357147
-0.16515177488327026
-0.061620477586984634
0
0
0
0
0
0
0
0
0
0
0
0
0
0
0
0
0.0026324058417230844
0.10853376984596252
0.26402726769447327
0.21520683169364929
0.097025014460086823
-0.057024646550416946
-0.08239629864692688
-0.0047945398837327957
0
0
0
0
0
0
0
0
0
0
0
0
0
0
0
0
0
0
0
0
0
0
0.034572761505842209
0.25538361072540283
0.27397352457046509
0.1510150134563446
0.0094116292893886566
-0.10187402367591858
-0.041551679372787476
0
0
0
0
0
0
0
0
0
0
0
0
0
0
0
0
0
0.080524533987045288
0.33207017183303833
0.51237112283706665
0.14820152521133423
-0.26290524005889893
-0.46475628018379211
-0.15595141053199768
0
0
0
0
0
0
0
0
0
0
0
0
0
0
0
0
0
0.16387447714805603
0.68770378828048706
0.74234890937805176
-0.00203704833984375
-0.62175887823104858
-0.8919031023979187
-0.25890132784843445
0
0
0
0
0
0
0
0
0
0
0
0
0
0
0
0
0.040941424667835236
0.38500940799713135
1.0827853679656982
0.88577008247375488
-0.29525429010391235
-0.79455989599227905
-0.9273979663848877
-0.19996911287307739
0
0
0
0
0
0
0
0
0
0
0
0
0
0
0
0
0.078047670423984528
0.59551072120666504
1.3601499795913696
0.78142392635345459
-0.17829270660877228
-0.82909101247787476
-0.82101821899414062
-0.091853663325309753
0
0
0
0
0
0
0
0
0
0
0
0
0
0
0
0
0.23170706629753113
0.91513621807098389
1.3556874990463257
0.38136047124862671
-0.4290814995765686
-0.91006070375442505
-0.56431597471237183
-0.026220129802823067
0
0
0
0
0
0
0
0
0
0
0
0
0
0
0
0.029113903641700745
0.39306557178497314
1.2913022041320801
1.1548119783401489
0.022610127925872803
-0.61670053005218506
-0.99731522798538208
-0.28933617472648621
0
0
0
0
0
0
0
0
0
0
0
0
0
0
0
0
0.08758651465177536
0.65793311595916748
1.5373672246932983
0.9172026515007019
-0.17631940543651581
-0.92384004592895508
-0.93432557582855225
-0.10841745883226395
0
0
0
0
0
0
0
0
0
0
0
0
0
0
0
0
0.16272620856761932
0.98666119575500488
1.5134497880935669
0.57236933708190918
-0.42678984999656677
-1.151043176651001
-0.82387912273406982
-0.027791086584329605
0
0
0
0
0
0
0
0
0
0
0
0
0
0
0
0.051859140396118164
0.38775017857551575
1.2746821641921997
1.4402551651000977
0.32831314206123352
-0.69527369737625122
-1.1619216203689575
-0.60965365171432495
-0.0035173345822840929
0
0
0
0
0
0
0
0
0
0
0
0
0
0
0
0.11487302929162979
0.64379328489303589
1.4789210557937622
1.1656674146652222
0.010278698056936264
-0.8493492603302002
-0.99837124347686768
-0.33039584755897522
0
0
0
0
0
0
0
0
0
0
0
0
0
0
0
0
0.21691817045211792
0.97769671678543091
1.4909160137176514
0.73744231462478638
-0.39202263951301575
-0.93486130237579346
-0.81128746271133423
-0.1279943585395813
0
0
0
0
0
0
0
0
0
0
0
0
0
0
0
0.021835427731275558
0.4201703667640686
1.2812275886535645
1.338137149810791
0.2798498272895813
-0.6884804368019104
-1.049587607383728
-0.57700651884078979
-0.030182324349880219
0
0
0
0
0
0
0
0
0
0
0
0
0
0
0
0.11004309356212616
0.68681973218917847
1.5231873989105225
1.1505619287490845
-0.014857690781354904
-0.91338884830474854
-0.99329328536987305
-0.30417582392692566
-0.002558061620220542
0
0
0
0
0
0
0
0
0
0
0
0
0
0
0
0.16565486788749695
0.98117899894714355
1.5937459468841553
0.80179858207702637
-0.32932817935943604
-0.99772125482559204
-0.83262604475021362
-0.1090649738907814
0
0
0
0
0
0
0
0
0
0
0
0
0
0
0
0
0.3594977855682373
1.2780349254608154
1.4704142808914185
0.45093920826911926
-0.64131319522857666
-1.0992310047149658
-0.67169833183288574
-0.025900373235344887
0
0
0
0
0
0
0
0
0
0
0
0
0
0
0
0.055498376488685608
0.57631313800811768
1.5485244989395142
1.359239935874939
0.22898077964782715
-0.90346610546112061
-1.1718697547912598
-0.49501326680183411
0
0
0
0
0
0
0
0
0
0
0
0
0
0
0
0
0.13048413395881653
0.86605644226074219
1.6943079233169556
1.1704258918762207
-0.08524787425994873
-1.149638295173645
-1.1017000675201416
-0.32616078853607178
0
0
0
0
0
0
0
0
0
0
0
0
0
0
0
0.0090980948880314827
0.26794642210006714
1.1785099506378174
1.6791266202926636
0.84950768947601318
-0.43933501839637756
-1.1768590211868286
-0.97989612817764282
-0.1946820467710495
0
0
0
0
0
0
0
0
0
0
0
0
0
0
0
0.0049098646268248558
0.41012555360794067
1.3479821681976318
1.4406958818435669
0.49189490079879761
-0.78537970781326294
-1.1640297174453735
-0.71230161190032959
-0.071526050567626953
0
0
0
0
0
0
0
0
0
0
0
0
0
0
0
0.010157008655369282
0.4329092800617218
1.2000290155410767
1.0502697229385376
0.15836746990680695
-0.77095222473144531
-0.85758525133132935
-0.42822027206420898
-0.023189377039670944
0
0
0
0
0
0
0
0
0
0
0
0
0
0
0
0.016193995252251625
0.54005670547485352
0.99192118644714355
0.69368851184844971
0.16452732682228088
-0.43036866188049316
-0.54000633955001831
-0.16527318954467773
-0.00095927307847887278
0
0
0
0
0
0
0
0
0
0
0
0
0
0
0
0.012108815833926201
0.37051790952682495
0.61070680618286133
0.48870006203651428
0.27811664342880249
-0.077292591333389282
-0.2207973450422287
-0.045641906559467316
0
0
0
0
0
0
0
0
0
0
0
0
0
0
0
0
0.0032529844902455807
0.13180814683437347
0.23895493149757385
0.35045617818832397
0.18646004796028137
-0.07858884334564209
-0.057832572609186172
-0.0031975768506526947
0
0
0
0
0
0
0
0
0
0
