0.0081738876178860664
0.14157265424728394
0.37306332588195801
1.9937210083007812
1.7557530403137207
-1.397752046585083
-1.415391206741333
0.41586673259735107
0.033981636166572571
0.053731411695480347
0.76119577884674072
2.8796982765197754
1.44346022605896
-1.7624989748001099
-1.0270286798477173
0.50186485052108765
0.10053745657205582
0.063676804304122925
1.2191542387008667
2.8445534706115723
0.26528045535087585
-1.8406023979187012
-0.54863619804382324
0.53669828176498413
0.11125114560127258
0.38621926307678223
2.1758573055267334
2.5537323951721191
-0.84783846139907837
-1.6063003540039062
0.001590462401509285
0.55053114891052246
0.065714240074157715
0.85486340522766113
3.0874664783477783
1.8834221363067627
-1.4981205463409424
-1.0638042688369751
0.42118021845817566
0.37448346614837646
-0.0023071765899658203
1.2685645818710327
3.4557929039001465
0.82629972696304321
-1.9043107032775879
-0.79677867889404297
0.45600813627243042
0.19393733143806458
-0.25444722175598145
1.3810114860534668
2.5278925895690918
-0.54239010810852051
-2.0796475410461426
-0.30770194530487061
0.48485034704208374
0.12170268595218658
-0.43366533517837524
1.1665065288543701
1.2358675003051758
-1.0767092704772949
-1.1425926685333252
0.47490337491035461
0.5812835693359375
0.084437116980552673
-0.0031699093524366617
-0.068282760679721832
-0.55575764179229736
0.03346097469329834
0.3698735237121582
0.53095352649688721
1.3946760892868042
0.43457213044166565
-0.0068238819949328899
-0.17636844515800476
-0.57393676042556763
0.11723402142524719
-0.11297403275966644
0.39813315868377686
0.48276251554489136
-0.25258782505989075
-0.020194610580801964
-0.4041750431060791
-0.52032727003097534
0.12065818905830383
-0.34266781806945801
0.50916671752929688
-0.041030168533325195
-0.42935222387313843
-0.060953788459300995
-0.63411831855773926
-0.39807084202766418
0.0595807284116745
-0.2476167231798172
0.41859406232833862
-0.34456974267959595
-0.34199193120002747
-0.17991319298744202
-0.78981435298919678
-0.22976407408714294
-0.33304888010025024
0.022374019026756287
0.16997244954109192
-0.5249977707862854
-0.1843264102935791
-0.34976622462272644
-0.68983834981918335
-0.25714650750160217
-0.69241666793823242
0.1093081459403038
-0.12415209412574768
-0.50400328636169434
-0.093031972646713257
-0.1684383898973465
-0.19197443127632141
0.24258556962013245
-0.32798361778259277
0.25546407699584961
-0.3694014847278595
-0.45406913757324219
-0.08376910537481308
0.16464237868785858
0.51004379987716675
0.28662395477294922
0.036506690084934235
-0.22107701003551483
-0.99881565570831299
-0.38961407542228699
-0.0489688441157341
-0.0035054688341915607
-0.043534629046916962
-0.33150047063827515
-0.42846626043319702
-1.1894457340240479
-2.2265324592590332
-1.3978902101516724
-0.22127841413021088
-0.01283576712012291
-0.074749648571014404
-0.4903729259967804
-0.79567229747772217
-1.8341555595397949
-2.430863618850708
-1.1908127069473267
-0.028713908046483994
-0.022461045533418655
-0.22664009034633636
-0.53780555725097656
-1.1385414600372314
-2.3329901695251465
-2.0883517265319824
-0.64708793163299561
-0.024118762463331223
-0.039386816322803497
-0.35801059007644653
-0.53269678354263306
-1.3596762418746948
-2.5634984970092773
-1.6747473478317261
0.030997876077890396
0.053471863269805908
-0.089823797345161438
-0.42118620872497559
-0.5736115574836731
-1.6360205411911011
-2.5945909023284912
-1.1871289014816284
0.24424569308757782
0.072323821485042572
-0.14330562949180603
-0.56345832347869873
-1.2093813419342041
-2.4998245239257812
-2.6384503841400146
-1.1095321178436279
-0.058112036436796188
-0.14195595681667328
-0.82351070642471313
-1.2608437538146973
-1.7144232988357544
-3.0196454524993896
-2.5776398181915283
-0.71519315242767334
-0.25591608881950378
-0.30351585149765015
-0.52865922451019287
-0.10473985970020294
-0.22225888073444366
-1.2544268369674683
-0.92965751886367798
0.18413056433200836
0.092964626848697662
-0.20351113379001617
0.0018548318184912205
-0.17716577649116516
-0.94819772243499756
-0.076203241944313049
2.184394359588623
1.5512144565582275
-1.5777249336242676
-1.4025940895080566
-0.0011750292032957077
-0.47071820497512817
-1.0811681747436523
0.9735109806060791
3.4358954429626465
0.88330209255218506
-2.4553928375244141
-1.2988928556442261
-0.040303871035575867
-0.786385178565979
-0.93660861253738403
2.0711581707000732
3.535369873046875
-0.70410704612731934
-2.8557286262512207
-1.0189833641052246
-0.18316107988357544
-1.0273890495300293
-0.23106981813907623
3.1081669330596924
2.7398314476013184
-1.9627994298934937
-2.5546789169311523
-0.71697461605072021
-0.47753015160560608
-1.1643632650375366
0.7913891077041626
3.731480598449707
1.4305222034454346
-2.6473383903503418
-1.8574123382568359
-0.52748590707778931
-0.8585960865020752
-0.98417210578918457
1.9401315450668335
3.737534761428833
-0.4583333432674408
-3.149477481842041
-1.4627025127410889
-0.50682300329208374
-0.93129420280456543
-0.53961086273193359
2.9811222553253174
2.926145076751709
-2.1849050521850586
-3.0563664436340332
-1.0983732938766479
-0.39169159531593323
-1.1079906225204468
0.36843425035476685
3.4729690551757812
1.5106534957885742
-2.6660525798797607
-1.8556340932846069
-0.45888331532478333
-0.21350337564945221
-0.0091685205698013306
-0.25013017654418945
-0.6710435152053833
-0.31905913352966309
0.63865268230438232
0.89519941806793213
0.77264904975891113
0.36357694864273071
-0.034983403980731964
-0.36045306921005249
-0.82225942611694336
-0.13303841650485992
1.0749466419219971
1.3453818559646606
1.0160220861434937
0.53533226251602173
-0.11998184025287628
-0.49878048896789551
-0.79286092519760132
0.24618692696094513
1.5397650003433228
1.5048068761825562
0.98038429021835327
0.37712395191192627
-0.24309854209423065
-0.71988731622695923
-0.60649162530899048
0.62223964929580688
1.6979129314422607
1.5738105773925781
0.92301172018051147
0.31272092461585999
-0.39153999090194702
-0.89561754465103149
-0.28667360544204712
1.0198078155517578
1.6112936735153198
1.4813896417617798
0.90354597568511963
0.2668667733669281
-0.51491594314575195
-0.94105696678161621
0.1445276290178299
1.5143189430236816
1.7167584896087646
1.2407363653182983
0.59609007835388184
0.096572361886501312
-0.61437773704528809
-0.72182965278625488
0.70298242568969727
2.0599486827850342
1.6391676664352417
0.93079286813735962
0.22697010636329651
-0.026835061609745026
-0.6298140287399292
-0.48698526620864868
1.1093382835388184
1.5979841947555542
1.2479513883590698
0.88416540622711182
0.2921331524848938
-0.025551555678248405
-0.0064543047919869423
-0.23840540647506714
-0.64639300107955933
-0.99586546421051025
-0.9364432692527771
0.11058718711137772
1.2653384208679199
0.56286996603012085
-0.034166276454925537
-0.31095492839813232
-0.92283344268798828
-1.1428513526916504
-0.28116369247436523
1.0513163805007935
1.0707992315292358
-0.26347297430038452
-0.11963390558958054
-0.46054002642631531
-0.93263602256774902
-1.1141890287399292
-0.0036339946091175079
1.3035205602645874
0.76007115840911865
-0.49732086062431335
-0.21973611414432526
-0.70421600341796875
-1.0823272466659546
-0.6522139310836792
0.5060921311378479
1.2490411996841431
0.10658702999353409
-0.50481873750686646
-0.36001932621002197
-0.98194646835327148
-1.144099235534668
-0.067989125847816467
1.2564946413040161
0.95985633134841919
-0.55845385789871216
-0.472849041223526
-0.45555716753005981
-1.0644879341125488
-1.1503368616104126
0.10144030302762985
1.2791980504989624
0.58539032936096191
-0.67424649000167847
-0.21115405857563019
-0.47028803825378418
-1.1112595796585083
-1.0392425060272217
0.40864428877830505
1.4086979627609253
0.32250237464904785
-0.49327924847602844
-0.026912871748209
-0.61564195156097412
-0.99654281139373779
0.13422864675521851
2.0406460762023926
1.915706992149353
-0.23529849946498871
-0.46504819393157959
0.017618352547287941
-0.0076104691252112389
-0.25138875842094421
-0.12101848423480988
1.6988285779953003
2.2191736698150635
0.53458315134048462
-0.88934403657913208
-0.35548606514930725
-0.035772070288658142
-0.37466710805892944
0.55675411224365234
2.8304264545440674
2.1862432956695557
-0.10833601653575897
-0.79929077625274658
0.10056303441524506
-0.11537791043519974
-0.33679008483886719
1.4579393863677979
3.2984225749969482
1.6568214893341064
-0.69220554828643799
-0.59970676898956299
0.1255384087562561
-0.25817686319351196
-0.039239160716533661
2.3669254779815674
3.2323117256164551
0.95012956857681274
-0.9878230094909668
-0.23557297885417938
0.14401660859584808
-0.39212137460708618
0.5924152135848999
3.0957717895507812
2.6688330173492432
-0.030165493488311768
-0.94756299257278442
0.084473952651023865
0.13490600883960724
-0.4002625048160553
1.40491783618927
3.4132397174835205
1.8392186164855957
-0.51525884866714478
-0.55855566263198853
0.14473015069961548
0.011808812618255615
-0.12820219993591309
2.3034112453460693
3.4259123802185059
1.3660420179367065
-0.65760469436645508
-0.22901293635368347
0.15896058082580566
-0.050986330956220627
0.53996831178665161
3.2094810009002686
2.6503381729125977
-0.42575645446777344
-1.156251072883606
-0.027729801833629608
0.089303672313690186
-0.043351911008358002
0.0023835795000195503
-0.043219320476055145
-0.15658177435398102
0.007608361542224884
-0.10567869246006012
-0.091616608202457428
-0.30973422527313232
-0.55599892139434814
0.0057291900739073753
-0.12695281207561493
-0.18821612000465393
0.076343312859535217
0.024196606129407883
-0.11083096265792847
-0.52988839149475098
-0.61794304847717285
-0.0023010624572634697
-0.14926503598690033
-0.18467099964618683
-0.16069974005222321
0.026470473036170006
0.047444060444831848
-0.34134814143180847
-0.45654618740081787
-0.044888988137245178
-0.16427917778491974
-0.037206530570983887
-0.2672576904296875
-0.31377968192100525
-0.25662648677825928
-0.37592494487762451
-0.1683269590139389
-0.14068400859832764
-0.19851557910442352
0.0093431547284126282
-0.20808091759681702
-0.51288068294525146
-0.68896883726119995
-0.58381670713424683
-0.008493008092045784
-0.22459791600704193
-0.15004411339759827
-0.091855607926845551
-0.035267375409603119
-0.24500124156475067
-0.81296700239181519
-0.63402736186981201
-0.031617749482393265
0.037641264498233795
0.20858493447303772
0.30662679672241211
0.47216635942459106
-0.0033360873349010944
-0.44503301382064819
-0.37012991309165955
-0.053552236407995224
-0.14815986156463623
0.45607006549835205
1.0368152856826782
1.2730523347854614
0.75714176893234253
0.13107307255268097
0.013041313737630844
-0.016726134344935417
0.0032425983808934689
0.24562063813209534
0.75398099422454834
1.2672270536422729
-1.26493239402771
-2.1293916702270508
0.33691146969795227
1.5179941654205322
0.025467982515692711
0.39252075552940369
1.2308762073516846
1.396729588508606
-2.1181371212005615
-1.6997376680374146
1.487606406211853
1.7171390056610107
0.1104976013302803
0.55292379856109619
1.5590682029724121
0.57569646835327148
-2.7118051052093506
-0.70710456371307373
2.254946231842041
1.331383228302002
0.24479776620864868
0.78835725784301758
1.7364727258682251
-0.56923520565032959
-2.644974946975708
0.50251311063766479
2.5007326602935791
0.85281634330749512
0.41328614950180054
1.2656595706939697
1.5161160230636597
-1.8074049949645996
-1.9957164525985718
1.6266758441925049
2.24855637550354
0.42628675699234009
0.61173808574676514
1.762423038482666
0.79305922985076904
-2.6802411079406738
-0.99246883392333984
2.2409577369689941
1.5486395359039307
0.097195550799369812
0.82124722003936768
2.1283407211303711
-0.15228934586048126
-2.889117956161499
0.043291583657264709
2.5480523109436035
0.97506260871887207
-0.086718454957008362
0.80305027961730957
1.96097731590271
-1.1403751373291016
-2.2499964237213135
1.5007632970809937
2.7721858024597168
0.729694664478302
-0.039138279855251312
0.00038188439793884754
0.0059370268136262894
0.18110981583595276
0.6558767557144165
1.1976516246795654
1.8671379089355469
1.6811405420303345
-0.13659702241420746
0.0066871587187051773
0.042367342859506607
0.2002502977848053
0.74067169427871704
1.7615753412246704
2.56363844871521
1.4232412576675415
-0.63015872240066528
0.0043751876801252365
0.10917896032333374
0.37229478359222412
1.0214921236038208
2.0200817584991455
2.680471658706665
0.80111443996429443
-0.85230904817581177
0.01793305017054081
0.13813862204551697
0.61483418941497803
1.4606904983520508
2.2323012351989746
2.2979109287261963
-0.02394464984536171
-0.91530001163482666
0.047786321491003036
0.14681106805801392
0.75966167449951172
1.9423531293869019
2.7275619506835938
1.7086871862411499
-0.64833438396453857
-0.79809278249740601
0.078046515583992004
0.27021685242652893
1.0040788650512695
2.4201982021331787
3.1253321170806885
1.0800251960754395
-0.88115143775939941
-0.51445245742797852
0.23535270988941193
0.50896543264389038
1.152079701423645
2.1648538112640381
2.5018692016601562
0.4299750030040741
-0.79758912324905396
-0.23614566028118134
0.084708645939826965
0.13266554474830627
0.36663076281547546
1.5083792209625244
1.4784564971923828
-0.43581342697143555
-0.86062425374984741
-0.12246685475111008
0.0067959297448396683
0.36492076516151428
1.0070950984954834
0.8701818585395813
-0.9965631365776062
-3.6531062126159668
-2.0410919189453125
0.23962625861167908
0.049297112971544266
0.61619734764099121
1.1041889190673828
0.52046173810958862
-2.7685039043426514
-4.4368386268615723
-0.51633542776107788
0.92783379554748535
0.15799257159233093
0.81519663333892822
1.0284922122955322
-0.15711480379104614
-4.2891707420349121
-3.8605103492736816
0.52339673042297363
0.89220970869064331
0.37930381298065186
0.97439980506896973
0.6969408392906189
-1.641730785369873
-5.2677273750305176
-2.3379926681518555
1.1164662837982178
0.80382204055786133
0.63573312759399414
1.0021429061889648
0.25601598620414734
-3.2592239379882812
-5.273806095123291
-0.49957650899887085
1.6291947364807129
0.77181118726730347
0.84480178356170654
1.0245208740234375
-0.28187090158462524
-4.2341094017028809
-4.1764202117919922
0.67518240213394165
1.2732210159301758
0.56842827796936035
1.1718542575836182
0.98718279600143433
-1.5551172494888306
-5.7698330879211426
-3.6327555179595947
0.72530227899551392
0.75229352712631226
0.37277039885520935
0.82505989074707031
-0.18162988126277924
-4.6408538818359375
-7.3090872764587402
-2.4138293266296387
1.304081916809082
0.81522881984710693
0.25594508647918701
-0.010571802034974098
-0.32034885883331299
-0.17280310392379761
0.66800796985626221
0.44120264053344727
0.1565089225769043
0.2984444797039032
0.25400573015213013
-0.045258432626724243
-0.37841388583183289
0.017335593700408936
0.39157557487487793
0.16869199275970459
0.2022051066160202
0.24407872557640076
0.17470814287662506
-0.16288599371910095
-0.29321193695068359
0.37283545732498169
0.33136391639709473
0.063349582254886627
0.36525461077690125
0.50823491811752319
0.23595672845840454
-0.32530054450035095
-0.23911739885807037
0.45185732841491699
0.22449308633804321
-0.16003212332725525
0.12530307471752167
0.42418983578681946
0.18895220756530762
-0.41837987303733826
-0.16235543787479401
0.20254817605018616
-0.12462042272090912
-0.1611771434545517
-0.086213752627372742
0.10641278326511383
-0.11892086267471313
-0.40100830793380737
0.16791142523288727
0.22678008675575256
0.010874690487980843
0.29017674922943115
0.27980825304985046
0.051015064120292664
-0.28710100054740906
0.1678214967250824
0.84600615501403809
0.87123358249664307
0.52864283323287964
0.78202271461486816
0.7651790976524353
0.20608073472976685
-0.27603963017463684
0.23781724274158478
0.53924065828323364
0.46556571125984192
0.23855850100517273
0.54497277736663818
0.75137096643447876
0.11757391691207886
-0.15684680640697479
0.001049926970154047
0.11932680010795593
-0.13257704675197601
-2.4170076847076416
-2.9676270484924316
1.5826989412307739
3.5736207962036133
1.2690155506134033
0.012444902211427689
0.17713378369808197
-0.52530890703201294
-3.0947630405426025
-2.0724179744720459
3.102480411529541
3.3502860069274902
0.64088290929794312
0.052056573331356049
0.12243515253067017
-1.2863618135452271
-3.5395092964172363
-0.52145630121231079
4.0996308326721191
2.6650214195251465
0.045979961752891541
0.13486514985561371
-0.09105268120765686
-2.2452411651611328
-3.3737609386444092
1.2858318090438843
4.0734624862670898
1.7533893585205078
-0.25000190734863281
0.21793720126152039
-0.44554120302200317
-3.0908572673797607
-2.5292201042175293
2.9170260429382324
3.7411355972290039
0.95432287454605103
-0.28509300947189331
0.25873488187789917
-0.99478596448898315
-3.7199652194976807
-1.0967618227005005
4.1525683403015137
3.2625677585601807
0.34952405095100403
-0.31355926394462585
0.19748950004577637
-1.6203198432922363
-3.5468399524688721
0.58880162239074707
4.2185039520263672
2.2405545711517334
-0.10280409455299377
-0.26764348149299622
0.23125745356082916
-1.4928437471389771
-2.0209083557128906
1.4272855520248413
2.5315771102905273
0.64212948083877563
-0.41699272394180298
-0.15779878199100494
-0.0087802745401859283
-0.17749026417732239
-1.2112072706222534
-2.1749551296234131
0.42753362655639648
2.0232610702514648
1.3760350942611694
0.3248065710067749
-0.024679007008671761
-0.35942313075065613
-1.9139804840087891
-1.9131391048431396
0.84790527820587158
2.0065393447875977
1.0530695915222168
0.35116571187973022
-0.085110045969486237
-0.70535910129547119
-2.4890439510345459
-1.5066018104553223
1.336159348487854
2.0437936782836914
0.8004838228225708
0.22583772242069244
-0.19300457835197449
-1.2809243202209473
-2.6916589736938477
-0.93851101398468018
1.319489598274231
1.7686102390289307
0.83699482679367065
0.17892862856388092
-0.37040212750434875
-2.0115470886230469
-2.3638143539428711
0.073595687747001648
1.5500252246856689
1.157663106918335
0.5974770188331604
0.22952090203762054
-0.62264782190322876
-2.7718772888183594
-1.7989327907562256
1.4447036981582642
2.1340892314910889
0.79775339365005493
0.269571453332901
0.10608603060245514
-0.94587379693984985
-3.016510009765625
-1.2621665000915527
1.8029390573501587
2.5440442562103271
1.0855253934860229
0.28863462805747986
-0.019607603549957275
-1.5328296422958374
-3.7171893119812012
-1.8580421209335327
1.386305570602417
2.4534659385681152
1.3024263381958008
0.22069551050662994
-0.023825734853744507
-0.010547656565904617
-0.4090113639831543
-1.7828896045684814
-1.7051563262939453
-0.11343535035848618
1.0182782411575317
0.60982483625411987
-0.41763842105865479
-0.052899427711963654
-0.83464884757995605
-2.0069642066955566
-0.75092464685440063
0.75101637840270996
1.4155281782150269
0.48026597499847412
-0.26005655527114868
-0.16014936566352844
-1.3132880926132202
-1.9597185850143433
-0.01417125016450882
1.088811993598938
1.4262787103652954
0.28942272067070007
-0.19345639646053314
-0.42396032810211182
-1.7766119241714478
-1.4978086948394775
0.67305088043212891
1.5291199684143066
1.0903621912002563
-0.06499471515417099
-0.1909344494342804
-0.79782086610794067
-2.0335919857025146
-0.77334499359130859
1.0542933940887451
1.4834158420562744
0.4906734824180603
-0.28171220421791077
-0.12379346042871475
-1.2256029844284058
-2.0267646312713623
-0.22625046968460083
0.97386223077774048
1.1894351243972778
0.24453920125961304
-0.16695095598697662
-0.065741255879402161
-1.551979660987854
-1.4731549024581909
0.85093939304351807
1.8235008716583252
2.0244519710540771
0.47261074185371399
-0.0044836737215518951
-0.011255340650677681
-1.1085572242736816
0.54582995176315308
3.0352842807769775
3.3107826709747314
1.6583089828491211
-0.1395399272441864
-0.19406932592391968
-0.017528912052512169
-0.010094478726387024
-0.37869894504547119
-0.65794837474822998
0.043265983462333679
0.28261050581932068
-0.27112597227096558
-0.336006760597229
-0.40912038087844849
-0.044960714876651764
-0.53990697860717773
-0.74760591983795166
-0.15713158249855042
-0.073468580842018127
-0.22803109884262085
-0.22131110727787018
-0.42095118761062622
-0.17542862892150879
-0.63405138254165649
-0.53588223457336426
-0.013440071605145931
-0.15299554169178009
-0.014713341370224953
-0.18236954510211945
-0.16752757132053375
-0.37233692407608032
-0.71995508670806885
-0.35691854357719421
0.032285287976264954
-0.24533924460411072
-0.20156946778297424
-0.42504119873046875
-0.1635277271270752
-0.5979926586151123
-0.83580416440963745
-0.28929340839385986
-0.23251025378704071
-0.41177916526794434
-0.42143175005912781
-0.59260672330856323
-0.19906996190547943
-0.72488540410995483
-0.76460200548171997
-0.15022990107536316
-0.38047832250595093
-0.29561507701873779
-0.46326974034309387
-0.45923393964767456
-0.16915763914585114
-0.62374156713485718
-0.35212409496307373
0.30698946118354797
0.41064453125
0.31978395581245422
-0.087810307741165161
-0.066565386950969696
-0.019185714423656464
-0.55890792608261108
0.098864540457725525
1.2969924211502075
1.2366911172866821
0.826385498046875
0.106749527156353
-0.033973842859268188
0.02911045029759407
