3.8690404891967773
-1.8947179317474365
-0.99448090791702271
4.828676700592041
0.49040016531944275
0.5307997465133667
1.873831033706665
1.7128057479858398
1.8655769824981689
-6.6621894836425781
-1.4781142473220825
1.5175979137420654
-2.366612434387207
3.0921919345855713
4.0941224098205566
-1.2590574026107788
2.0004637241363525
1.9810576438903809
2.5931000709533691
4.9119367599487305
5.3467617034912109
1.3986843824386597
0.2829626202583313
0.49803358316421509
3.1117048263549805
-1.2563461065292358
6.6322917938232422
-3.8969795703887939
-1.3502066135406494
0.51747936010360718
-0.073423288762569427
1.3297765254974365
1.5960060358047485
2.8417830467224121
1.6594784259796143
-2.1874523162841797
3.3450562953948975
1.903902530670166
-1.2711144685745239
1.8863515853881836
-0.3531833291053772
-2.6319928169250488
0.33049020171165466
-4.2118492126464844
-0.63037031888961792
1.9752037525177002
-1.7406593561172485
1.3535600900650024
1.3770033121109009
4.2591733932495117
3.366931676864624
2.6895451545715332
0.14030665159225464
-4.165165901184082
-1.9705467224121094
-2.6420459747314453
-5.5227336883544922
-2.4204709529876709
-0.49154761433601379
-2.3721153736114502
2.0358803272247314
-0.81982189416885376
1.9312260150909424
-0.9091719388961792
0.51456242799758911
4.3908147811889648
2.4002940654754639
1.6024805307388306
-2.278003454208374
-5.2469773292541504
1.5609884262084961
3.580204963684082
1.6646676063537598
1.6357563734054565
1.4129320383071899
2.8300266265869141
-5.9460649490356445
5.6997847557067871
-2.9667038917541504
2.2144145965576172
2.7518153190612793
-2.4719295501708984
4.2300043106079102
-5.1256046295166016
-2.0112254619598389
0.37256321310997009
1.6866692304611206
3.4607071876525879
-4.094301700592041
2.0612924098968506
-0.62843555212020874
-1.9751071929931641
1.580564022064209
0.9155433177947998
-2.3001890182495117
2.2874140739440918
0.16275481879711151
2.2343206405639648
-8.7903108596801758
1.0367076396942139
-0.017267115414142609
-0.41508480906486511
-0.65092188119888306
-2.7917459011077881
-3.8762593269348145
3.8218815326690674
0.32494911551475525
-1.9144918918609619
-1.5103862285614014
2.7064659595489502
-2.8343045711517334
1.7693901062011719
1.822598934173584
-2.7925708293914795
-3.6006245613098145
-2.1293752193450928
0.30885162949562073
-2.4183731079101562
-1.6123027801513672
2.1666607856750488
