-4.7066545486450195
7.0204720497131348
-2.4743421077728271
-1.4060406684875488
6.6212844848632812
1.215013861656189
2.8708322048187256
2.7961466312408447
0.21509179472923279
3.6407167911529541
0.61775636672973633
3.0683999061584473
-1.6308969259262085
2.290973424911499
1.6331561803817749
0.65945398807525635
1.3294411897659302
-3.2187473773956299
-1.3391176462173462
1.3191769123077393
3.8055596351623535
5.6338520050048828
-2.6585755348205566
6.5062465667724609
0.35930252075195312
2.3832406997680664
2.4316558837890625
0.77235186100006104
7.9073638916015625
-0.49326691031455994
2.2340328693389893
-2.4346494674682617
1.7203778028488159
-3.8559579849243164
4.6424732208251953
-2.1241192817687988
4.4017815589904785
3.3106598854064941
3.5116164684295654
0.56146353483200073
-0.84026038646697998
-4.3063445091247559
-0.013620525598526001
1.0164234638214111
0.077297806739807129
3.98244309425354
0.31055724620819092
2.6798615455627441
-0.2398485541343689
0.70655292272567749
-0.50779259204864502
-0.58191531896591187
-0.90037071704864502
3.0166585445404053
1.357671856880188
-1.3389719724655151
-0.24752727150917053
3.9149255752563477
0.27180641889572144
1.4038968086242676
-1.1713876724243164
8.1263504028320312
-0.20292888581752777
5.2960052490234375
-0.079508349299430847
-2.4762754440307617
4.0085897445678711
-1.0219722986221313
-0.43620887398719788
3.3010399341583252
-0.59098583459854126
0.76822227239608765
2.0597755908966064
0.2973746657371521
-0.35165491700172424
-2.3352231979370117
-0.36914771795272827
6.8015651702880859
3.1314020156860352
-2.3839151859283447
2.7504622936248779
-0.95975399017333984
-3.4249663352966309
-3.7687511444091797
