0
0
0
0
0
0
0.00087355682626366615
0.035252392292022705
0.21426348388195038
0.082951195538043976
0
0
0
0
0
0
0
0.00064237130573019385
0
0
0
0
0
0
0
0
0
0
0
0
0.0078854551538825035
0.054049879312515259
0.010844363830983639
0.094800263643264771
0
0
0
0
0
0
0
0.00045679736649617553
0.025913774967193604
0.0086370017379522324
0.12588950991630554
0
0
0
0
0
0
0
0.00081367028178647161
0
0.029366010800004005
0
0.065628372132778168
0
0
0
0
0
0
0
0
0
0.10228821635246277
0.059849783778190613
0.1762315034866333
0
0
0
0
0
0
0
0.00034259801032021642
0.088337399065494537
0.10493652522563934
0.044100269675254822
0.081833407282829285
0
0
0
0
0
0
0
0
0.066991783678531647
0.10279038548469543
0.1563454270362854
0
0
0
0
0
0
0
0.00087076995987445116
0
0.059962820261716843
0
0
0
0
0
0
0
0
0
0.00014274918066803366
0
0
0
0.047241125255823135
0
0
0
0
0
0
0
0.083174586296081543
0.42938241362571716
0.45407140254974365
0.23662520945072174
0.07129129022359848
0
0
0
0
0
0
0
0.25288781523704529
0.65846598148345947
0.79461151361465454
0.41000127792358398
0
0
0
0
0
0
0
0
0
0
0
0
0
0.090003333985805511
0.11268818378448486
0
0
0
0
0
0
0
0
0
0
0.71805566549301147
0.16293025016784668
0
0
0
0
0
0
0
0
0
0.42185100913047791
1.0223721265792847
0.03374766930937767
0
0
0
0
0
0
0
0
0
0.73561787605285645
0.9742472767829895
0
0
0
0
0
0
0
0
0
0.053346917033195496
0.95291680097579956
0.5188477635383606
0
0
0
0
0
0
0
0
0
0.50624006986618042
1.0663859844207764
0.15971784293651581
0
0
0
0
0
0
0
0
0
0.93489229679107666
1.0918999910354614
0
0
0
0
0
0
0
0
0
0
0.96663969755172729
0.70493954420089722
0
0
0
0
0
0
0
0
0
0.13444666564464569
0.83676755428314209
0.24468740820884705
0
0
0
0
0
0
0
0
0
0.98076093196868896
1.0528695583343506
0.056387089192867279
0
0
0
0
0
0
0
0.33662503957748413
1.4187934398651123
1.2805423736572266
0.94121593236923218
0
0
0
0
0
0
0
0
0.46333524584770203
1.173515796661377
0.94623774290084839
0.21710111200809479
0
0
0
0
0
0
0
0
0
0
0
0.1070542186498642
0.34012866020202637
0.64605224132537842
0.093622252345085144
0
0
0
0
0
0
0
0
0.47214686870574951
1.1021440029144287
0.95497357845306396
0.10389423370361328
0
0
0
0
0
0
0
0.023198597133159637
0.74553805589675903
1.0966498851776123
0.81454408168792725
0.058894507586956024
0
0
0
0
0
0
0
0.25301030278205872
1.0379228591918945
1.1117322444915771
0.59722167253494263
0
0
0
0
0
0
0
0
0.48232722282409668
1.3351736068725586
1.2787058353424072
0.40898579359054565
0
0
0
0
0
0
0
0.075475513935089111
0.89759904146194458
1.3029754161834717
1.0705398321151733
0.16053462028503418
0
0
0
0
0
0
0
0.1974799633026123
1.1130778789520264
1.3117411136627197
0.7334551215171814
0.052853502333164215
0
0
0
0
0
0
0
0.53353315591812134
1.2572551965713501
1.3156468868255615
0.49941974878311157
0
0
0
0
0
0
0
0
0.82591736316680908
1.4537458419799805
1.3243825435638428
0.2909940779209137
0
0
0
0
0
0
0
0.21074354648590088
1.1862196922302246
1.5184798240661621
1.1396178007125854
0.13694863021373749
0
0
0
0
0
0
0
0.34464699029922485
1.204756498336792
1.0833984613418579
0.52628219127655029
0.046484190970659256
0
0
0
0
0
0
0
0.025798199698328972
0.10452423244714737
0.21919003129005432
0.1573442816734314
0
0
0
0
0
0
0
0
0
0
0
0.12159634381532669
0.1241786852478981
0.04430495947599411
0
0
0
0
0
0
0
0
0.023727988824248314
0.013720545917749405
0.8442872166633606
0.32838201522827148
0
0
0
0
0
0
0
0
0.044314809143543243
0
1.0000306367874146
0
0.020103126764297485
0
0
0
0
0
0
0
0.050108466297388077
0.68330150842666626
0.95693403482437134
0
0
0
0
0
0
0
0
0.030055452138185501
0.025441057980060577
1.0614486932754517
0.75987976789474487
0.0091546587646007538
0
0
0
0
0
0
0
0.065412372350692749
0
1.0304702520370483
0.22667516767978668
0
0
0
0
0
0
0
0
0.063286669552326202
0.50090771913528442
1.0855637788772583
0
0.014302469789981842
0
0
0
0
0
0
0
0.04336051270365715
1.1435489654541016
0.87227547168731689
0.019857965409755707
0
0
0
0
0
0
0
0.074378281831741333
0
1.0202620029449463
0.32224631309509277
0
0
0
0
0
0
0
0
0.017877772450447083
0.053510852158069611
1.121790885925293
0
0
0
0
0
0
0
0
0
0
0.79681247472763062
1.1188656091690063
0
0.014464994892477989
0
0
0
0
0
0
0
0.1235920786857605
0.51072216033935547
0.12752723693847656
0.040486402809619904
0
0
0
0
0
0
0
0
0
0
0
0.21236567199230194
0.59583586454391479
0.50062519311904907
0.1256181001663208
0
0
0
0
0
0
0
0.03080408088862896
0.57686775922775269
1.2418060302734375
0.62418454885482788
0.079011805355548859
0
0
0
0
0
0
0
0.099465794861316681
1.1933815479278564
1.652635931968689
0.36315184831619263
0
0
0
0
0
0
0
0
0.24964892864227295
1.8976699113845825
1.5446377992630005
0.071664519608020782
0
0
0
0
0
0
0
0.039018500596284866
0.70494306087493896
1.8972171545028687
1.1936376094818115
0.0062913764268159866
0
0
0
0
0
0
0
0.06052142009139061
1.321966290473938
1.9634534120559692
0.70691996812820435
0
0
0
0
0
0
0
0
0.30151647329330444
1.9202257394790649
1.7791889905929565
0.13087816536426544
0
0
0
0
0
0
0
0
0.72911286354064941
2.0268492698669434
1.3925701379776001
0
0
0
0
0
0
0
0
0.070448987185955048
1.244991660118103
2.1477739810943604
0.89244866371154785
0
0
0
0
0
0
0
0
0.093099102377891541
1.770443320274353
2.185532808303833
0.41927587985992432
0
0
0
0
0
0
0
0
0.17599870264530182
1.7604483366012573
1.4776184558868408
0
0
0
0
0
0
0
0
0
0.22010883688926697
0.76814967393875122
0.30798512697219849
0
0
0
0
0
0
0
0
0
0
0
0
0.33207017183303833
0.51237112283706665
0.0094116292893886566
0
0
0
0
0
0
0
0
0.040941424667835236
1.0827853679656982
0.88577008247375488
0
0
0
0
0
0
0
0
0
0.23170706629753113
1.3601499795913696
0.78142392635345459
0
0
0
0
0
0
0
0
0
0.65793311595916748
1.5373672246932983
0.022610127925872803
0
0
0
0
0
0
0
0
0.051859140396118164
1.2746821641921997
1.5134497880935669
0
0
0
0
0
0
0
0
0
0.21691817045211792
1.4909160137176514
1.1656674146652222
0
0
0
0
0
0
0
0
0
0.68681973218917847
1.5231873989105225
0.2798498272895813
0
0
0
0
0
0
0
0
0
1.2780349254608154
1.5937459468841553
0
0
0
0
0
0
0
0
0
0.13048413395881653
1.6943079233169556
1.359239935874939
0
0
0
0
0
0
0
0
0
0.41012555360794067
1.6791266202926636
0.84950768947601318
0
0
0
0
0
0
0
0
0
0.54005670547485352
1.2000290155410767
0.16452732682228088
0
0
0
0
0
0
0
0
0
0.37051790952682495
0.61070680618286133
0.27811664342880249
0
0
0
0
0
0
