0.14157265424728394
2.8796982765197754
1.7557530403137207
0.50186485052108765
0.38621926307678223
2.8445534706115723
0.26528045535087585
0.55053114891052246
1.2685645818710327
3.4557929039001465
0
0.45600813627243042
1.3810114860534668
2.5278925895690918
0.47490337491035461
0.5812835693359375
0
0.11723402142524719
0.53095352649688721
1.3946760892868042
0
0.12065818905830383
0.50916671752929688
0
0
0
0.16997244954109192
0
0.51004379987716675
0.28662395477294922
0.25546407699584961
0
0
0
0
0
0
0
0
0.053471863269805908
0
0
0
0.24424569308757782
0
0
0.18413056433200836
0.092964626848697662
0.0018548318184912205
0.9735109806060791
3.4358954429626465
0
0
3.1081669330596924
3.535369873046875
0
0
3.737534761428833
1.4305222034454346
0
0.36843425035476685
3.4729690551757812
0
0
0
0
1.3453818559646606
1.0160220861434937
0
0.62223964929580688
1.6979129314422607
0.98038429021835327
0
1.5143189430236816
1.7167584896087646
0.90354597568511963
0
2.0599486827850342
1.6391676664352417
0.2921331524848938
0
0
1.0513163805007935
1.2653384208679199
0
0
1.3035205602645874
0.76007115840911865
0
0.10144030302762985
1.2791980504989624
0
0
2.0406460762023926
1.915706992149353
0.017618352547287941
0
2.8304264545440674
2.2191736698150635
0.10056303441524506
0
3.2984225749969482
1.6568214893341064
0.14401660859584808
1.40491783618927
3.4132397174835205
0
0.14473015069961548
3.2094810009002686
3.4259123802185059
0
0.15896058082580566
0.0057291900739073753
0.076343312859535217
0.024196606129407883
0
0
0
0.047444060444831848
0
0
0.0093431547284126282
0
0
0.45607006549835205
1.2730523347854614
0.75714176893234253
0.013041313737630844
0.39252075552940369
1.396729588508606
0
1.7171390056610107
0.78835725784301758
1.7364727258682251
0.50251311063766479
2.5007326602935791
1.762423038482666
1.5161160230636597
2.2409577369689941
2.24855637550354
2.1283407211303711
0
2.7721858024597168
0.97506260871887207
0.042367342859506607
0.74067169427871704
2.56363844871521
1.6811405420303345
0.13813862204551697
1.4606904983520508
2.680471658706665
0.80111443996429443
0.27021685242652893
2.4201982021331787
3.1253321170806885
0
0.50896543264389038
2.1648538112640381
2.5018692016601562
0
0.61619734764099121
1.1041889190673828
0
0.92783379554748535
0.97439980506896973
1.0284922122955322
0
1.1164662837982178
1.0245208740234375
0.25601598620414734
0.67518240213394165
1.6291947364807129
1.1718542575836182
0
1.304081916809082
0.81522881984710693
0
0.66800796985626221
0.44120264053344727
0.2984444797039032
0
0.45185732841491699
0.36525461077690125
0.50823491811752319
0.16791142523288727
0.22678008675575256
0.29017674922943115
0.10641278326511383
0.84600615501403809
0.87123358249664307
0.78202271461486816
0.20608073472976685
0.17713378369808197
0
3.102480411529541
3.5736207962036133
0.13486514985561371
0
4.0996308326721191
2.6650214195251465
0.25873488187789917
0
4.1525683403015137
0.95432287454605103
0.23125745356082916
1.4272855520248413
4.2185039520263672
0
0
0
2.0232610702514648
1.3760350942611694
0
0
2.0437936782836914
0.83699482679367065
0
1.4447036981582642
2.1340892314910889
0.5974770188331604
0
1.8029390573501587
2.5440442562103271
0.28863462805747986
0
0
1.4155281782150269
0.60982483625411987
0
0.67305088043212891
1.5291199684143066
0.28942272067070007
0
1.0542933940887451
1.4834158420562744
0
0.54582995176315308
3.3107826709747314
2.0244519710540771
0
0
0.043265983462333679
0.28261050581932068
0
0
0.032285287976264954
0
0
0
0
0
0
0.098864540457725525
1.2969924211502075
0.826385498046875
0.02911045029759407
