3.8690404891967773
0
0
4.828676700592041
0.49040016531944275
0.5307997465133667
1.873831033706665
1.7128057479858398
1.8655769824981689
0
0
1.5175979137420654
0
3.0921919345855713
4.0941224098205566
0
2.0004637241363525
1.9810576438903809
2.5931000709533691
4.9119367599487305
5.3467617034912109
1.3986843824386597
0.2829626202583313
0.49803358316421509
3.1117048263549805
0
6.6322917938232422
0
0
0.51747936010360718
0
1.3297765254974365
1.5960060358047485
2.8417830467224121
1.6594784259796143
0
3.3450562953948975
1.903902530670166
0
1.8863515853881836
0
0
0.33049020171165466
0
0
1.9752037525177002
0
1.3535600900650024
1.3770033121109009
4.2591733932495117
3.366931676864624
2.6895451545715332
0.14030665159225464
0
0
0
0
0
0
0
2.0358803272247314
0
1.9312260150909424
0
0.51456242799758911
4.3908147811889648
2.4002940654754639
1.6024805307388306
0
0
1.5609884262084961
3.580204963684082
1.6646676063537598
1.6357563734054565
1.4129320383071899
2.8300266265869141
0
5.6997847557067871
0
2.2144145965576172
2.7518153190612793
0
4.2300043106079102
0
0
0.37256321310997009
1.6866692304611206
3.4607071876525879
0
2.0612924098968506
0
0
1.580564022064209
0.9155433177947998
0
2.2874140739440918
0.16275481879711151
2.2343206405639648
0
1.0367076396942139
0
0
0
0
0
3.8218815326690674
0.32494911551475525
0
0
2.7064659595489502
0
1.7693901062011719
1.822598934173584
0
0
0
0.30885162949562073
0
0
2.1666607856750488
