0
0
0
0
0
0
0
0
0
0
0
0
0.0005424468545243144
0.00087355682626366615
0
0.035252392292022705
0.093150980770587921
0.21426348388195038
0.082951195538043976
0
0
0
0
0
0
0
0
0
0
0
0
0
0
0
0
0
0
0
0
0
0
0
0
0
0
0
0
0
0
0
0
0
0
0
0
0
0
0
0
0
0
0
0
0
0
0
0
0
0
0
0
0
0
0
0
0
0
0
0
0
0
0
0
0.00064237130573019385
0
0
0
0
0
0
0
0
0
0
0
0
0
0
0
0
0
0
0
0
0
0
0
0
0
0.0078854551538825035
0.034529928117990494
0.054049879312515259
0.0028142845258116722
0
0.094800263643264771
0
0
0
0
0
0
0
0
0
0
0
0
0
0
0
0
0
0
0
0
0.033654395490884781
0
0.010844363830983639
0.08968372642993927
0
0
0
0
0
0
0
0
0
0
0
0
0
0
0
0.00045679736649617553
0
0
0.025913774967193604
0.0086370017379522324
0
0
0.09744301438331604
0
0
0
0
0
0
0
0
0
0
0
0
0
0
0
0
0
0
0
0
0
0
0
0.12588950991630554
0
0
0
0
0
0
0
0
0
0
0
0
0
0
0
0
0
0
0
0
0
0
0
0.065628372132778168
0
0
0
0
0
0
0
0
0
0
0
0
0
0
0
0.00081367028178647161
0
0
0.029366010800004005
0
0
0
0
0.01203074399381876
0
0
0
0
0
0
0
0
0
0
0
0
0
0
0
0
0
0
0.093006521463394165
0.10228821635246277
0.048509262502193451
0
0.034813888370990753
0
0
0
0
0
0
0
0
0
0
0
0
0
0
0
0
0
0
0
0.011963048949837685
0.0012330673635005951
0
0.059849783778190613
0.1762315034866333
0
0
0
0
0
0
0
0
0
0
0
0
0
0
0
0.00034259801032021642
0
0
0
0
0
0
0
0.081833407282829285
0
0
0
0
0
0
0
0
0
0
0
0
0
0
0
0
0
0
0.088337399065494537
0.10493652522563934
0
0
0.044100269675254822
0.0087496321648359299
0
0
0
0
0
0
0
0
0
0
0
0
0
0
0
0
0
0
0.066991783678531647
0.10279038548469543
0
0.061617836356163025
0.1563454270362854
0
0
0
0
0
0
0
0
0
0
0
0
0
0
0
0
0
0
0
0
0
0
0
0.088590025901794434
0
0
0
0
0
0
0
0
0
0
0
0
0
0
0
0.00087076995987445116
0
0
0.018610771745443344
0
0
0
0
0
0
0
0
0
0
0
0
0
0
0
0
0
0
0
0
0
0
0
0.032411582767963409
0.059962820261716843
0
0
0
0
0
0
0
0
0
0
0
0
0
0
0
0
0
0
0.00014274918066803366
0
0
0
0
0
0
0
0.016385708004236221
0
0
0
0
0
0
0
0
0
0
0
0
0
0
0
0
0
0
0
0
0
0
0
0.047241125255823135
0
0
0
0
0
0
0
0
0
0
0
0
0
0
0
0
0
0
0.081477276980876923
0.019427567720413208
0
0
0.093588791787624359
0.07129129022359848
0
0
0
0
0
0
0
0
0
0
0
0
0
0
0
0.0016549159772694111
0.083174586296081543
0.2370222806930542
0.42938241362571716
0.45407140254974365
0.23176297545433044
0.23662520945072174
0.17501692473888397
0.0032811120618134737
0
0
0
0
0
0
0
0
0
0
0
0
0
0
0
0.0093725482001900673
0.25288781523704529
0.53002500534057617
0.65846598148345947
0.79461151361465454
0.72207903861999512
0.41000127792358398
0.12936092913150787
0
0
0
0
0
0
0
0
0
0
0
0
0
0
0
0
0.003539554076269269
0.14380165934562683
0.27228271961212158
0.29028922319412231
0.43960326910018921
0.48668369650840759
0.20741613209247589
0.010937039740383625
0
0
0
0
0
0
0
0
0
0
0
0
0
0
0
0
0
0
0
0
0
0
0
0
0
0
0
0
0.050880789756774902
0
0
0
0
0
0
0
0
0
0
0
0
0
0
0
0
0
0
0
0
0
0
0.090003333985805511
0.11268818378448486
0
0
0
0
0
0
0
0
0
0
0
0
0
0
0
0
0
0
0
0
0
0
0.42762553691864014
0.13644927740097046
0
0
0
0
0
0
0
0
0
0
0
0
0
0
0
0
0
0
0
0
0
0.13567720353603363
0.71805566549301147
0.16293025016784668
0
0
0
0
0
0
0
0
0
0
0
0
0
0
0
0
0
0
0
0
0.20969802141189575
0.89071625471115112
0.61115831136703491
0.03374766930937767
0
0
0
0
0
0
0
0
0
0
0
0
0
0
0
0
0
0
0
0.034395374357700348
0.42185100913047791
1.0223721265792847
0.38603681325912476
0
0
0
0
0
0
0
0
0
0
0
0
0
0
0
0
0
0
0
0
0
0.59934264421463013
0.9742472767829895
0.09923090785741806
0
0
0
0
0
0
0
0
0
0
0
0
0
0
0
0
0
0
0
0
0
0.73561787605285645
0.75577270984649658
0.0077399266883730888
0
0
0
0
0
0
0
0
0
0
0
0
0
0
0
0
0
0
0
0
0.16240642964839935
0.90169721841812134
0.5188477635383606
0
0
0
0
0
0
0
0
0
0
0
0
0
0
0
0
0
0
0
0
0.053346917033195496
0.61548024415969849
0.95291680097579956
0.32814431190490723
0
0
0
0
0
0
0
0
0
0
0
0
0
0
0
0
0
0
0
0
0.32746341824531555
0.93360400199890137
0.89220303297042847
0.15971784293651581
0
0
0
0
0
0
0
0
0
0
0
0
0
0
0
0
0
0
0
0
0.50624006986618042
1.0663859844207764
0.71057873964309692
0.00080788694322109222
0
0
0
0
0
0
0
0
0
0
0
0
0
0
0
0
0
0
0
0.05441892147064209
0.71889817714691162
1.0918999910354614
0.36658066511154175
0
0
0
0
0
0
0
0
0
0
0
0
0
0
0
0
0
0
0
0
0.29809966683387756
0.93489229679107666
0.8964962363243103
0.14323276281356812
0
0
0
0
0
0
0
0
0
0
0
0
0
0
0
0
0
0
0
0
0.39360415935516357
0.96663969755172729
0.70493954420089722
0.010571755468845367
0
0
0
0
0
0
0
0
0
0
0
0
0
0
0
0
0
0
0
0
0.49616703391075134
0.95538127422332764
0.44583803415298462
0
0
0
0
0
0
0
0
0
0
0
0
0
0
0
0
0
0
0
0
0
0.61109751462936401
0.83676755428314209
0.24468740820884705
0
0
0
0
0
0
0
0
0
0
0
0
0
0
0
0
0
0
0
0
0.13444666564464569
0.77470844984054565
0.80012679100036621
0.16543839871883392
0
0
0
0
0
0
0
0
0
0
0
0
0
0
0
0
0
0
0
0
0.46527773141860962
0.99432563781738281
0.73287093639373779
0.056387089192867279
0
0
0
0
0
0
0
0
0
0
0
0
0
0
0
0
0
0
0
0.28701815009117126
0.98076093196868896
1.0528695583343506
0.48351585865020752
0.03800678625702858
0
0
0
0
0
0
0
0
0
0
0
0
0
0
0
0
0
0.28029829263687134
0.96249896287918091
1.1209791898727417
1.2739443778991699
0.94121593236923218
0.2701791524887085
0
0
0
0
0
0
0
0
0
0
0
0
0
0
0
0
0.0074845375493168831
0.33662503957748413
1.0021144151687622
1.4187934398651123
1.2805423736572266
1.0798484086990356
0.57220518589019775
0.043335296213626862
0
0
0
0
0
0
0
0
0
0
0
0
0
0
0
0
0.016999270766973495
0.46333524584770203
1.0745923519134521
1.173515796661377
0.94623774290084839
0.64208555221557617
0.21710111200809479
0
0
0
0
0
0
0
0
0
0
0
0
0
0
0
0
0
0.0063704838976264
0.258830726146698
0.49042707681655884
0.5042685866355896
0.48080188035964966
0.15064115822315216
0
0
0
0
0
0
0
0
0
0
0
0
0
0
0
0
0
0
0
0
0
0
0
0
0
0
0
0
0.21303489804267883
0.32143741846084595
0.093622252345085144
0
0
0
0
0
0
0
0
0
0
0
0
0
0
0
0
0
0
0.1070542186498642
0.19577240943908691
0.34012866020202637
0.64605224132537842
0.44301068782806396
0.088507309556007385
0
0
0
0
0
0
0
0
0
0
0
0
0
0
0
0
0
0.045805282890796661
0.37192600965499878
0.67713642120361328
0.87784808874130249
0.92895007133483887
0.57273578643798828
0.10389423370361328
0
0
0
0
0
0
0
0
0
0
0
0
0
0
0
0
0
0.061937764286994934
0.47214686870574951
0.86580568552017212
1.1021440029144287
0.95497357845306396
0.37060534954071045
0.034549407660961151
0
0
0
0
0
0
0
0
0
0
0
0
0
0
0
0
0.0039034225046634674
0.21326282620429993
0.65426498651504517
0.95501267910003662
1.0966498851776123
0.81454408168792725
0.44053727388381958
0.053175352513790131
0
0
0
0
0
0
0
0
0
0
0
0
0
0
0
0
0.023198597133159637
0.36382108926773071
0.74553805589675903
1.0817866325378418
1.0704089403152466
0.72663521766662598
0.26802235841751099
0.058894507586956024
0
0
0
0
0
0
0
0
0
0
0
0
0
0
0
0
0.11504613608121872
0.5111156702041626
0.86002802848815918
1.0822274684906006
1.0311380624771118
0.59722167253494263
0.18117070198059082
0
0
0
0
0
0
0
0
0
0
0
0
0
0
0
0
0
0.25301030278205872
0.71313852071762085
1.0379228591918945
1.1117322444915771
1.0710738897323608
0.54585528373718262
0.097553499042987823
0
0
0
0
0
0
0
0
0
0
0
0
0
0
0
0
0.045856498181819916
0.38434553146362305
0.94351273775100708
1.2040362358093262
1.2624607086181641
0.94470751285552979
0.40898579359054565
0.04187963530421257
0
0
0
0
0
0
0
0
0
0
0
0
0
0
0
0
0.068972587585449219
0.48232722282409668
1.0138769149780273
1.3351736068725586
1.2787058353424072
0.77441924810409546
0.27743369340896606
0.0079004829749464989
0
0
0
0
0
0
0
0
0
0
0
0
0
0
0
0
0.20615985989570618
0.66488391160964966
1.1074140071868896
1.3029754161834717
1.0705398321151733
0.64800542593002319
0.16053462028503418
0
0
0
0
0
0
0
0
0
0
0
0
0
0
0
0
0.075475513935089111
0.41635096073150635
0.89759904146194458
1.2365018129348755
1.2669837474822998
0.95497417449951172
0.44587591290473938
0.12310115993022919
0
0
0
0
0
0
0
0
0
0
0
0
0
0
0
0
0.13227130472660065
0.57661598920822144
1.0376180410385132
1.3090494871139526
1.2537027597427368
0.7334551215171814
0.28879329562187195
0.052853502333164215
0
0
0
0
0
0
0
0
0
0
0
0
0
0
0
0
0.1974799633026123
0.68608927726745605
1.1130778789520264
1.3117411136627197
1.0964459180831909
0.61045563220977783
0.1654350757598877
0.0057458057999610901
0
0
0
0
0
0
0
0
0
0
0
0
0
0
0
0.055656228214502335
0.37866786122322083
0.8525855541229248
1.1724095344543457
1.2062592506408691
1.0088030099868774
0.49941974878311157
0.093702226877212524
0
0
0
0
0
0
0
0
0
0
0
0
0
0
0
0
0.12305978685617447
0.53353315591812134
0.9811820387840271
1.2572551965713501
1.3156468868255615
0.91387736797332764
0.34501463174819946
0.058176282793283463
0
0
0
0
0
0
0
0
0
0
0
0
0
0
0
0
0.17977866530418396
0.66175311803817749
1.0795073509216309
1.3355808258056641
1.2879188060760498
0.84058022499084473
0.2909940779209137
0
0
0
0
0
0
0
0
0
0
0
0
0
0
0
0
0
0.28748819231987
0.82591736316680908
1.3081703186035156
1.4537458419799805
1.3243825435638428
0.71290260553359985
0.13890889286994934
0
0
0
0
0
0
0
0
0
0
0
0
0
0
0
0
0.071012116968631744
0.4322659969329834
1.0170968770980835
1.4513007402420044
1.5184798240661621
1.1396178007125854
0.53267097473144531
0.13694863021373749
0
0
0
0
0
0
0
0
0
0
0
0
0
0
0
0.0060410667210817337
0.21074354648590088
0.69991922378540039
1.1862196922302246
1.4520837068557739
1.3587557077407837
0.847709059715271
0.34521222114562988
0.029676608741283417
0
0
0
0
0
0
0
0
0
0
0
0
0
0
0
0.011305389925837517
0.34464699029922485
0.91010653972625732
1.204756498336792
1.0833984613418579
0.77133673429489136
0.52628219127655029
0.23622988164424896
0.046484190970659256
0
0
0
0
0
0
0
0
0
0
0
0
0
0
0
0.004297732375562191
0.17881593108177185
0.51463490724563599
0.59543150663375854
0.44484719634056091
0.43036845326423645
0.34603530168533325
0.11907599121332169
0.0021546771749854088
0
0
0
0
0
0
0
0
0
0
0
0
0
0
0
0.00087826559320092201
0.025798199698328972
0.10452423244714737
0.085488654673099518
0.13041640818119049
0.21919003129005432
0.1573442816734314
0.083842962980270386
0
0
0
0
0
0
0
0
0
0
0
0
0
0
0
0
0.000282007094938308
0.010333096608519554
0
0
0.040624015033245087
0.17791229486465454
0.12844139337539673
0.0071822572499513626
0
0
0
0
0
0
0
0
0
0
0
0
0
0
0
0
0
0
0
0
0
0
0.0200369693338871
0.12159634381532669
0
0.1241786852478981
0.04430495947599411
0
0
0
0
0
0
0
0
0
0
0
0
0
0
0
0
0
0
0
0.045893162488937378
0.089324891567230225
0
0.087432548403739929
0
0
0
0
0
0
0
0
0
0
0
0
0
0
0
0
0
0
0
0
0.013720545917749405
0
0
0.55385446548461914
0.32838201522827148
0
0
0
0
0
0
0
0
0
0
0
0
0
0
0
0
0
0
0.023727988824248314
0
0
0.23253282904624939
0.8442872166633606
0.096690304577350616
0
0
0
0
0
0
0
0
0
0
0
0
0
0
0
0
0
0
0.044314809143543243
0
0
0.60432267189025879
0.86395496129989624
0
0
0
0
0
0
0
0
0
0
0
0
0
0
0
0
0
0
0
0.038453981280326843
0
0
1.0000306367874146
0.53985410928726196
0
0
0.020103126764297485
0
0
0
0
0
0
0
0
0
0
0
0
0
0
0
0.016873236745595932
0
0
0.31894147396087646
0.95693403482437134
0.25592219829559326
0
0
0
0
0
0
0
0
0
0
0
0
0
0
0
0
0
0
0.050108466297388077
0
0
0.68330150842666626
0.94012331962585449
0
0
0
0
0
0
0
0
0
0
0
0
0
0
0
0
0
0
0
0.025441057980060577
0
0
0.93346917629241943
0.75987976789474487
0
0
0.0091546587646007538
0
0
0
0
0
0
0
0
0
0
0
0
0
0
0
0.030055452138185501
0
0
0.025105983018875122
1.0614486932754517
0.45950335264205933
0
0
0.002696760930120945
0
0
0
0
0
0
0
0
0
0
0
0
0
0
0
0.065412372350692749
0
0
0.38440585136413574
1.0304702520370483
0.22667516767978668
0
0
0
0
0
0
0
0
0
0
0
0
0
0
0
0
0
0
0.003967970609664917
0
0
0.94060099124908447
0.79630577564239502
0
0
0
0
0
0
0
0
0
0
0
0
0
0
0
0
0
0
0.012654927559196949
0
0
0.14595779776573181
1.0855637788772583
0.43459409475326538
0
0
0.014302469789981842
0
0
0
0
0
0
0
0
0
0
0
0
0
0
0
0.063286669552326202
0
0
0.50090771913528442
0.99332624673843384
0.173384889960289
0
0
0.0019612805917859077
0
0
0
0
0
0
0
0
0
0
0
0
0
0
0
0.04336051270365715
0
0
0.90333312749862671
0.87227547168731689
0
0
0
0
0
0
0
0
0
0
0
0
0
0
0
0
0
0
0
0
0
0.11779201775789261
1.1435489654541016
0.47303223609924316
0
0
0.019857965409755707
0
0
0
0
0
0
0
0
0
0
0
0
0
0
0
0.03216460719704628
0
0
0.3531801700592041
1.0202620029449463
0.32224631309509277
0
0
0
0
0
0
0
0
0
0
0
0
0
0
0
0
0
0
0.074378281831741333
0
0
0.63047832250595093
1.0161479711532593
0.077785782516002655
0
0
0
0
0
0
0
0
0
0
0
0
0
0
0
0
0
0.0052728867158293724
0.017877772450447083
0
0
0.91597944498062134
0.81218749284744263
0
0
0
0
0
0
0
0
0
0
0
0
0
0
0
0
0
0
0.0026414573658257723
0
0
0.053510852158069611
1.121790885925293
0.63386702537536621
0
0
0
0
0
0
0
0
0
0
0
0
0
0
0
0
0
0
0
0
0
0.42434954643249512
1.1188656091690063
0.5103645920753479
0
0
0.014464994892477989
0
0
0
0
0
0
0
0
0
0
0
0
0
0
0
0
0
0
0.79681247472763062
0.83457547426223755
0.062355875968933105
0
0
0.0007354802219197154
0
0
0
0
0
0
0
0
0
0
0
0
0
0
0
0.0006341664120554924
0
0.17465777695178986
0.51072216033935547
0.12752723693847656
0
0
0.023945800960063934
0
0
0
0
0
0
0
0
0
0
0
0
0
0
0
0
0.0031469985842704773
0.1235920786857605
0.073174841701984406
0.093533538281917572
0.057392064481973648
0.0079972017556428909
0.040486402809619904
0.0024516007397323847
0
0
0
0
0
0
0
0
0
0
0
0
0
0
0
0
0
0
0
0
0
0
0.02601233497262001
0.21236567199230194
0.32108616828918457
0.066929996013641357
0.16661448776721954
0.11324754357337952
0.013031973503530025
0
0
0
0
0
0
0
0
0
0
0
0
0
0
0
0
0
0.043313935399055481
0.19798263907432556
0.59583586454391479
0.55750387907028198
0.50062519311904907
0.42292800545692444
0.1256181001663208
0
0
0
0
0
0
0
0
0
0
0
0
0
0
0
0
0
0.052772462368011475
0.29433742165565491
0.70918881893157959
0.87375205755233765
0.62418454885482788
0.29848212003707886
0.079011805355548859
0
0
0
0
0
0
0
0
0
0
0
0
0
0
0
0
0.03080408088862896
0.16684634983539581
0.57686775922775269
1.2034467458724976
1.2418060302734375
0.45162433385848999
0.10201612114906311
0
0
0
0
0
0
0
0
0
0
0
0
0
0
0
0
0
0.038268640637397766
0.26051762700080872
0.99281781911849976
1.579658031463623
1.336406946182251
0.36315184831619263
0
0
0
0
0
0
0
0
0
0
0
0
0
0
0
0
0
0
0.099465794861316681
0.45637881755828857
1.1933815479278564
1.652635931968689
0.97056311368942261
0.17629222571849823
0
0
0
0
0
0
0
0
0
0
0
0
0
0
0
0
0
0.021905124187469482
0.13531637191772461
0.79950606822967529
1.5695148706436157
1.5446377992630005
0.68807786703109741
0.071664519608020782
0
0
0
0
0
0
0
0
0
0
0
0
0
0
0
0
0
0.051354523748159409
0.24964892864227295
1.0664037466049194
1.8976699113845825
1.351365327835083
0.51464003324508667
0.030085094273090363
0
0
0
0
0
0
0
0
0
0
0
0
0
0
0
0
0
0.053164057433605194
0.45283204317092896
1.3085634708404541
1.8972171545028687
1.1936376094818115
0.27690571546554565
0.0062913764268159866
0
0
0
0
0
0
0
0
0
0
0
0
0
0
0
0
0.039018500596284866
0.16878394782543182
0.70494306087493896
1.6038906574249268
1.7835478782653809
0.96671015024185181
0.053952950984239578
0
0
0
0
0
0
0
0
0
0
0
0
0
0
0
0
0
0.06052142009139061
0.3194240927696228
1.0431791543960571
1.8962528705596924
1.6863118410110474
0.70691996812820435
0
0
0
0
0
0
0
0
0
0
0
0
0
0
0
0
0
0
0.060373835265636444
0.50474029779434204
1.321966290473938
1.9634534120559692
1.4366785287857056
0.38167300820350647
0
0
0
0
0
0
0
0
0
0
0
0
0
0
0
0
0
0.016428843140602112
0.12835954129695892
0.75613713264465332
1.6217242479324341
1.7791889905929565
1.0233478546142578
0.13087816536426544
0
0
0
0
0
0
0
0
0
0
0
0
0
0
0
0
0
0.071886971592903137
0.30151647329330444
1.0485386848449707
1.9202257394790649
1.5894880294799805
0.64573913812637329
0
0
0
0
0
0
0
0
0
0
0
0
0
0
0
0
0
0
0.050526652485132217
0.49988389015197754
1.3867672681808472
2.0268492698669434
1.3925701379776001
0.3808930516242981
0
0
0
0
0
0
0
0
0
0
0
0
0
0
0
0
0
0
0.094868220388889313
0.72911286354064941
1.626863956451416
1.9190199375152588
1.1049919128417969
0.19803561270236969
0
0
0
0
0
0
0
0
0
0
0
0
0
0
0
0
0
0.041756641119718552
0.19448436796665192
1.0319010019302368
1.9706885814666748
1.7342329025268555
0.89244866371154785
0.11312733590602875
0
0
0
0
0
0
0
0
0
0
0
0
0
0
0
0
0
0.070448987185955048
0.4013238251209259
1.244991660118103
2.1477739810943604
1.6750113964080811
0.70511907339096069
0.061646729707717896
0
0
0
0
0
0
0
0
0
0
0
0
0
0
0
0
0.0068453513085842133
0.093099102377891541
0.63788950443267822
1.5231161117553711
2.185532808303833
1.4995186328887939
0.41927587985992432
0
0
0
0
0
0
0
0
0
0
0
0
0
0
0
0
0
0
0.079862721264362335
0.83000063896179199
1.770443320274353
1.9874163866043091
1.2635034322738647
0.13341251015663147
0
0
0
0
0
0
0
0
0
0
0
0
0
0
0
0
0
0
0.0078420341014862061
0.72830420732498169
1.7604483366012573
1.4776184558868408
0.59956586360931396
0
0
0
0
0
0
0
0
0
0
0
0
0
0
0
0
0
0
0.004297186154872179
0.17599870264530182
0.73154425621032715
1.279572606086731
0.7806696891784668
0
0
0
0
0
0
0
0
0
0
0
0
0
0
0
0
0
0
0
0.0075750695541501045
0.22010883688926697
0.67814397811889648
0.76814967393875122
0.30798512697219849
0
0
0
0
0
0
0
0
0
0
0
0
0
0
0
0
0
0
0
0.0026324058417230844
0.10853376984596252
0.26402726769447327
0.21520683169364929
0.097025014460086823
0
0
0
0
0
0
0
0
0
0
0
0
0
0
0
0
0
0
0
0
0
0
0
0
0
0.034572761505842209
0.25538361072540283
0.27397352457046509
0.1510150134563446
0.0094116292893886566
0
0
0
0
0
0
0
0
0
0
0
0
0
0
0
0
0
0
0
0.080524533987045288
0.33207017183303833
0.51237112283706665
0.14820152521133423
0
0
0
0
0
0
0
0
0
0
0
0
0
0
0
0
0
0
0
0
0.16387447714805603
0.68770378828048706
0.74234890937805176
0
0
0
0
0
0
0
0
0
0
0
0
0
0
0
0
0
0
0
0
0.040941424667835236
0.38500940799713135
1.0827853679656982
0.88577008247375488
0
0
0
0
0
0
0
0
0
0
0
0
0
0
0
0
0
0
0
0
0.078047670423984528
0.59551072120666504
1.3601499795913696
0.78142392635345459
0
0
0
0
0
0
0
0
0
0
0
0
0
0
0
0
0
0
0
0
0.23170706629753113
0.91513621807098389
1.3556874990463257
0.38136047124862671
0
0
0
0
0
0
0
0
0
0
0
0
0
0
0
0
0
0
0
0.029113903641700745
0.39306557178497314
1.2913022041320801
1.1548119783401489
0.022610127925872803
0
0
0
0
0
0
0
0
0
0
0
0
0
0
0
0
0
0
0
0.08758651465177536
0.65793311595916748
1.5373672246932983
0.9172026515007019
0
0
0
0
0
0
0
0
0
0
0
0
0
0
0
0
0
0
0
0
0.16272620856761932
0.98666119575500488
1.5134497880935669
0.57236933708190918
0
0
0
0
0
0
0
0
0
0
0
0
0
0
0
0
0
0
0
0.051859140396118164
0.38775017857551575
1.2746821641921997
1.4402551651000977
0.32831314206123352
0
0
0
0
0
0
0
0
0
0
0
0
0
0
0
0
0
0
0
0.11487302929162979
0.64379328489303589
1.4789210557937622
1.1656674146652222
0.010278698056936264
0
0
0
0
0
0
0
0
0
0
0
0
0
0
0
0
0
0
0
0.21691817045211792
0.97769671678543091
1.4909160137176514
0.73744231462478638
0
0
0
0
0
0
0
0
0
0
0
0
0
0
0
0
0
0
0
0.021835427731275558
0.4201703667640686
1.2812275886535645
1.338137149810791
0.2798498272895813
0
0
0
0
0
0
0
0
0
0
0
0
0
0
0
0
0
0
0
0.11004309356212616
0.68681973218917847
1.5231873989105225
1.1505619287490845
0
0
0
0
0
0
0
0
0
0
0
0
0
0
0
0
0
0
0
0
0.16565486788749695
0.98117899894714355
1.5937459468841553
0.80179858207702637
0
0
0
0
0
0
0
0
0
0
0
0
0
0
0
0
0
0
0
0
0.3594977855682373
1.2780349254608154
1.4704142808914185
0.45093920826911926
0
0
0
0
0
0
0
0
0
0
0
0
0
0
0
0
0
0
0
0.055498376488685608
0.57631313800811768
1.5485244989395142
1.359239935874939
0.22898077964782715
0
0
0
0
0
0
0
0
0
0
0
0
0
0
0
0
0
0
0
0.13048413395881653
0.86605644226074219
1.6943079233169556
1.1704258918762207
0
0
0
0
0
0
0
0
0
0
0
0
0
0
0
0
0
0
0
0.0090980948880314827
0.26794642210006714
1.1785099506378174
1.6791266202926636
0.84950768947601318
0
0
0
0
0
0
0
0
0
0
0
0
0
0
0
0
0
0
0
0.0049098646268248558
0.41012555360794067
1.3479821681976318
1.4406958818435669
0.49189490079879761
0
0
0
0
0
0
0
0
0
0
0
0
0
0
0
0
0
0
0
0.010157008655369282
0.4329092800617218
1.2000290155410767
1.0502697229385376
0.15836746990680695
0
0
0
0
0
0
0
0
0
0
0
0
0
0
0
0
0
0
0
0.016193995252251625
0.54005670547485352
0.99192118644714355
0.69368851184844971
0.16452732682228088
0
0
0
0
0
0
0
0
0
0
0
0
0
0
0
0
0
0
0
0.012108815833926201
0.37051790952682495
0.61070680618286133
0.48870006203651428
0.27811664342880249
0
0
0
0
0
0
0
0
0
0
0
0
0
0
0
0
0
0
0
0.0032529844902455807
0.13180814683437347
0.23895493149757385
0.35045617818832397
0.18646004796028137
0
0
0
0
0
0
0
0
0
0
0
0
0
