0.0081738876178860664
0.14157265424728394
0.37306332588195801
1.9937210083007812
1.7557530403137207
0
0
0.41586673259735107
0.033981636166572571
0.053731411695480347
0.76119577884674072
2.8796982765197754
1.44346022605896
0
0
0.50186485052108765
0.10053745657205582
0.063676804304122925
1.2191542387008667
2.8445534706115723
0.26528045535087585
0
0
0.53669828176498413
0.11125114560127258
0.38621926307678223
2.1758573055267334
2.5537323951721191
0
0
0.001590462401509285
0.55053114891052246
0.065714240074157715
0.85486340522766113
3.0874664783477783
1.8834221363067627
0
0
0.42118021845817566
0.37448346614837646
0
1.2685645818710327
3.4557929039001465
0.82629972696304321
0
0
0.45600813627243042
0.19393733143806458
0
1.3810114860534668
2.5278925895690918
0
0
0
0.48485034704208374
0.12170268595218658
0
1.1665065288543701
1.2358675003051758
0
0
0.47490337491035461
0.5812835693359375
0.084437116980552673
0
0
0
0.03346097469329834
0.3698735237121582
0.53095352649688721
1.3946760892868042
0.43457213044166565
0
0
0
0.11723402142524719
0
0.39813315868377686
0.48276251554489136
0
0
0
0
0.12065818905830383
0
0.50916671752929688
0
0
0
0
0
0.0595807284116745
0
0.41859406232833862
0
0
0
0
0
0
0.022374019026756287
0.16997244954109192
0
0
0
0
0
0
0.1093081459403038
0
0
0
0
0
0.24258556962013245
0
0.25546407699584961
0
0
0
0.16464237868785858
0.51004379987716675
0.28662395477294922
0.036506690084934235
0
0
0
0
0
0
0
0
0
0
0
0
0
0
0
0
0
0
0
0
0
0
0
0
0
0
0
0
0
0
0
0
0
0
0.030997876077890396
0.053471863269805908
0
0
0
0
0
0
0.24424569308757782
0.072323821485042572
0
0
0
0
0
0
0
0
0
0
0
0
0
0
0
0
0
0
0
0
0
0.18413056433200836
0.092964626848697662
0
0.0018548318184912205
0
0
0
2.184394359588623
1.5512144565582275
0
0
0
0
0
0.9735109806060791
3.4358954429626465
0.88330209255218506
0
0
0
0
0
2.0711581707000732
3.535369873046875
0
0
0
0
0
0
3.1081669330596924
2.7398314476013184
0
0
0
0
0
0.7913891077041626
3.731480598449707
1.4305222034454346
0
0
0
0
0
1.9401315450668335
3.737534761428833
0
0
0
0
0
0
2.9811222553253174
2.926145076751709
0
0
0
0
0
0.36843425035476685
3.4729690551757812
1.5106534957885742
0
0
0
0
0
0
0
0
0.63865268230438232
0.89519941806793213
0.77264904975891113
0.36357694864273071
0
0
0
0
1.0749466419219971
1.3453818559646606
1.0160220861434937
0.53533226251602173
0
0
0
0.24618692696094513
1.5397650003433228
1.5048068761825562
0.98038429021835327
0.37712395191192627
0
0
0
0.62223964929580688
1.6979129314422607
1.5738105773925781
0.92301172018051147
0.31272092461585999
0
0
0
1.0198078155517578
1.6112936735153198
1.4813896417617798
0.90354597568511963
0.2668667733669281
0
0
0.1445276290178299
1.5143189430236816
1.7167584896087646
1.2407363653182983
0.59609007835388184
0.096572361886501312
0
0
0.70298242568969727
2.0599486827850342
1.6391676664352417
0.93079286813735962
0.22697010636329651
0
0
0
1.1093382835388184
1.5979841947555542
1.2479513883590698
0.88416540622711182
0.2921331524848938
0
0
0
0
0
0
0.11058718711137772
1.2653384208679199
0.56286996603012085
0
0
0
0
0
1.0513163805007935
1.0707992315292358
0
0
0
0
0
0
1.3035205602645874
0.76007115840911865
0
0
0
0
0
0.5060921311378479
1.2490411996841431
0.10658702999353409
0
0
0
0
0
1.2564946413040161
0.95985633134841919
0
0
0
0
0
0.10144030302762985
1.2791980504989624
0.58539032936096191
0
0
0
0
0
0.40864428877830505
1.4086979627609253
0.32250237464904785
0
0
0
0
0.13422864675521851
2.0406460762023926
1.915706992149353
0
0
0.017618352547287941
0
0
0
1.6988285779953003
2.2191736698150635
0.53458315134048462
0
0
0
0
0.55675411224365234
2.8304264545440674
2.1862432956695557
0
0
0.10056303441524506
0
0
1.4579393863677979
3.2984225749969482
1.6568214893341064
0
0
0.1255384087562561
0
0
2.3669254779815674
3.2323117256164551
0.95012956857681274
0
0
0.14401660859584808
0
0.5924152135848999
3.0957717895507812
2.6688330173492432
0
0
0.084473952651023865
0.13490600883960724
0
1.40491783618927
3.4132397174835205
1.8392186164855957
0
0
0.14473015069961548
0.011808812618255615
0
2.3034112453460693
3.4259123802185059
1.3660420179367065
0
0
0.15896058082580566
0
0.53996831178665161
3.2094810009002686
2.6503381729125977
0
0
0
0.089303672313690186
0
0.0023835795000195503
0
0
0.007608361542224884
0
0
0
0
0.0057291900739073753
0
0
0.076343312859535217
0.024196606129407883
0
0
0
0
0
0
0
0.026470473036170006
0.047444060444831848
0
0
0
0
0
0
0
0
0
0
0
0
0.0093431547284126282
0
0
0
0
0
0
0
0
0
0
0
0
0
0.037641264498233795
0.20858493447303772
0.30662679672241211
0.47216635942459106
0
0
0
0
0
0.45607006549835205
1.0368152856826782
1.2730523347854614
0.75714176893234253
0.13107307255268097
0.013041313737630844
0
0.0032425983808934689
0.24562063813209534
0.75398099422454834
1.2672270536422729
0
0
0.33691146969795227
1.5179941654205322
0.025467982515692711
0.39252075552940369
1.2308762073516846
1.396729588508606
0
0
1.487606406211853
1.7171390056610107
0.1104976013302803
0.55292379856109619
1.5590682029724121
0.57569646835327148
0
0
2.254946231842041
1.331383228302002
0.24479776620864868
0.78835725784301758
1.7364727258682251
0
0
0.50251311063766479
2.5007326602935791
0.85281634330749512
0.41328614950180054
1.2656595706939697
1.5161160230636597
0
0
1.6266758441925049
2.24855637550354
0.42628675699234009
0.61173808574676514
1.762423038482666
0.79305922985076904
0
0
2.2409577369689941
1.5486395359039307
0.097195550799369812
0.82124722003936768
2.1283407211303711
0
0
0.043291583657264709
2.5480523109436035
0.97506260871887207
0
0.80305027961730957
1.96097731590271
0
0
1.5007632970809937
2.7721858024597168
0.729694664478302
0
0.00038188439793884754
0.0059370268136262894
0.18110981583595276
0.6558767557144165
1.1976516246795654
1.8671379089355469
1.6811405420303345
0
0.0066871587187051773
0.042367342859506607
0.2002502977848053
0.74067169427871704
1.7615753412246704
2.56363844871521
1.4232412576675415
0
0.0043751876801252365
0.10917896032333374
0.37229478359222412
1.0214921236038208
2.0200817584991455
2.680471658706665
0.80111443996429443
0
0.01793305017054081
0.13813862204551697
0.61483418941497803
1.4606904983520508
2.2323012351989746
2.2979109287261963
0
0
0.047786321491003036
0.14681106805801392
0.75966167449951172
1.9423531293869019
2.7275619506835938
1.7086871862411499
0
0
0.078046515583992004
0.27021685242652893
1.0040788650512695
2.4201982021331787
3.1253321170806885
1.0800251960754395
0
0
0.23535270988941193
0.50896543264389038
1.152079701423645
2.1648538112640381
2.5018692016601562
0.4299750030040741
0
0
0.084708645939826965
0.13266554474830627
0.36663076281547546
1.5083792209625244
1.4784564971923828
0
0
0
0.0067959297448396683
0.36492076516151428
1.0070950984954834
0.8701818585395813
0
0
0
0.23962625861167908
0.049297112971544266
0.61619734764099121
1.1041889190673828
0.52046173810958862
0
0
0
0.92783379554748535
0.15799257159233093
0.81519663333892822
1.0284922122955322
0
0
0
0.52339673042297363
0.89220970869064331
0.37930381298065186
0.97439980506896973
0.6969408392906189
0
0
0
1.1164662837982178
0.80382204055786133
0.63573312759399414
1.0021429061889648
0.25601598620414734
0
0
0
1.6291947364807129
0.77181118726730347
0.84480178356170654
1.0245208740234375
0
0
0
0.67518240213394165
1.2732210159301758
0.56842827796936035
1.1718542575836182
0.98718279600143433
0
0
0
0.72530227899551392
0.75229352712631226
0.37277039885520935
0.82505989074707031
0
0
0
0
1.304081916809082
0.81522881984710693
0.25594508647918701
0
0
0
0.66800796985626221
0.44120264053344727
0.1565089225769043
0.2984444797039032
0.25400573015213013
0
0
0.017335593700408936
0.39157557487487793
0.16869199275970459
0.2022051066160202
0.24407872557640076
0.17470814287662506
0
0
0.37283545732498169
0.33136391639709473
0.063349582254886627
0.36525461077690125
0.50823491811752319
0.23595672845840454
0
0
0.45185732841491699
0.22449308633804321
0
0.12530307471752167
0.42418983578681946
0.18895220756530762
0
0
0.20254817605018616
0
0
0
0.10641278326511383
0
0
0.16791142523288727
0.22678008675575256
0.010874690487980843
0.29017674922943115
0.27980825304985046
0.051015064120292664
0
0.1678214967250824
0.84600615501403809
0.87123358249664307
0.52864283323287964
0.78202271461486816
0.7651790976524353
0.20608073472976685
0
0.23781724274158478
0.53924065828323364
0.46556571125984192
0.23855850100517273
0.54497277736663818
0.75137096643447876
0.11757391691207886
0
0.001049926970154047
0.11932680010795593
0
0
0
1.5826989412307739
3.5736207962036133
1.2690155506134033
0.012444902211427689
0.17713378369808197
0
0
0
3.102480411529541
3.3502860069274902
0.64088290929794312
0.052056573331356049
0.12243515253067017
0
0
0
4.0996308326721191
2.6650214195251465
0.045979961752891541
0.13486514985561371
0
0
0
1.2858318090438843
4.0734624862670898
1.7533893585205078
0
0.21793720126152039
0
0
0
2.9170260429382324
3.7411355972290039
0.95432287454605103
0
0.25873488187789917
0
0
0
4.1525683403015137
3.2625677585601807
0.34952405095100403
0
0.19748950004577637
0
0
0.58880162239074707
4.2185039520263672
2.2405545711517334
0
0
0.23125745356082916
0
0
1.4272855520248413
2.5315771102905273
0.64212948083877563
0
0
0
0
0
0
0.42753362655639648
2.0232610702514648
1.3760350942611694
0.3248065710067749
0
0
0
0
0.84790527820587158
2.0065393447875977
1.0530695915222168
0.35116571187973022
0
0
0
0
1.336159348487854
2.0437936782836914
0.8004838228225708
0.22583772242069244
0
0
0
0
1.319489598274231
1.7686102390289307
0.83699482679367065
0.17892862856388092
0
0
0
0.073595687747001648
1.5500252246856689
1.157663106918335
0.5974770188331604
0.22952090203762054
0
0
0
1.4447036981582642
2.1340892314910889
0.79775339365005493
0.269571453332901
0.10608603060245514
0
0
0
1.8029390573501587
2.5440442562103271
1.0855253934860229
0.28863462805747986
0
0
0
0
1.386305570602417
2.4534659385681152
1.3024263381958008
0.22069551050662994
0
0
0
0
0
0
1.0182782411575317
0.60982483625411987
0
0
0
0
0
0.75101637840270996
1.4155281782150269
0.48026597499847412
0
0
0
0
0
1.088811993598938
1.4262787103652954
0.28942272067070007
0
0
0
0
0.67305088043212891
1.5291199684143066
1.0903621912002563
0
0
0
0
0
1.0542933940887451
1.4834158420562744
0.4906734824180603
0
0
0
0
0
0.97386223077774048
1.1894351243972778
0.24453920125961304
0
0
0
0
0.85093939304351807
1.8235008716583252
2.0244519710540771
0.47261074185371399
0
0
0
0.54582995176315308
3.0352842807769775
3.3107826709747314
1.6583089828491211
0
0
0
0
0
0
0.043265983462333679
0.28261050581932068
0
0
0
0
0
0
0
0
0
0
0
0
0
0
0
0
0
0
0
0
0
0
0.032285287976264954
0
0
0
0
0
0
0
0
0
0
0
0
0
0
0
0
0
0
0
0
0
0
0.30698946118354797
0.41064453125
0.31978395581245422
0
0
0
0
0.098864540457725525
1.2969924211502075
1.2366911172866821
0.826385498046875
0.106749527156353
0
0.02911045029759407
