0
7.0204720497131348
0
0
6.6212844848632812
1.215013861656189
2.8708322048187256
2.7961466312408447
0.21509179472923279
3.6407167911529541
0.61775636672973633
3.0683999061584473
0
2.290973424911499
1.6331561803817749
0.65945398807525635
1.3294411897659302
0
0
1.3191769123077393
3.8055596351623535
5.6338520050048828
0
6.5062465667724609
0.35930252075195312
2.3832406997680664
2.4316558837890625
0.77235186100006104
7.9073638916015625
0
2.2340328693389893
0
1.7203778028488159
0
4.6424732208251953
0
4.4017815589904785
3.3106598854064941
3.5116164684295654
0.56146353483200073
0
0
0
1.0164234638214111
0.077297806739807129
3.98244309425354
0.31055724620819092
2.6798615455627441
0
0.70655292272567749
0
0
0
3.0166585445404053
1.357671856880188
0
0
3.9149255752563477
0.27180641889572144
1.4038968086242676
0
8.1263504028320312
0
5.2960052490234375
0
0
4.0085897445678711
0
0
3.3010399341583252
0
0.76822227239608765
2.0597755908966064
0.2973746657371521
0
0
0
6.8015651702880859
3.1314020156860352
0
2.7504622936248779
0
0
0
