24
23
23
23
23
23
23
23
23
23
23
24
23
23
24
24
23
23
24
24
24
24
23
24
24
23
24
23
24
24
24
24
24
24
24
23
24
23
24
24
24
24
23
23
23
23
24
23
24
23
23
23
23
22
23
23
23
24
24
22
22
24
23
24
23
23
24
24
24
23
23
23
23
24
23
23
24
23
24
24
23
23
22
23
24
23
23
23
23
24
23
24
23
23
22
24
23
23
23
23
24
24
24
24
24
23
24
23
24
23
23
22
24
24
24
24
23
24
23
23
24
24
22
24
23
24
23
23
24
24
1
0
23
24
23
23
23
23
23
22
23
24
24
24
24
23
23
23
22
24
24
24
24
25
23
23
24
0
24
1
23
24
23
23
23
23
22
24
23
24
23
23
23
23
24
23
24
23
24
24
7
24
23
23
25
23
24
24
24
24
23
23
23
24
23
24
23
23
23
24
24
22
23
23
23
22
23
24
2
23
23
24
5
23
18
24
23
23
23
23
23
23
23
23
23
23
23
24
23
23
24
23
23
24
23
24
8
23
24
20
24
23
1
23
24
24
23
23
24
24
22
23
24
23
24
24
22
23
23
24
23
24
22
24
24
23
23
2
23
0
24
23
23
23
24
24
23
24
22
23
23
23
23
23
23
23
23
23
24
23
24
1
23
23
18
24
24
23
23
24
24
23
22
24
23
24
23
22
23
23
23
23
23
24
24
24
23
24
24
5
23
24
2
24
1
24
23
24
24
23
23
23
23
22
23
23
23
23
23
23
23
23
23
23
23
24
23
5
24
24
9
3
24
24
23
23
24
23
23
23
23
23
23
23
21
23
24
22
24
24
23
23
23
22
24
21
14
5
0
25
23
24
23
23
23
24
23
23
23
24
24
22
22
22
24
23
24
23
23
24
22
24
24
23
24
0
23
23
23
23
23
23
23
22
23
23
23
24
23
23
23
23
23
23
24
23
22
24
24
22
24
24
23
4
23
23
24
24
23
24
23
24
23
23
23
23
23
22
23
23
23
23
23
23
23
24
23
24
24
22
23
1
24
24
23
23
23
23
23
23
23
23
23
22
22
23
23
24
23
23
23
23
23
23
22
24
24
24
23
0
22
24
23
24
23
22
22
23
23
22
22
23
23
22
24
23
23
23
23
23
23
23
22
24
24
23
23
2
23
24
22
22
23
23
23
22
23
22
23
22
24
23
24
23
22
23
22
23
24
22
22
22
23
24
23
2
22
24
23
24
23
23
23
22
22
23
22
23
23
23
23
23
23
23
24
23
23
23
22
23
24
23
23
9
24
23
23
23
23
23
23
23
23
23
23
23
24
22
23
23
23
24
23
23
22
23
23
24
24
24
22
23
11
23
24
23
22
22
23
23
23
23
23
23
23
21
23
23
24
23
22
23
24
23
23
24
24
23
23
22
23
23
23
23
23
23
22
23
22
22
22
24
23
23
24
23
22
23
23
23
23
23
23
23
23
23
24
22
24
24
22
23
22
23
22
23
23
23
22
23
23
22
23
23
22
22
24
23
23
23
22
23
23
23
23
23
23
23
23
23
22
22
23
23
22
22
23
23
21
21
24
23
23
23
23
22
22
22
23
22
23
23
23
23
23
23
23
23
22
22
22
22
23
22
22
22
22
24
22
24
23
22
23
23
23
23
24
23
22
22
22
23
22
23
24
23
23
22
22
23
23
22
23
22
22
22
22
23
24
23
24
23
22
22
23
22
22
22
21
23
23
24
24
22
23
23
23
24
22
23
23
21
21
23
