22
21
22
22
23
23
22
22
22
21
22
22
22
22
22
22
21
21
23
23
22
22
22
22
22
21
22
22
22
22
22
21
21
22
22
22
22
22
21
21
22
22
21
22
22
21
21
22
21
22
23
21
22
22
21
21
22
22
22
22
22
23
23
22
22
22
22
21
23
21
22
22
22
22
22
21
20
22
22
23
22
21
20
21
22
23
21
23
21
22
22
22
22
22
22
22
22
21
23
21
22
22
22
22
21
20
22
20
22
21
22
21
22
23
22
21
21
22
22
22
22
22
21
23
0
23
23
22
21
20
21
21
19
22
23
22
21
21
21
22
23
22
22
21
21
22
22
22
22
22
22
23
1
23
22
21
23
0
20
22
21
22
22
22
21
21
22
21
22
22
21
22
21
21
22
22
21
21
22
23
0
23
22
21
22
0
0
22
20
22
22
22
22
22
22
21
22
21
20
21
22
21
21
22
22
22
22
0
23
23
23
21
22
0
21
22
22
21
23
22
21
22
20
22
22
22
22
21
21
22
21
21
22
21
23
5
22
22
22
23
22
1
23
21
22
22
21
21
21
23
23
21
22
23
22
22
21
22
22
22
22
22
1
22
23
23
22
22
22
6
23
23
21
21
22
22
22
23
22
22
22
22
22
22
22
22
22
22
23
1
22
21
22
23
22
22
1
22
21
21
22
20
21
21
21
21
21
20
21
22
21
21
22
22
21
21
0
22
22
22
23
24
21
2
0
0
0
0
0
0
0
0
10
21
22
20
21
20
22
21
22
21
22
22
0
0
0
0
8
22
23
0
20
23
21
23
22
22
22
1
18
21
22
22
22
22
22
21
22
21
22
22
20
22
22
22
22
23
23
0
22
21
22
22
22
22
21
21
21
21
21
21
22
21
22
22
22
21
22
21
21
21
20
21
21
21
1
21
22
21
21
20
21
21
21
22
22
21
22
21
21
21
20
22
21
22
22
21
20
22
21
21
21
23
0
22
22
21
21
21
20
22
21
21
21
21
22
21
21
22
21
22
21
22
20
23
22
22
22
21
22
3
22
22
21
22
20
21
21
21
22
22
21
21
20
22
21
22
20
21
23
22
22
21
21
22
22
22
22
0
22
22
21
22
21
22
23
20
21
21
20
21
21
21
22
21
21
20
22
22
22
21
21
23
21
21
0
22
22
21
21
23
21
22
22
21
21
21
21
21
21
22
22
22
22
22
21
21
20
21
22
22
20
22
0
22
22
21
22
22
21
21
21
22
22
22
22
21
22
22
22
21
20
21
21
22
21
22
21
21
21
3
18
22
21
21
20
21
22
22
20
21
22
21
22
21
22
22
21
21
20
21
22
21
21
22
22
22
22
1
21
21
22
22
21
22
22
22
21
20
22
22
21
21
21
20
21
22
21
22
22
21
21
20
22
21
22
0
21
22
20
21
20
21
21
22
21
20
22
20
20
21
22
20
21
21
21
20
22
20
21
22
20
21
18
21
22
23
21
22
21
22
21
20
22
21
19
20
21
20
22
21
21
22
22
20
21
21
22
21
20
19
20
21
21
21
21
21
21
20
21
20
21
21
21
21
21
21
19
21
20
21
19
20
20
21
20
19
19
21
20
20
22
20
20
21
20
20
20
20
21
21
21
21
21
21
21
21
20
20
20
21
19
20
21
21
21
20
21
21
21
20
21
21
21
20
20
21
22
20
21
20
21
21
20
20
20
21
20
20
20
21
21
21
20
19
20
19
20
19
22
20
20
19
20
20
20
20
20
21
20
21
21
21
