22
23
23
22
22
23
22
24
23
23
22
24
23
23
23
23
22
23
23
21
22
23
23
23
23
22
22
23
24
23
24
23
22
23
21
23
22
24
23
23
23
24
22
23
23
23
23
23
23
23
23
23
22
23
23
23
24
22
22
23
23
23
23
23
23
23
23
23
23
23
22
23
21
23
22
23
23
22
23
23
22
22
22
22
23
23
22
22
24
23
23
23
23
24
23
22
23
23
23
23
22
23
22
23
22
22
23
22
24
23
22
22
23
23
23
23
24
24
23
23
23
23
23
22
23
23
22
23
23
24
23
23
22
22
23
23
22
23
22
23
23
24
22
23
22
22
22
24
23
22
24
23
23
0
24
22
23
23
22
22
23
23
22
23
22
23
23
23
22
22
22
23
22
23
22
23
23
24
23
23
24
2
23
22
22
23
23
21
22
22
23
23
23
23
22
22
22
22
23
23
23
23
23
23
23
23
22
23
8
0
24
23
22
23
0
23
23
19
23
23
23
22
22
22
23
23
22
23
23
22
23
23
23
22
23
23
0
24
24
23
24
1
23
22
22
23
22
23
23
22
22
22
23
23
22
23
24
23
22
22
22
21
23
23
2
23
23
25
1
23
22
23
22
23
23
22
22
23
23
24
23
23
23
23
22
22
24
23
23
22
22
22
24
1
24
2
24
24
1
21
22
23
23
22
23
22
23
23
22
22
22
23
22
23
22
23
22
22
22
23
23
23
0
1
1
9
23
23
22
22
22
22
23
23
22
23
22
22
23
22
22
22
22
22
22
22
22
23
22
24
1
23
24
23
23
23
22
22
22
22
22
22
22
23
22
23
23
23
23
23
22
23
23
22
23
22
22
5
16
22
22
23
22
22
23
23
23
23
23
22
22
21
23
23
21
23
23
23
21
23
22
23
23
22
24
1
23
24
23
24
22
23
22
23
23
22
23
22
22
22
22
23
23
23
23
22
23
22
22
23
23
23
24
1
22
21
21
23
23
23
22
23
23
23
22
23
22
22
22
23
22
23
22
23
23
22
23
23
22
22
24
10
22
22
23
23
23
22
22
22
22
23
23
22
22
21
23
22
23
23
22
23
22
22
22
22
23
23
9
17
22
21
23
23
22
22
23
22
23
23
22
23
23
22
23
22
23
22
22
24
23
23
23
23
22
23
8
19
24
21
23
22
22
22
22
22
22
23
23
22
22
22
22
22
23
21
22
22
23
22
23
22
23
22
8
18
22
21
21
23
23
22
22
23
22
23
22
22
22
22
22
23
22
22
22
22
23
22
22
22
23
22
24
5
22
22
21
22
23
22
22
23
22
23
20
22
22
21
22
22
23
23
22
22
24
22
23
23
22
22
23
0
23
23
22
23
21
22
21
21
22
23
22
22
22
22
22
23
22
22
22
23
23
22
22
23
22
23
23
22
23
22
23
22
22
21
21
22
23
22
22
23
22
22
22
23
23
23
22
22
22
22
22
22
22
22
22
22
21
22
23
22
22
21
22
21
22
21
22
22
23
22
22
23
22
22
22
22
22
21
22
22
22
23
23
22
23
22
21
23
22
22
22
23
22
22
21
23
23
22
23
21
22
22
22
22
22
22
22
21
22
22
22
22
22
22
22
22
23
21
22
23
22
22
21
20
22
20
23
22
22
23
22
22
22
21
21
22
22
22
21
21
21
22
21
22
22
23
21
22
21
22
22
21
21
22
23
22
22
22
22
22
21
22
22
22
22
21
21
21
21
22
22
22
23
21
22
21
21
21
23
22
22
22
