20
20
17
20
19
19
20
19
19
20
18
17
19
18
20
19
19
19
20
19
19
20
19
19
19
19
19
19
19
20
19
19
19
19
19
19
18
19
17
19
19
18
19
19
19
18
18
19
17
18
18
19
19
20
18
18
19
19
19
19
18
19
19
18
17
18
18
19
17
18
17
18
19
19
19
18
18
19
18
19
20
19
19
18
18
19
19
19
19
19
19
18
19
19
18
18
18
19
18
18
19
18
18
18
18
17
18
17
18
18
18
19
18
20
20
18
18
18
17
19
20
17
17
18
18
18
19
18
18
17
17
18
17
19
18
17
18
19
19
19
18
18
17
18
18
18
18
17
18
19
19
18
18
17
16
18
19
18
18
17
19
19
17
17
17
19
17
16
18
17
18
18
18
18
19
18
17
18
17
17
17
3
0
18
17
18
19
19
18
18
17
17
18
18
17
17
18
17
16
18
17
18
17
18
17
17
19
0
17
18
0
19
17
18
18
18
18
18
18
19
16
17
17
17
17
17
17
17
18
18
17
17
16
17
17
1
17
17
0
15
17
18
18
17
17
17
17
18
17
16
16
17
18
17
17
18
18
16
17
18
15
17
8
13
16
16
18
0
18
16
16
16
17
17
18
16
16
17
17
16
16
17
16
16
17
18
17
18
16
17
0
17
16
17
17
0
17
17
17
16
17
17
16
16
17
17
16
17
16
17
17
16
16
17
16
17
16
17
1
17
16
16
18
5
18
16
17
17
17
17
17
17
15
16
17
16
16
15
15
17
16
16
16
16
15
17
0
16
16
17
16
0
12
0
0
0
11
16
16
16
17
17
16
15
16
16
16
15
14
15
15
16
16
11
0
16
0
0
0
0
17
16
17
15
16
16
15
16
15
16
16
15
16
16
15
15
15
15
15
14
15
16
12
15
16
15
17
0
16
15
16
16
17
16
15
15
14
15
15
14
15
16
15
16
14
14
15
15
16
16
15
15
15
16
16
0
13
15
15
14
15
15
15
15
15
15
15
14
14
15
15
15
14
16
14
15
14
14
14
14
14
15
14
0
16
15
15
14
15
13
12
13
13
14
14
15
15
14
15
15
13
15
15
14
14
14
14
14
15
14
16
0
14
15
15
14
14
14
14
14
14
15
13
14
14
15
15
13
14
14
14
14
14
13
13
14
15
14
14
0
14
15
14
13
14
12
15
14
14
14
13
15
14
14
14
13
14
14
14
14
14
14
13
14
14
14
15
0
14
14
14
14
14
13
13
13
14
13
14
14
13
14
14
12
14
14
14
14
14
13
13
14
14
13
13
0
14
13
12
13
13
12
13
13
13
13
13
14
13
13
14
13
13
13
13
12
13
13
13
13
13
13
13
0
14
12
13
13
12
13
13
13
13
11
12
13
14
13
13
12
12
13
13
13
13
12
13
12
13
13
13
0
13
13
13
12
13
13
12
12
12
12
11
12
12
13
13
13
13
12
12
13
12
13
12
12
12
12
12
0
12
12
12
12
11
12
11
12
11
12
11
11
12
12
12
13
12
12
11
12
12
11
12
12
11
12
12
11
12
11
11
11
11
12
12
12
11
11
11
11
11
12
12
11
12
12
12
12
12
11
11
11
12
11
11
11
10
11
11
11
11
10
11
10
11
11
11
11
11
12
11
11
11
12
11
11
11
11
10
10
11
11
11
11
11
11
10
11
11
11
11
11
11
10
10
10
11
12
12
11
11
11
10
11
11
10
11
10
10
10
10
10
11
11
11
10
10
10
10
10
10
10
10
10
