24
23
23
23
24
24
23
24
23
24
24
24
24
24
24
24
24
23
23
24
22
22
24
24
24
24
24
24
23
24
24
24
24
24
24
24
24
24
24
24
23
24
23
23
24
23
23
23
24
24
24
23
22
24
23
23
23
24
24
24
24
24
24
23
23
24
24
24
24
24
24
23
23
23
23
24
23
23
24
23
23
22
23
23
24
23
23
23
24
24
24
23
23
23
24
24
24
23
24
23
23
23
24
23
23
23
23
24
23
23
23
22
24
23
23
24
23
24
24
24
24
24
23
23
23
23
23
23
24
24
23
23
23
24
24
24
23
23
22
23
23
23
24
24
23
23
23
23
23
23
23
24
23
23
24
22
25
23
23
23
24
24
24
23
23
23
23
23
23
23
23
23
24
24
24
24
24
23
23
24
24
23
22
23
23
22
24
23
24
23
24
24
23
24
23
23
24
24
24
24
24
24
23
23
24
25
24
24
24
0
2
24
23
24
24
24
24
24
24
22
23
24
23
23
23
23
24
24
24
23
23
24
24
25
24
24
24
6
13
23
24
24
24
24
23
23
23
23
23
23
23
23
24
24
23
23
24
23
22
23
24
23
24
25
1
16
24
24
24
1
8
25
24
22
25
23
23
23
23
23
23
24
24
23
23
24
23
24
24
23
25
17
2
24
23
24
26
5
25
24
24
23
23
23
24
24
22
24
23
24
24
23
24
22
24
24
24
24
23
0
7
24
24
23
13
0
25
24
24
23
24
24
24
24
23
22
24
23
24
23
23
23
24
24
24
24
0
11
24
24
26
25
0
10
24
24
23
23
23
24
24
23
23
23
23
23
23
23
23
24
23
23
24
23
5
24
23
24
24
25
6
24
24
24
24
23
24
23
24
23
24
23
23
24
23
23
24
24
24
24
24
1
18
24
24
25
24
8
4
24
4
1
2
2
4
15
24
23
24
24
23
24
23
24
23
24
24
24
26
2
26
24
24
1
0
2
2
21
24
24
24
24
23
24
24
23
23
23
24
24
23
24
24
24
24
24
1
1
3
1
15
25
13
2
25
24
23
23
23
24
25
23
24
23
23
24
23
23
24
23
23
24
23
24
24
24
24
24
23
24
2
25
24
24
23
23
23
24
24
24
24
23
24
22
23
23
24
22
23
24
23
24
23
23
24
24
23
25
2
24
24
23
23
24
23
23
24
23
24
23
23
23
24
23
24
23
23
23
23
24
23
24
23
24
24
13
1
23
24
23
24
24
24
23
23
24
23
24
24
23
23
24
24
24
24
23
22
23
23
24
24
24
25
0
10
22
23
24
24
23
24
24
23
24
23
23
23
24
24
24
24
24
25
23
24
23
23
24
23
23
23
3
24
25
23
23
24
25
23
23
22
22
23
24
24
23
23
23
23
23
23
24
23
23
23
24
24
23
23
23
22
23
23
23
22
23
24
23
23
23
24
24
24
24
23
24
22
23
23
23
23
25
23
24
23
23
23
24
23
23
23
23
24
24
24
23
24
23
24
23
23
24
23
24
24
23
23
23
23
23
24
23
23
23
24
24
23
23
23
24
23
24
22
23
23
24
24
23
24
23
23
24
23
24
23
23
24
24
23
24
24
24
24
23
24
23
23
23
23
24
22
23
24
23
24
23
24
23
24
23
23
23
24
23
24
24
23
23
23
23
24
24
24
24
24
24
24
23
23
23
24
24
23
23
24
23
24
24
24
23
23
23
23
23
23
24
23
23
23
24
23
23
24
23
24
24
23
23
23
24
23
23
23
23
