23
23
23
23
23
23
23
23
23
23
23
23
23
23
23
23
23
23
23
23
23
23
23
23
23
23
23
23
23
23
23
24
23
23
24
23
24
23
22
22
23
23
23
24
23
24
24
23
23
23
23
24
23
23
23
24
24
23
23
24
23
23
24
23
23
23
23
23
23
23
24
23
24
23
23
23
23
23
23
24
23
23
23
23
23
23
23
23
22
23
23
23
24
23
24
23
23
24
23
23
23
23
23
23
23
23
23
23
24
24
23
23
24
23
23
23
23
23
23
23
22
23
24
23
23
23
23
23
23
23
23
23
23
23
23
23
23
23
23
23
23
23
23
23
23
23
24
22
23
23
23
23
22
23
23
23
23
23
23
23
23
23
23
23
23
23
23
23
23
23
23
23
24
23
23
24
23
24
23
22
21
21
22
23
23
23
23
23
23
23
22
24
24
23
24
23
23
24
23
23
23
24
23
24
23
23
24
17
4
1
19
19
22
23
23
23
23
23
23
23
22
23
24
22
23
23
23
23
23
23
22
23
23
22
22
23
20
14
3
2
14
24
24
23
23
24
23
23
23
23
23
23
23
23
23
23
23
22
24
23
24
23
23
23
23
22
23
3
3
24
23
23
23
23
23
23
23
23
23
23
23
23
23
23
24
23
23
23
23
23
23
23
22
21
14
3
13
23
23
23
23
23
23
23
23
23
23
23
23
23
23
23
23
23
22
22
23
23
23
21
22
24
2
2
23
23
23
23
23
23
23
23
24
24
24
23
23
23
23
23
23
23
22
22
23
22
22
20
24
4
3
18
24
24
23
23
22
23
23
23
23
23
24
23
23
23
22
23
23
23
23
23
23
21
22
19
2
3
22
22
23
23
23
23
23
24
23
24
23
23
23
23
23
23
22
23
23
23
23
23
24
7
2
3
3
5
3
10
18
20
22
24
23
24
23
23
23
23
23
22
23
23
23
23
23
23
23
23
24
20
11
14
17
14
14
9
4
3
10
23
24
23
23
23
23
23
23
23
23
23
23
23
23
23
23
23
23
24
23
23
23
23
22
21
21
2
5
22
23
24
23
23
23
23
23
23
23
23
23
23
23
23
23
23
22
21
24
23
23
23
20
21
12
4
6
24
24
23
23
23
22
23
23
23
23
23
23
22
23
23
23
23
22
2
15
22
21
22
21
5
6
7
22
23
23
23
23
24
22
23
23
23
24
23
23
23
23
23
23
24
22
1
7
19
21
23
6
5
8
23
23
23
23
23
23
23
23
23
24
23
23
23
23
23
23
23
23
23
23
14
4
6
7
5
5
14
23
23
23
23
24
23
23
24
23
22
23
22
22
23
23
23
23
23
24
23
23
23
24
24
23
24
22
22
23
23
23
23
23
23
23
23
23
23
23
23
23
23
22
23
24
23
22
22
23
23
23
24
23
23
23
23
23
23
23
23
23
23
23
23
23
23
23
23
23
22
23
23
23
23
23
23
22
22
22
23
23
23
22
23
23
23
23
23
23
23
23
23
23
23
23
23
23
23
23
23
23
23
23
23
23
23
24
23
23
24
23
23
23
23
23
23
23
23
22
23
23
23
24
23
23
23
23
22
23
23
23
23
23
23
23
23
23
23
23
23
24
23
23
23
23
23
22
23
23
23
23
23
23
23
23
23
23
23
23
23
23
23
23
23
23
23
23
23
23
23
23
23
23
23
23
22
23
23
23
23
23
23
23
23
23
23
23
23
23
23
23
23
23
23
23
23
23
23
23
23
23
23
23
23
23
23
23
22
