23
23
24
24
24
23
23
23
23
23
23
23
23
23
23
23
23
23
23
23
23
23
23
23
24
23
24
23
23
23
24
24
23
23
23
24
23
24
23
24
24
23
23
23
23
23
23
23
23
23
23
22
24
23
23
23
23
23
23
24
23
23
23
24
23
24
23
23
23
23
23
23
23
23
23
23
23
23
23
23
23
23
23
24
23
23
23
23
23
23
23
24
23
23
23
23
23
24
22
23
23
23
23
23
24
24
23
23
23
23
23
22
24
23
24
24
23
24
23
23
24
23
23
21
23
23
23
23
23
23
23
23
23
24
23
23
23
23
23
23
22
23
24
24
24
22
24
23
24
23
23
22
23
23
23
23
23
23
23
23
23
24
23
23
23
23
23
23
23
23
23
23
24
24
23
23
24
23
23
22
7
19
22
24
24
23
23
23
23
23
23
23
23
23
23
23
22
23
23
23
23
23
24
24
23
22
23
22
7
6
2
13
23
24
23
23
24
23
23
22
23
23
23
24
23
23
23
23
23
23
23
23
23
23
23
23
23
16
12
3
5
23
23
23
23
23
23
23
23
23
23
23
23
22
24
23
23
23
23
23
23
23
23
24
23
20
23
4
10
23
23
23
23
23
24
23
23
23
23
23
23
23
23
24
23
23
23
23
23
23
23
22
24
22
2
2
23
23
23
23
23
23
23
23
23
23
23
23
23
23
23
23
24
23
23
23
23
23
23
23
23
3
3
24
23
23
23
24
23
23
24
23
23
23
23
23
23
23
23
23
24
23
23
23
23
23
24
21
1
2
18
21
21
23
23
23
23
23
23
23
23
23
23
23
23
23
23
23
23
23
23
23
23
23
23
14
7
6
5
5
1
11
20
22
22
23
23
23
23
23
23
23
23
23
23
23
22
23
23
23
23
23
24
23
23
22
23
23
20
8
2
3
23
23
23
23
23
23
23
23
24
23
23
23
23
23
23
23
23
23
23
23
23
23
23
23
24
22
20
3
16
24
23
23
23
23
23
23
23
23
23
23
23
23
23
23
23
23
24
23
23
23
23
23
22
21
3
5
24
23
23
24
23
23
23
23
23
23
24
23
23
23
22
22
20
20
23
24
23
23
23
22
21
2
3
16
23
23
23
23
23
23
24
23
24
23
23
23
23
23
22
22
3
24
22
23
23
22
21
21
2
2
19
23
23
23
23
23
23
23
23
23
23
23
23
23
23
23
24
18
2
21
21
21
21
22
17
5
5
24
24
23
23
23
23
23
23
23
23
23
22
23
23
23
23
23
23
23
5
3
3
3
2
6
5
22
24
23
24
23
23
23
23
23
23
23
23
23
23
23
24
23
23
23
23
23
24
11
8
8
16
23
23
23
23
23
23
23
23
23
23
23
23
23
23
23
23
23
23
23
23
23
22
23
23
23
23
23
22
23
23
23
23
23
23
23
24
23
23
23
23
23
23
23
23
23
23
23
22
23
23
23
23
23
23
23
23
23
23
23
23
23
23
23
23
23
22
23
23
23
23
23
22
23
23
23
23
23
23
23
23
23
23
23
23
23
24
23
23
23
23
23
23
22
23
24
23
23
23
23
23
23
23
23
23
23
23
23
23
23
23
23
23
23
23
23
23
23
23
23
23
23
23
23
23
23
23
23
24
23
23
23
23
23
23
23
23
23
23
23
23
23
23
23
23
23
23
23
23
23
22
23
23
23
23
23
23
23
23
23
22
22
23
23
23
23
23
23
23
23
23
23
23
23
23
23
23
23
23
23
23
23
23
23
