22
22
22
22
21
21
21
22
22
22
22
21
22
21
22
21
22
21
22
22
22
22
21
21
22
22
22
22
22
22
22
22
21
21
22
22
22
21
23
21
21
22
21
21
22
21
21
22
22
21
21
21
21
21
22
21
21
21
22
22
22
21
22
21
22
22
21
21
21
21
21
21
22
22
21
22
21
21
22
22
22
22
22
22
22
22
22
21
22
22
21
21
21
21
22
21
21
21
22
21
22
21
22
21
21
21
21
21
21
21
21
22
22
22
21
21
22
21
21
21
21
22
21
21
21
21
21
21
21
21
22
21
21
21
22
21
21
21
21
22
21
22
22
21
22
22
21
21
21
19
19
19
20
21
21
21
21
21
21
21
21
22
22
21
21
21
20
22
21
22
20
21
21
21
21
21
21
18
19
18
17
18
19
21
21
21
21
21
22
21
22
21
21
22
21
21
22
21
21
21
21
21
21
21
22
18
12
9
5
16
17
19
22
22
22
21
21
21
22
21
21
21
22
22
21
22
21
22
22
21
21
22
22
21
21
22
15
8
4
17
21
21
21
21
21
21
21
21
21
21
22
22
21
21
21
21
21
21
21
21
21
21
21
21
21
20
3
2
21
22
21
21
22
21
21
21
21
21
21
21
21
22
21
21
21
21
21
21
21
21
21
20
18
19
2
3
21
21
21
21
21
21
21
21
21
22
21
21
21
22
21
21
22
21
21
21
21
20
19
18
21
2
4
19
21
21
21
21
21
21
21
21
22
22
22
21
21
21
21
21
21
21
21
21
21
20
19
12
4
4
21
19
21
21
21
21
21
21
21
21
21
21
21
21
21
22
21
21
22
22
21
21
21
20
9
5
18
18
18
19
19
20
21
21
21
22
21
21
22
22
21
21
22
22
22
21
22
21
21
21
20
21
22
8
7
7
6
10
19
19
18
21
21
21
21
21
21
21
21
21
22
21
21
21
21
21
21
21
21
21
21
20
21
22
21
22
19
3
15
20
21
21
21
21
21
21
21
21
22
22
22
21
21
21
21
21
21
21
21
21
21
21
20
19
18
3
5
21
21
21
21
21
21
21
21
21
21
21
21
21
21
21
21
21
21
19
19
20
20
20
18
18
6
5
16
21
21
21
21
21
21
21
21
21
21
21
21
21
21
21
21
21
22
6
18
18
19
18
18
7
6
12
20
21
21
21
21
21
21
21
21
21
22
21
22
21
21
21
21
21
21
2
17
17
19
9
4
5
19
21
21
21
21
21
21
20
21
21
21
21
21
21
21
21
21
21
21
21
21
9
7
7
5
9
19
21
21
21
20
21
21
21
21
21
21
21
21
21
21
21
21
21
21
22
21
21
21
21
19
19
21
22
21
21
21
21
21
21
21
21
21
21
21
21
21
21
21
21
21
21
21
21
21
21
21
21
21
21
21
21
20
21
22
21
21
21
20
21
21
20
21
21
21
21
22
21
21
21
21
22
21
21
21
21
21
21
21
21
21
21
21
22
21
22
21
21
21
21
21
21
21
21
21
21
22
21
21
21
21
21
21
21
21
21
21
21
21
21
21
21
21
21
21
20
21
21
20
21
21
21
21
21
21
21
21
21
21
21
21
21
21
21
21
20
21
21
21
21
21
21
21
21
21
21
20
21
21
21
21
21
21
21
21
21
21
21
21
21
21
21
21
20
21
21
21
21
21
21
21
20
21
21
21
21
21
21
21
21
21
21
21
21
21
21
21
20
21
21
21
21
21
20
21
21
21
21
21
21
21
21
21
21
21
21
