23
24
23
23
23
23
23
23
23
23
23
23
23
23
23
23
23
23
23
22
23
22
23
23
22
23
23
23
23
23
24
23
24
24
23
24
23
23
23
23
23
22
23
23
23
23
23
22
22
23
23
22
22
23
22
23
23
24
23
23
23
23
24
23
23
23
23
23
23
23
23
23
22
23
22
22
22
22
23
22
23
23
23
23
23
23
24
23
23
23
24
24
23
22
23
23
23
23
22
23
23
23
23
23
22
22
22
22
23
23
23
23
23
23
23
23
23
23
23
23
23
22
23
23
22
23
23
23
22
23
22
22
21
22
23
23
22
23
22
23
23
23
23
23
23
23
23
23
22
21
22
22
23
23
23
23
23
23
23
21
22
22
22
23
23
23
22
22
23
24
24
23
23
23
23
23
21
19
17
19
19
21
23
23
23
23
23
22
22
23
23
22
22
23
23
22
23
23
23
23
23
23
24
24
24
16
9
7
3
15
19
21
23
23
23
23
23
23
22
23
22
22
23
22
24
24
24
23
23
24
23
23
23
23
24
24
14
8
2
10
22
22
22
23
22
22
23
23
23
22
22
23
24
23
24
23
23
23
24
23
23
23
23
23
22
21
19
3
6
22
22
22
22
22
22
22
22
22
22
22
23
23
23
23
23
24
23
23
23
23
23
22
21
20
22
2
6
22
23
22
22
22
22
22
22
23
22
22
23
23
22
23
23
23
23
23
23
23
22
21
20
18
3
5
22
22
23
22
22
22
22
22
22
23
22
23
23
23
23
23
23
23
23
23
21
21
20
21
5
3
7
20
22
22
23
22
23
23
22
23
22
22
23
23
23
23
23
23
23
23
23
24
23
21
9
3
3
13
20
19
19
20
23
23
23
23
22
22
22
22
22
22
23
23
23
23
23
24
23
23
24
7
7
7
8
9
9
9
1
16
21
21
22
22
22
22
22
23
23
22
24
23
23
23
23
23
23
23
23
24
22
22
23
22
22
22
18
2
4
22
22
22
23
22
22
22
22
23
23
23
23
23
22
23
23
23
23
22
21
23
22
22
21
21
23
2
3
22
22
22
22
22
22
22
22
23
23
23
23
23
23
23
23
23
23
22
19
19
22
21
20
22
4
5
11
22
22
22
23
22
22
22
22
22
23
23
23
23
23
23
23
23
23
21
16
8
21
20
20
2
4
17
22
23
22
22
22
22
23
23
22
22
23
23
23
22
23
22
23
23
23
22
2
11
21
10
7
4
22
23
22
22
22
22
22
22
22
22
23
22
23
23
23
23
23
23
23
23
23
24
9
4
6
5
22
22
22
22
22
22
22
22
22
22
22
22
22
22
23
23
24
24
23
24
23
23
24
22
23
22
23
23
23
23
22
22
22
22
22
22
22
23
22
22
23
22
23
23
23
23
23
24
22
23
23
22
21
22
23
22
22
23
22
22
22
22
22
22
22
23
22
22
22
22
23
23
23
23
22
24
23
23
22
23
23
23
23
23
23
22
22
22
23
22
22
22
22
22
23
23
22
22
23
22
23
23
23
23
23
23
23
23
23
23
22
23
23
23
23
22
22
22
22
22
22
22
22
22
22
22
23
23
23
23
23
23
23
23
22
22
23
22
22
22
22
23
23
22
22
22
22
22
22
22
22
22
22
22
23
23
23
23
22
23
23
23
23
22
22
22
22
22
22
22
22
23
22
22
23
22
22
23
22
22
22
22
23
23
23
23
22
23
23
23
23
23
22
23
23
23
22
22
23
22
22
22
22
23
22
22
22
22
22
22
