23
22
22
22
22
22
22
22
21
22
22
22
22
22
21
22
22
22
21
22
22
22
22
22
21
21
22
21
22
22
22
22
22
22
22
22
22
22
22
22
22
21
22
22
22
22
22
22
22
22
22
22
18
21
22
21
22
23
22
22
22
22
22
22
22
22
22
22
22
22
22
22
22
22
22
22
22
22
22
22
19
22
22
22
23
22
22
22
22
22
22
21
22
22
22
22
21
22
22
22
22
22
22
22
21
22
22
22
22
23
22
22
22
22
22
22
22
22
22
22
22
22
22
22
22
21
22
22
22
22
21
22
22
22
22
22
22
22
22
22
23
22
22
22
22
22
22
22
21
21
20
21
22
22
22
22
22
22
22
22
22
22
22
22
22
22
22
22
22
23
23
22
22
22
22
21
20
18
18
19
19
20
21
21
22
22
22
21
21
21
22
22
22
22
22
22
22
22
22
22
22
22
21
22
19
15
10
11
18
18
20
21
22
22
22
22
22
22
21
22
22
22
22
22
21
22
21
21
22
22
22
22
22
16
17
10
8
1
14
20
22
22
22
21
22
22
22
22
22
22
22
22
22
22
22
22
22
22
22
22
22
22
21
21
20
5
1
17
21
22
22
22
21
22
22
21
22
22
22
22
23
23
22
22
21
22
22
22
22
22
21
19
19
13
6
16
21
22
21
22
21
22
22
22
22
22
22
21
22
22
22
22
22
22
22
22
22
21
19
19
8
2
8
21
21
22
21
21
22
22
22
22
22
22
21
21
22
22
22
22
22
22
22
22
22
21
19
4
4
7
18
18
19
19
21
22
22
21
22
22
22
22
22
22
22
22
22
22
22
22
22
22
22
23
13
8
8
7
6
12
18
17
19
21
22
22
22
22
22
22
22
22
22
22
22
22
22
22
22
21
22
22
23
22
22
20
13
7
7
3
14
20
21
21
22
22
22
22
22
22
22
22
22
22
22
22
22
22
20
20
21
22
22
21
21
21
19
8
3
20
21
22
22
22
21
22
22
22
22
22
22
22
22
22
22
21
20
19
22
22
22
21
21
19
19
3
6
22
21
22
22
22
22
22
22
22
22
22
22
21
22
22
22
22
19
6
20
21
21
20
19
20
3
6
17
22
22
22
22
22
22
21
22
22
22
23
22
22
22
22
22
22
19
3
18
17
18
17
19
5
8
16
21
21
21
22
22
21
22
22
22
22
22
22
22
22
22
22
22
22
22
8
3
7
9
4
8
8
17
22
22
21
21
22
21
22
22
22
22
22
22
22
22
22
22
22
22
22
22
21
20
13
12
15
22
22
21
21
22
22
22
22
22
22
22
22
22
22
22
22
21
21
22
21
22
22
22
21
22
21
22
21
22
22
22
22
22
22
22
21
22
21
22
22
21
22
22
21
22
22
22
22
21
22
21
22
22
22
22
22
22
22
22
21
22
22
22
22
22
22
22
22
22
22
22
22
22
21
21
22
22
22
22
22
21
22
21
21
22
22
22
21
22
22
22
22
22
22
21
22
21
22
22
22
22
22
22
22
21
21
22
22
21
22
21
22
22
22
22
21
22
21
22
21
22
21
22
22
21
21
23
22
22
22
22
21
22
22
21
21
21
21
21
22
21
21
22
21
22
21
21
21
21
22
22
22
22
21
22
22
22
22
22
22
22
22
21
22
22
21
21
21
21
22
21
22
21
21
21
21
21
21
21
22
21
21
22
22
22
22
21
22
22
22
22
21
21
21
21
21
22
22
21
21
21
21
22
21
21
21
21
22
22
21
