20
20
20
21
19
21
20
20
21
20
20
21
20
20
20
20
20
21
20
21
20
21
20
20
20
21
21
21
21
21
21
20
21
21
21
20
21
20
20
20
20
21
20
20
20
20
20
20
21
21
21
19
20
21
20
19
20
20
21
20
20
21
21
21
20
20
20
20
20
21
20
21
20
22
21
20
20
20
21
21
20
20
20
20
20
20
20
20
20
21
21
21
20
20
19
20
21
20
20
20
20
20
21
21
20
20
20
20
20
20
21
20
20
21
20
20
20
21
21
21
21
20
20
20
20
21
21
20
21
20
20
21
20
20
21
19
19
20
20
20
21
21
20
20
21
21
21
21
21
20
21
20
20
20
19
20
20
20
20
21
21
20
20
20
20
20
20
20
21
20
19
21
20
20
21
20
20
20
18
15
5
16
16
19
20
21
20
21
20
19
20
20
20
20
21
20
21
21
19
21
20
20
20
20
19
2
1
3
3
1
1
20
20
21
20
19
20
19
20
19
20
20
21
20
20
21
20
20
19
20
20
20
20
21
21
20
20
1
18
20
20
21
19
20
20
20
20
20
20
20
18
19
21
21
20
21
20
20
21
20
20
21
20
21
4
0
19
20
20
21
20
19
20
20
21
19
19
20
19
20
20
19
21
19
21
20
20
20
20
20
20
20
1
18
20
20
20
20
21
20
20
19
20
20
20
20
20
20
20
20
20
20
20
20
20
19
20
21
21
20
2
20
19
20
20
20
20
20
20
19
20
19
20
19
19
20
21
20
20
21
21
19
20
21
20
20
21
21
2
2
0
19
19
20
19
19
19
20
20
20
20
19
20
20
20
20
20
21
20
21
21
19
20
20
21
21
19
21
19
4
1
1
3
20
20
21
20
20
20
20
20
20
20
19
20
20
20
20
20
21
20
20
21
21
21
20
20
20
19
1
1
20
20
20
20
20
20
20
20
20
20
20
21
20
20
20
21
20
20
20
20
19
20
21
19
22
20
2
12
21
20
19
19
20
20
19
19
19
20
20
20
20
20
20
19
21
21
20
22
20
20
20
21
20
1
20
20
20
19
20
20
21
20
20
20
20
20
20
21
20
20
21
19
20
20
20
20
21
21
21
19
4
8
20
20
21
19
19
21
20
19
19
20
19
20
20
21
19
21
20
20
20
21
20
20
20
21
19
3
20
20
21
20
20
20
20
20
20
20
20
20
20
20
20
21
19
20
20
21
21
20
21
19
21
18
5
20
20
20
19
20
20
20
20
21
21
19
19
20
20
20
19
20
21
20
20
20
21
20
20
20
21
3
21
21
20
20
20
20
20
20
20
19
20
20
19
20
21
20
20
21
20
20
20
20
20
20
20
21
14
20
20
20
19
20
19
20
21
20
20
21
20
20
20
20
20
20
20
20
20
21
21
20
22
21
21
21
20
20
20
20
20
20
19
20
18
20
21
21
20
20
20
19
20
20
20
20
20
20
20
20
20
21
20
19
20
20
21
21
20
20
20
20
20
20
19
21
20
20
20
19
20
20
20
21
20
20
21
21
21
20
20
19
20
21
19
21
20
20
21
20
20
20
20
21
20
20
20
20
20
21
21
20
20
20
20
20
20
20
21
20
20
20
20
20
21
20
20
20
20
21
20
20
20
20
20
19
20
21
20
21
21
20
19
20
21
20
20
21
19
19
20
20
20
20
20
20
20
20
20
21
20
21
19
20
21
21
20
19
20
20
20
21
20
20
20
20
20
21
20
20
19
19
19
20
20
20
20
19
21
21
20
20
20
