22
21
21
22
21
22
21
22
22
21
20
22
21
22
21
21
21
21
20
21
21
21
21
21
20
21
21
21
22
22
21
22
22
22
22
21
22
21
22
21
21
21
21
21
21
22
21
20
21
21
21
22
21
21
21
21
22
22
22
21
21
20
22
21
22
21
21
21
21
21
21
20
22
20
21
21
21
21
20
21
21
21
21
20
21
21
21
21
21
21
22
22
22
22
21
21
21
21
21
20
21
21
21
21
21
21
22
21
21
21
21
21
21
21
22
21
21
22
22
22
22
21
21
20
21
21
21
21
21
21
21
21
21
21
21
21
21
20
20
21
22
22
21
22
22
22
23
22
22
21
21
22
21
21
21
21
22
21
21
21
21
21
21
21
21
20
21
21
22
22
21
21
21
22
21
21
21
19
19
19
20
21
21
21
21
21
21
21
20
21
21
21
21
21
21
22
22
22
21
21
21
21
21
21
22
20
7
4
2
2
19
20
21
21
20
21
21
21
21
20
21
21
21
21
21
21
21
21
22
21
21
21
21
21
21
21
21
20
2
2
17
21
21
21
21
21
21
21
21
21
22
22
22
21
21
22
21
21
22
22
21
21
21
21
21
20
18
4
21
21
21
20
21
20
21
21
21
21
20
20
22
21
22
21
21
21
21
21
22
21
21
21
21
17
2
14
22
21
21
21
21
21
21
21
20
21
21
21
22
21
21
21
21
22
21
22
21
21
21
21
20
7
9
21
20
20
21
22
21
21
21
21
21
21
21
20
22
20
21
21
21
22
21
22
21
21
22
21
18
6
22
22
21
21
19
21
20
21
21
21
21
21
20
20
21
22
22
22
22
22
21
22
22
21
21
21
9
6
20
21
21
21
21
19
21
20
20
21
21
21
20
21
21
21
22
21
21
21
22
22
21
21
21
22
21
2
1
8
17
20
21
21
20
20
20
21
22
21
21
21
22
22
21
21
21
21
21
22
22
21
21
21
21
20
21
8
1
6
20
21
22
21
20
21
20
21
20
21
21
21
21
21
21
21
20
21
22
21
21
21
21
21
21
20
18
4
21
22
22
20
20
21
21
21
21
20
22
21
23
21
21
22
22
21
22
21
21
21
21
21
21
18
1
5
22
21
21
20
21
20
21
21
20
21
21
22
22
21
21
22
21
21
22
21
21
21
21
20
18
1
6
21
20
21
21
21
20
20
21
21
21
20
20
21
21
21
21
21
22
22
22
21
21
21
21
19
1
9
21
20
21
21
21
20
21
20
21
21
21
21
21
23
21
22
21
21
22
21
20
21
21
20
18
5
21
21
21
21
21
21
22
22
21
21
21
20
21
21
22
21
21
20
21
21
22
21
21
21
21
21
21
21
21
21
21
22
21
22
21
20
21
21
21
20
21
21
22
21
21
21
21
22
21
22
21
21
22
21
20
21
20
21
21
21
21
21
21
21
20
21
21
21
21
21
21
22
22
21
21
22
22
21
21
21
21
21
20
21
21
20
21
22
20
21
21
21
21
21
21
20
21
21
21
21
21
21
20
21
21
21
21
21
21
21
20
20
21
21
20
22
21
21
21
21
22
21
22
20
21
20
22
21
22
20
21
21
22
21
22
21
21
21
21
21
22
21
21
21
22
21
20
21
21
21
20
21
21
21
21
21
21
21
21
21
21
21
21
21
22
21
20
21
21
21
21
21
20
20
21
20
22
21
20
21
20
20
22
24
21
21
22
20
21
21
21
21
21
22
21
21
21
20
21
20
21
20
20
21
21
21
21
20
21
22
