23
22
22
22
23
22
22
22
22
22
22
22
22
22
23
22
22
22
22
23
22
22
22
22
22
22
22
22
22
22
22
23
23
22
23
22
23
23
22
22
22
22
22
22
22
22
22
22
22
21
22
22
23
22
22
22
22
22
22
23
22
22
22
22
23
22
22
22
22
22
21
22
22
22
21
22
21
22
22
21
22
22
22
22
22
22
22
22
23
22
22
22
23
22
22
22
22
22
23
22
22
23
22
22
22
22
22
22
23
22
22
21
22
22
22
22
22
22
22
22
22
21
21
22
21
22
22
21
22
22
22
22
21
22
22
21
22
22
21
22
22
22
22
22
22
22
22
22
22
21
22
22
22
22
22
22
22
22
22
22
22
21
22
22
22
22
22
21
22
22
22
22
22
23
22
23
22
21
18
4
7
9
21
22
22
22
22
23
22
21
22
22
22
22
21
22
23
22
22
22
23
23
22
21
22
21
22
20
10
3
4
10
22
22
22
22
22
22
23
22
22
22
21
22
22
22
22
22
21
22
22
22
22
22
22
21
20
17
8
10
22
21
22
22
21
22
22
22
22
22
22
22
23
22
22
22
22
22
22
22
22
22
21
21
18
13
7
15
22
22
21
22
22
22
21
23
22
22
22
22
22
22
22
22
22
22
22
22
21
22
22
18
14
8
16
22
22
22
21
22
21
22
22
21
22
22
23
23
22
22
23
22
22
22
22
22
22
22
21
16
5
17
22
21
22
22
21
22
21
22
22
22
22
22
22
21
21
21
22
22
22
22
22
22
22
22
22
19
4
3
1
1
8
22
22
21
22
22
22
22
21
22
22
22
21
22
22
23
22
21
22
22
22
21
23
22
23
21
21
20
12
7
21
21
22
21
22
21
21
21
22
21
22
21
22
22
22
22
22
22
21
21
21
21
22
22
21
19
15
10
22
21
22
22
21
22
21
21
22
21
22
22
22
22
22
22
22
21
22
21
21
22
22
22
20
17
5
15
21
22
22
22
22
22
22
22
22
21
22
22
22
22
22
22
22
22
22
22
22
22
21
21
17
2
11
22
22
22
22
22
22
22
22
21
21
21
22
22
22
23
22
22
22
20
21
23
22
22
21
19
7
11
21
21
22
22
22
22
22
22
22
22
22
22
22
22
22
22
21
22
22
22
22
21
22
18
18
5
12
22
22
22
22
22
22
22
22
22
22
22
21
22
22
22
22
22
21
22
22
22
22
22
20
17
7
19
21
21
22
22
22
21
22
22
22
22
21
21
22
22
21
22
22
22
22
22
22
22
21
18
18
10
23
22
22
22
22
21
22
22
21
22
21
22
22
22
21
22
23
22
22
22
22
22
22
21
20
14
21
21
23
22
21
22
22
22
22
21
21
22
21
22
21
21
22
22
22
22
21
22
22
22
21
22
22
23
22
22
22
22
22
22
22
22
22
22
21
22
22
22
21
22
22
22
22
22
22
22
21
22
22
22
22
22
22
22
21
22
22
22
21
22
21
22
21
23
22
22
21
21
22
22
21
22
22
21
21
21
22
22
22
21
22
22
21
22
21
22
22
22
22
21
21
21
22
22
21
21
21
22
22
22
22
22
22
22
21
22
22
21
21
22
22
21
22
22
22
21
21
21
21
21
22
22
22
22
22
21
22
22
22
22
22
22
22
22
22
22
21
22
22
21
21
23
21
21
22
21
22
22
22
22
21
22
21
21
22
22
21
21
22
22
22
22
21
22
22
22
22
21
21
21
21
22
22
21
21
22
22
22
21
21
22
21
