26
26
25
25
26
26
27
26
26
25
27
26
26
27
23
25
26
27
26
27
25
26
25
25
26
25
25
25
26
26
26
26
26
26
25
27
26
25
26
26
26
26
26
24
26
26
27
27
26
27
24
26
26
25
25
26
27
25
26
27
26
26
26
26
27
28
27
27
26
26
27
25
26
26
28
25
26
26
26
26
26
26
26
27
27
26
26
26
25
26
25
27
26
25
26
26
26
26
26
24
25
26
25
27
26
26
25
26
26
26
26
27
27
26
26
25
26
26
25
26
26
26
26
25
26
27
26
25
26
26
26
26
26
26
26
26
26
25
27
26
26
26
25
26
27
26
26
26
27
26
26
25
25
26
26
25
24
26
24
26
27
25
26
26
27
26
27
26
28
26
27
26
27
26
26
25
26
25
26
25
26
26
26
26
26
27
24
25
27
25
27
26
26
26
27
26
25
25
25
26
26
26
26
26
26
26
26
26
26
26
26
26
26
26
26
26
26
26
26
26
26
26
27
26
28
26
25
27
26
25
27
26
26
25
26
25
25
26
26
26
26
26
25
27
27
27
26
26
26
27
27
25
27
27
26
26
26
26
26
26
22
10
17
25
25
25
25
26
26
26
26
26
27
26
26
27
26
26
27
25
25
27
26
25
26
25
26
26
26
25
10
12
12
4
25
25
27
26
25
26
26
25
25
27
27
27
26
25
26
26
26
26
27
26
26
26
26
26
26
26
29
10
10
27
26
26
25
25
26
25
26
27
26
26
26
24
26
26
26
26
27
26
26
26
26
26
25
26
25
2
11
28
27
25
26
26
26
26
28
26
26
26
28
26
26
25
26
26
26
25
26
25
26
25
26
26
20
11
7
26
26
25
26
26
25
26
28
26
27
27
26
25
27
26
26
27
27
24
26
26
25
26
24
10
11
12
27
26
26
26
26
26
26
25
27
24
26
25
27
27
26
25
25
26
26
26
26
26
26
23
9
11
8
27
25
25
26
27
27
26
27
26
27
27
26
26
27
25
27
26
26
26
26
25
26
26
26
29
10
13
12
8
24
25
25
26
27
26
26
26
26
26
25
25
27
26
26
26
27
26
25
26
27
26
26
25
26
21
28
15
12
11
29
27
26
26
26
25
25
27
24
29
26
26
27
26
26
27
26
27
27
26
26
26
26
25
25
25
3
13
29
26
26
25
25
26
27
25
25
26
26
24
26
26
26
27
26
27
27
26
27
26
26
26
25
21
12
6
26
26
25
26
26
27
27
26
26
27
27
25
26
25
26
26
27
26
25
26
26
26
26
25
15
11
8
29
27
26
26
26
26
26
26
25
25
26
26
24
27
26
26
26
26
25
25
26
27
25
26
2
14
9
26
26
26
26
26
25
26
27
27
26
27
25
26
27
26
26
26
25
26
26
27
26
26
24
12
26
26
26
27
26
26
26
25
25
26
27
27
25
27
27
26
26
27
26
26
26
26
26
27
26
26
26
27
26
26
27
26
26
27
26
28
26
26
27
25
25
26
27
26
26
25
25
25
25
25
27
26
27
27
27
25
26
26
27
27
26
27
26
26
27
26
27
25
26
26
26
27
26
26
26
25
25
26
27
27
26
28
27
26
27
26
26
27
26
27
27
27
27
27
27
27
26
25
26
27
28
26
26
27
26
26
26
25
27
26
26
26
27
26
26
26
27
25
26
26
27
27
28
28
26
27
26
27
26
26
25
25
25
26
27
27
27
26
25
26
26
27
27
27
27
26
26
26
26
26
27
27
26
25
26
27
26
