27
24
26
26
25
26
26
25
26
27
26
26
25
26
26
25
25
27
25
25
26
26
27
26
26
26
26
27
27
25
26
27
26
25
25
26
26
27
27
25
24
27
26
26
27
26
26
26
26
26
25
26
26
26
24
26
26
27
26
27
26
26
26
26
26
24
25
25
24
26
27
24
26
26
27
27
27
26
27
24
27
27
25
27
26
25
26
26
26
26
26
26
25
26
26
26
25
26
26
26
25
27
27
26
26
27
26
26
26
26
26
26
27
26
26
26
26
25
26
28
27
26
26
26
26
26
26
26
25
25
26
26
25
26
26
26
26
26
27
27
26
26
26
26
26
26
25
27
27
25
26
27
25
27
27
27
26
25
25
25
26
28
26
26
26
27
26
26
26
26
26
25
26
26
26
24
26
25
26
26
23
26
26
27
26
28
27
26
25
28
27
27
26
25
26
26
27
26
26
29
26
26
28
23
27
25
27
26
30
15
9
27
26
27
27
26
27
27
26
26
26
25
27
27
26
26
26
26
25
26
26
25
26
25
25
25
26
27
11
10
26
26
27
26
26
25
26
25
25
25
26
27
26
26
27
27
26
25
27
26
26
26
26
27
26
26
5
11
26
26
26
26
26
25
26
26
27
25
26
28
26
26
27
27
27
27
28
24
26
26
26
25
25
25
4
11
26
26
27
26
26
26
26
26
27
25
25
27
26
26
26
26
27
27
26
26
26
23
26
26
25
28
12
20
26
27
26
26
26
26
26
27
26
26
26
26
25
24
25
27
27
27
26
26
26
26
26
25
26
11
9
27
27
26
26
26
26
25
25
26
26
27
27
26
25
26
27
26
26
26
27
26
26
26
19
10
12
5
27
26
25
26
27
26
26
24
25
26
24
26
26
24
27
26
26
25
27
27
27
27
26
26
26
15
12
12
10
22
25
25
26
26
26
26
26
27
26
27
25
27
25
26
27
25
26
26
24
25
26
26
26
23
26
26
23
12
12
6
26
27
26
26
26
27
25
27
25
27
25
26
26
26
26
27
26
26
26
26
26
26
25
26
25
26
25
14
27
26
26
26
25
26
26
26
25
27
26
26
26
26
27
25
26
26
26
26
25
25
26
26
26
26
6
11
26
26
28
25
26
25
26
26
25
26
23
26
27
26
26
26
26
26
26
26
26
27
26
26
25
6
12
30
26
27
25
26
26
27
25
25
26
26
26
26
26
26
26
24
28
25
26
25
26
26
26
27
12
12
22
26
26
27
26
26
27
26
26
26
25
26
26
27
27
27
26
26
26
26
27
25
27
8
9
13
7
28
26
26
27
26
26
26
27
27
25
26
27
27
26
25
28
26
26
26
27
27
27
26
26
29
11
28
27
27
27
26
26
27
26
26
26
28
26
26
28
27
26
26
27
25
27
26
27
26
26
27
26
27
26
26
26
26
27
26
26
26
27
26
26
27
25
27
26
26
27
26
27
27
27
26
26
26
26
26
26
27
27
26
26
27
26
26
26
28
25
26
27
26
26
25
27
27
27
26
25
26
25
24
25
26
25
26
25
26
26
26
26
27
28
25
26
28
27
26
24
26
25
26
26
26
27
26
27
27
26
26
26
26
25
25
26
26
26
26
26
26
28
26
27
27
26
26
27
26
26
26
27
28
27
27
27
26
26
25
26
27
27
25
24
26
26
28
26
27
26
25
27
27
26
26
27
25
26
26
27
27
27
26
25
26
26
27
27
27
27
26
25
27
26
26
26
26
27
27
26
27
26
27
26
27
26
26
27
26
