27
26
26
25
26
27
26
27
27
27
27
26
26
26
26
27
27
26
25
25
26
27
26
26
27
27
26
26
25
26
27
24
26
28
26
26
27
25
26
27
25
26
26
26
25
25
25
26
27
26
26
26
26
26
25
27
27
26
27
27
25
27
26
26
23
27
27
25
26
26
26
27
27
26
27
27
26
25
25
26
27
27
27
27
26
26
27
25
27
27
26
24
25
26
27
26
26
28
24
27
26
26
26
26
26
26
26
24
27
26
27
26
26
27
26
27
27
28
26
26
26
27
26
29
25
27
25
26
25
26
27
26
26
29
27
27
26
26
27
27
28
26
26
27
28
25
25
27
26
26
27
28
26
26
26
26
27
26
27
27
25
26
27
26
26
27
28
27
28
27
25
26
27
27
24
25
28
25
26
26
25
25
26
26
27
27
26
26
27
26
26
26
27
27
26
27
27
25
25
26
27
26
26
26
25
26
26
24
24
26
25
26
26
25
24
27
26
26
26
27
26
27
25
26
26
25
26
25
26
27
25
26
26
26
26
26
24
25
25
26
26
26
26
25
26
26
25
28
27
28
26
25
25
26
25
25
27
27
25
28
26
27
26
28
13
12
24
25
27
26
25
27
25
25
25
27
26
27
26
25
27
25
27
25
27
25
26
27
27
26
26
26
26
29
9
10
27
25
26
27
26
27
27
27
29
25
27
26
26
27
26
26
27
26
26
27
27
27
26
26
24
26
31
14
28
25
27
27
26
27
27
24
26
25
27
26
25
26
25
24
26
25
25
26
25
26
26
26
26
25
1
11
26
26
24
26
26
27
26
26
26
26
26
25
25
26
27
26
25
26
24
25
26
27
26
26
25
16
13
29
24
26
27
26
26
25
27
26
26
26
26
25
26
25
25
26
26
23
26
26
26
27
26
26
2
12
25
25
26
25
25
27
26
25
27
26
26
26
26
26
27
26
26
28
25
27
26
26
26
26
25
28
13
13
13
9
27
23
26
26
26
26
26
27
26
26
27
25
28
26
26
27
25
27
26
26
26
26
26
26
26
26
26
16
12
26
27
27
26
27
26
26
27
29
26
26
27
27
28
26
26
28
25
26
26
26
26
26
26
25
25
5
11
25
26
27
26
25
25
26
26
26
25
26
25
26
27
26
27
27
25
25
27
26
26
26
26
24
3
13
29
24
26
27
25
26
26
28
26
25
25
23
27
25
27
26
26
25
26
27
27
26
26
24
26
11
13
28
26
26
26
28
25
26
25
26
27
26
27
24
25
26
27
26
26
26
27
26
26
27
25
26
12
12
26
26
25
25
27
26
26
25
27
26
25
26
27
25
27
27
26
26
26
26
25
27
27
26
28
12
8
26
25
27
26
26
27
26
26
27
27
28
27
26
25
26
26
26
24
26
27
26
27
26
27
26
27
28
26
27
27
26
26
27
26
26
26
27
25
28
26
26
26
27
27
27
26
26
27
26
27
27
27
26
26
23
26
25
26
27
25
27
26
26
25
24
26
28
26
26
26
26
26
25
27
26
26
26
27
26
26
26
27
26
26
26
27
27
27
28
26
26
26
25
26
26
27
27
26
26
27
24
25
26
26
26
26
26
25
26
25
27
27
26
27
26
26
27
27
28
24
26
27
27
27
26
26
26
26
26
26
28
27
26
26
26
27
27
26
27
25
27
26
25
26
27
28
24
26
27
26
26
26
24
25
26
26
26
26
26
26
27
27
25
27
27
26
27
27
26
26
27
27
28
27
28
28
26
25
26
26
26
30
26
