25
25
26
26
25
25
24
25
26
25
23
26
26
26
26
26
27
27
25
25
26
26
27
26
26
26
25
27
25
27
26
25
26
27
26
26
26
25
24
25
23
26
26
24
26
25
25
26
25
26
25
27
26
25
26
26
26
26
27
26
26
26
27
27
26
27
26
26
24
26
26
25
26
27
26
26
27
26
25
27
26
26
25
26
26
26
27
26
26
26
27
26
26
27
25
25
26
26
26
27
26
26
26
26
27
26
27
26
28
25
24
25
26
27
27
26
26
26
26
27
28
28
24
25
28
26
24
27
26
26
24
25
26
25
27
27
27
26
26
27
26
25
26
26
25
26
27
27
27
26
21
23
25
24
24
27
26
27
26
26
25
24
26
25
24
26
25
26
25
25
26
25
25
26
26
26
26
25
10
12
11
7
27
27
26
26
24
26
27
27
26
27
26
26
27
26
26
26
26
26
26
25
26
27
27
25
26
27
27
10
3
26
26
26
26
25
26
25
26
25
24
25
27
26
25
27
26
26
26
26
26
27
27
27
26
26
29
12
26
26
25
25
26
25
28
25
26
26
26
26
27
26
26
26
26
26
26
25
27
26
26
27
26
26
13
11
27
27
26
26
25
25
26
26
26
25
25
26
26
26
23
26
26
27
27
27
27
27
27
26
25
27
13
29
26
27
27
26
26
27
27
27
26
27
25
26
25
26
25
26
27
26
27
26
26
25
26
26
26
7
7
26
26
27
27
25
26
26
27
27
27
26
27
27
26
27
26
26
27
26
26
27
26
26
26
27
8
12
29
24
26
26
27
26
25
26
25
26
27
25
27
27
27
27
26
26
27
26
27
27
26
27
26
26
30
12
7
23
25
28
27
25
26
26
26
26
26
27
26
26
27
27
24
26
27
26
27
27
26
27
27
26
26
27
13
11
28
26
28
26
26
27
26
26
26
26
26
26
27
26
25
26
25
26
26
25
26
26
27
25
27
26
26
7
10
26
26
26
26
27
27
26
26
27
27
26
27
28
26
26
26
25
26
26
26
25
26
25
27
27
26
26
11
5
27
26
27
26
26
26
28
26
26
27
26
26
26
27
27
26
25
25
26
26
25
26
27
27
26
26
11
9
25
27
26
25
26
26
27
26
26
28
27
25
25
26
26
26
26
26
25
26
27
26
27
26
26
7
12
29
27
26
26
27
26
26
27
28
26
25
26
27
26
27
26
26
27
26
26
26
26
26
26
25
0
11
17
27
26
26
27
26
26
28
27
26
26
27
26
26
27
26
26
26
27
26
25
26
26
27
26
15
12
16
26
26
26
26
27
26
26
26
27
27
27
26
27
26
27
26
27
25
28
26
25
26
26
26
29
13
6
27
26
27
26
26
27
25
25
28
26
26
27
26
26
25
26
26
26
27
27
26
26
27
27
27
26
26
27
27
26
26
26
27
26
26
25
25
28
26
26
27
26
26
26
27
26
26
26
26
27
27
27
26
26
27
26
26
27
26
27
27
25
27
26
26
28
26
27
26
26
23
27
27
26
27
27
26
26
27
25
25
26
26
26
26
27
26
26
27
27
26
27
27
28
26
27
27
27
23
27
27
27
27
26
27
26
26
27
27
27
26
26
25
25
25
25
26
27
25
26
27
28
26
26
26
27
26
26
27
28
27
25
27
27
26
28
27
27
27
27
26
27
26
26
26
26
26
26
26
26
26
26
26
28
25
27
27
26
26
27
25
26
27
27
27
27
28
26
25
26
26
27
28
26
26
26
26
27
27
28
26
26
26
