25
25
26
26
25
26
25
26
26
25
26
26
25
25
25
25
26
26
25
26
26
26
26
25
26
27
25
26
25
26
25
25
25
25
26
26
26
24
27
25
26
25
26
26
27
26
26
27
25
25
25
27
27
27
26
26
24
25
27
25
24
24
25
24
26
27
27
24
25
28
25
25
26
27
27
25
26
26
26
26
26
25
26
26
25
25
25
26
26
24
24
26
26
26
26
25
25
26
27
25
27
26
26
26
25
26
25
26
26
25
25
26
24
25
26
25
26
26
26
25
25
26
26
25
25
26
26
27
26
26
26
26
26
26
26
26
26
25
23
26
25
26
26
25
25
26
25
26
26
25
26
26
24
26
26
25
27
26
26
26
26
27
25
26
27
26
25
27
26
25
25
25
25
25
26
26
24
25
26
25
25
24
25
27
25
26
25
26
25
26
27
26
24
26
26
26
25
25
26
25
26
26
26
24
25
25
26
26
26
25
24
25
25
26
26
26
26
26
27
26
26
25
26
26
25
26
25
25
25
25
25
26
26
26
26
23
24
25
26
26
25
25
25
24
27
26
26
26
26
26
26
27
25
25
26
24
25
26
25
26
26
26
27
29
7
11
6
25
24
26
26
26
26
26
26
26
25
26
27
26
25
27
26
24
24
26
26
25
26
26
25
25
25
26
29
9
4
25
25
25
26
27
26
26
26
26
26
27
25
25
25
25
26
25
26
26
24
26
26
26
25
26
26
18
5
25
25
26
26
26
27
26
24
26
26
25
26
26
26
25
25
26
25
25
27
25
25
25
26
24
26
13
30
26
26
27
26
28
27
25
26
26
26
27
25
26
26
26
26
25
25
25
24
25
25
23
26
5
13
30
26
26
26
26
26
26
26
26
26
27
26
26
26
25
26
26
26
25
25
26
26
26
26
12
11
6
25
26
26
25
26
26
26
26
27
26
26
24
28
28
25
25
26
25
25
25
25
25
26
25
25
25
28
11
8
23
25
25
26
26
27
27
27
26
26
26
26
25
25
25
25
27
25
26
24
26
25
26
25
25
25
25
21
13
6
26
25
27
27
26
27
26
27
26
27
25
25
26
25
26
26
26
25
26
25
25
26
25
25
25
25
7
10
26
26
27
27
25
26
26
26
26
26
26
25
25
26
25
27
25
25
26
26
26
25
25
25
24
6
12
18
26
27
27
26
27
25
26
26
26
26
26
26
25
25
26
27
26
26
26
26
26
23
23
9
12
13
30
26
26
26
26
26
27
26
27
26
26
26
26
26
25
25
24
25
26
27
25
25
26
28
12
10
28
26
26
27
26
27
26
25
26
25
26
26
25
25
26
25
25
25
25
25
27
26
23
25
26
25
26
26
25
26
26
26
26
25
27
27
24
26
26
27
26
26
26
25
26
26
26
25
25
27
26
24
25
26
26
25
26
27
27
27
27
26
26
26
26
26
25
26
26
27
26
26
26
25
25
26
25
25
25
25
26
26
26
26
25
26
26
26
26
26
26
26
26
25
26
26
27
25
27
26
25
26
25
26
26
26
26
24
25
26
26
26
26
26
26
26
25
26
26
26
27
26
27
27
26
27
26
26
25
25
26
27
27
26
27
25
27
26
26
27
26
27
27
26
26
26
27
26
26
27
23
27
26
26
26
26
25
25
25
25
26
26
25
25
25
26
25
27
27
25
26
26
26
27
26
26
25
26
26
27
26
27
25
25
25
25
24
26
25
26
25
25
26
26
27
26
26
26
25
26
25
27
27
26
27
26
27
25
25
26
26
