23
23
23
23
23
23
22
23
23
23
23
23
23
23
23
23
23
23
23
23
23
23
23
23
23
23
23
23
23
23
23
23
23
23
23
23
23
23
23
23
23
23
23
23
23
23
23
23
23
23
23
23
23
23
23
23
23
23
23
23
23
23
23
23
23
23
23
22
23
23
23
23
23
23
23
23
23
23
23
23
23
23
23
23
23
23
23
23
23
23
23
23
23
23
23
23
23
23
23
23
23
23
23
23
23
23
23
23
23
23
23
23
23
23
23
23
23
23
23
23
23
23
23
23
22
23
23
23
23
23
23
22
23
23
23
23
22
23
23
22
23
23
23
23
23
23
23
23
23
23
23
25
1
1
23
23
23
23
23
23
23
23
23
23
23
23
23
23
23
23
23
23
23
23
23
23
23
23
23
1
21
22
0
26
23
22
23
23
23
23
23
23
23
23
23
23
23
23
23
23
23
23
23
23
23
23
23
23
23
23
7
24
23
22
23
23
23
23
23
23
23
23
23
23
23
23
23
23
23
23
23
23
23
23
22
23
22
23
9
21
23
23
23
23
23
23
23
23
23
22
23
23
23
22
22
22
23
23
22
23
23
23
23
23
22
23
1
26
23
23
23
23
23
23
23
23
22
22
21
22
23
23
22
23
22
23
22
23
23
23
22
22
23
23
0
23
23
22
23
23
23
23
23
23
22
23
23
23
23
23
23
22
22
23
23
23
23
22
23
22
25
1
1
4
23
23
23
23
23
23
23
23
23
23
23
23
23
22
23
22
23
23
23
23
23
22
23
23
0
1
9
1
1
23
23
23
23
23
23
23
23
23
22
23
23
23
22
23
23
23
23
23
23
23
23
23
22
23
23
23
0
23
23
23
23
23
23
23
23
23
23
23
22
22
22
23
23
23
23
22
22
22
23
23
23
23
23
23
27
1
23
23
23
23
23
23
22
22
22
22
23
22
23
23
22
22
23
22
22
23
23
23
23
23
23
23
28
1
23
23
23
23
23
23
23
23
23
23
22
22
23
23
23
23
23
23
23
22
23
23
23
23
23
23
4
14
24
23
23
23
23
23
22
23
22
22
23
22
23
23
23
23
23
23
23
23
23
23
23
23
23
23
1
27
24
23
23
23
23
23
23
23
23
23
22
23
22
23
23
23
23
23
22
23
23
23
23
23
23
26
0
24
23
23
23
23
23
23
23
23
23
23
22
23
23
23
23
23
23
23
22
23
23
23
23
23
23
1
24
23
23
23
23
23
23
23
23
23
23
23
22
23
23
22
23
23
22
23
22
23
23
2
23
23
25
1
25
23
23
23
23
23
23
22
22
23
23
23
23
23
23
23
23
23
23
23
23
23
22
1
0
0
1
30
23
23
23
23
23
23
23
23
23
23
23
23
23
23
23
23
23
23
23
22
23
23
23
23
26
21
28
23
23
23
23
23
23
22
23
23
22
23
23
23
23
23
22
23
23
23
23
23
23
23
23
23
24
23
23
23
23
23
23
23
23
23
23
23
23
22
23
22
22
23
22
23
23
23
23
23
23
23
23
23
23
23
23
23
23
23
23
23
23
23
23
23
23
23
23
23
23
23
23
23
23
23
23
23
23
23
23
23
23
23
23
23
23
23
23
23
23
23
23
23
23
23
23
23
23
23
22
23
23
23
23
23
22
23
23
23
23
23
22
23
23
23
23
22
23
23
23
23
22
23
23
23
23
22
22
23
23
23
22
23
22
23
23
23
23
23
23
23
23
23
23
22
23
23
23
23
23
23
23
23
