26
27
27
27
26
26
26
27
26
26
26
26
27
26
26
26
26
27
26
26
25
26
27
26
27
26
27
26
26
26
27
27
26
26
27
26
26
27
26
26
26
26
26
27
26
26
27
26
26
26
27
26
26
26
26
26
26
26
27
26
26
26
26
27
26
26
26
26
27
25
26
26
26
26
26
26
26
26
26
26
26
26
26
26
26
26
26
26
26
27
26
26
26
26
27
26
25
24
12
13
12
14
12
11
22
25
26
26
27
27
27
26
26
27
26
26
26
26
26
26
26
27
26
17
10
7
12
15
10
10
14
9
12
16
25
26
26
26
27
26
27
27
26
26
26
26
26
26
27
27
26
14
16
24
26
27
25
26
25
25
10
11
11
26
26
26
27
26
26
26
26
27
26
26
26
27
26
26
26
26
26
25
26
27
26
26
27
26
26
10
12
12
26
26
27
26
26
26
26
27
26
26
26
26
26
26
26
26
29
26
27
27
26
26
26
27
26
25
12
20
27
27
27
26
26
27
27
27
26
26
26
26
27
26
27
26
26
26
26
26
26
26
26
26
26
25
12
9
26
27
26
26
27
26
26
27
27
26
27
25
27
26
26
27
26
26
27
27
27
26
26
27
26
21
11
15
26
27
27
26
26
26
26
27
27
26
26
27
26
27
27
27
27
26
27
27
27
26
26
27
24
11
15
26
26
26
27
26
26
27
26
26
26
26
26
26
26
26
26
26
26
27
26
26
26
26
26
19
12
12
26
26
26
25
26
27
27
27
26
26
26
27
27
26
27
27
26
27
27
26
26
25
25
25
16
12
21
26
26
25
26
26
26
27
26
27
26
27
26
27
26
26
26
27
26
26
26
25
14
11
14
19
10
21
27
27
26
25
26
26
27
26
26
26
27
26
27
26
26
26
27
27
27
26
26
16
9
10
10
9
10
21
12
17
26
26
26
26
27
26
27
26
27
26
26
27
26
26
27
27
26
27
27
27
26
25
26
25
21
11
11
9
25
26
26
27
26
26
27
27
29
26
27
27
26
26
26
26
26
27
27
27
27
26
26
26
27
26
18
12
12
27
27
26
26
26
27
27
27
26
27
27
27
27
27
27
27
27
27
27
27
27
26
27
27
27
26
10
11
24
26
27
26
25
27
26
27
26
26
27
26
26
26
26
27
26
26
27
26
26
26
26
27
28
26
16
13
26
27
26
26
26
26
26
27
26
26
27
27
27
27
27
27
26
26
27
26
26
26
26
27
27
26
12
18
25
27
26
26
27
26
26
27
26
26
27
27
27
27
27
26
27
26
26
27
26
26
27
26
26
11
12
10
25
27
27
26
26
27
26
27
26
15
18
25
26
26
27
26
26
27
26
27
27
27
27
26
22
22
10
25
25
26
26
27
26
26
26
26
26
26
24
8
14
12
16
26
27
26
27
27
26
27
23
14
12
15
25
26
26
27
26
26
26
26
27
27
27
26
26
27
25
12
9
14
13
9
13
11
15
8
9
8
21
26
27
25
26
27
27
26
26
26
26
27
26
26
26
26
26
26
26
25
12
10
14
18
14
15
25
26
26
26
26
26
26
26
27
26
26
26
26
26
26
26
27
27
27
27
27
26
27
25
26
26
26
27
26
26
27
26
27
27
26
27
26
27
26
26
26
26
27
27
26
27
26
26
26
27
26
26
26
26
26
27
26
27
26
27
27
26
27
26
27
27
27
27
26
25
26
26
26
26
27
27
27
26
27
27
27
27
26
26
26
26
27
26
27
26
27
27
26
26
27
