23
23
23
23
23
23
23
23
23
23
23
23
23
23
23
23
23
22
23
23
23
23
23
23
23
23
23
23
23
23
22
23
23
23
23
23
23
23
23
23
23
23
23
23
23
23
23
23
23
23
23
23
23
23
23
23
23
23
23
23
23
23
23
23
23
23
23
23
23
23
23
23
22
23
23
23
23
23
23
23
23
23
23
23
23
23
23
22
23
23
23
23
23
22
23
22
22
23
23
23
22
23
23
23
23
23
23
23
23
23
23
23
23
23
23
23
23
22
23
23
23
23
23
23
23
23
23
23
23
23
23
22
23
23
23
23
23
23
23
23
23
23
23
23
23
23
23
23
23
23
22
23
23
18
18
24
23
23
23
23
23
23
23
23
23
23
23
22
23
23
23
23
23
23
23
23
23
22
23
23
23
1
1
0
25
23
23
23
23
23
23
23
23
23
23
23
23
23
23
23
23
23
23
22
23
23
23
23
23
23
23
22
2
23
23
23
23
23
23
23
23
23
23
23
23
23
23
23
23
23
23
23
23
23
23
23
23
23
23
25
0
22
23
23
23
23
23
23
23
23
23
23
23
23
23
23
23
23
23
22
23
23
23
23
23
23
23
23
1
23
23
23
23
23
23
23
23
23
23
23
23
23
23
23
23
23
23
23
23
23
23
23
22
23
23
23
0
23
23
23
23
23
23
23
23
23
23
23
23
23
23
23
23
23
23
22
22
23
22
23
23
23
23
24
8
23
23
23
23
23
23
22
23
23
23
23
23
23
23
22
22
23
23
23
23
23
23
23
23
23
23
1
27
23
23
23
23
23
23
23
23
23
23
23
23
23
22
23
23
23
23
23
23
23
22
23
25
1
1
1
27
23
23
23
23
23
23
22
23
23
23
23
23
23
22
23
23
23
23
23
23
23
23
23
1
1
1
10
3
23
23
23
23
23
23
23
23
23
23
23
23
23
23
23
23
22
23
23
23
23
23
23
27
1
28
27
1
23
23
23
23
23
23
23
23
23
23
23
23
23
23
23
23
23
23
23
22
23
23
23
23
23
23
26
1
23
23
23
23
23
23
23
23
22
22
23
23
23
23
22
23
23
23
22
23
23
23
23
23
23
23
26
1
23
23
23
23
23
23
23
23
23
23
22
23
22
22
23
22
23
23
22
22
23
23
23
23
23
22
1
17
23
23
23
23
23
23
23
22
23
23
23
23
22
23
23
23
23
23
23
23
25
23
23
23
23
23
0
27
23
23
23
23
23
23
23
23
23
23
23
23
23
23
22
23
23
23
23
23
25
1
26
24
23
1
2
24
23
23
23
23
23
23
23
23
23
23
23
23
22
22
22
22
23
22
23
23
23
21
0
1
1
0
27
23
23
23
23
22
23
23
23
23
22
23
22
22
23
22
23
23
23
23
23
23
23
23
24
27
22
27
23
23
23
23
23
22
23
23
22
23
22
23
23
23
22
23
22
23
23
23
23
22
23
23
23
22
23
23
23
23
23
23
23
22
23
22
23
22
23
23
23
23
23
23
22
22
23
23
23
23
23
23
23
23
23
23
23
22
22
23
23
23
23
23
23
22
23
23
23
23
22
22
23
22
23
23
23
23
23
23
23
23
23
23
23
23
23
23
23
23
23
22
23
22
23
23
23
23
23
23
23
22
22
23
23
23
23
23
23
23
23
23
23
23
23
23
23
23
23
22
23
23
22
22
23
23
22
23
23
23
23
23
23
23
23
23
23
23
23
23
23
23
23
23
23
23
23
23
23
23
23
23
23
