23
23
23
23
23
23
23
23
23
23
23
23
23
23
23
23
23
23
23
23
23
23
23
22
23
23
23
23
23
23
23
23
23
23
23
23
23
23
23
23
23
23
23
23
23
23
23
23
23
23
23
23
23
22
22
23
23
23
23
23
22
23
23
23
23
22
23
23
23
23
23
23
22
23
23
23
23
23
23
23
23
23
23
23
23
23
23
23
23
23
23
23
23
23
23
23
22
23
22
23
22
22
23
23
23
23
23
23
23
23
22
23
22
23
23
22
23
22
23
23
23
23
22
23
23
23
23
22
23
22
23
23
23
23
23
23
23
23
23
23
22
23
23
23
23
23
23
23
23
23
23
23
23
22
22
22
23
23
23
23
23
23
23
23
23
23
23
23
23
23
23
23
23
23
23
23
23
23
23
23
23
12
1
25
23
23
23
23
23
23
23
23
22
23
23
23
22
23
23
23
23
23
23
23
23
23
23
22
22
19
2
0
14
23
23
23
23
23
23
22
22
23
23
23
23
23
23
23
23
23
23
23
23
23
23
23
22
20
23
22
1
23
23
23
23
23
23
23
23
23
23
23
22
22
22
23
23
23
23
23
23
22
23
23
22
23
23
23
0
22
23
23
23
23
22
23
23
23
23
23
23
22
22
23
22
23
23
23
23
23
23
23
23
23
23
11
1
23
23
23
23
23
23
22
23
23
23
23
22
23
23
23
23
22
22
23
23
23
23
23
23
26
0
1
28
23
23
23
23
23
23
23
23
23
23
23
22
22
23
22
23
23
22
23
23
22
23
23
0
1
1
27
23
23
23
23
23
23
23
23
22
23
22
23
23
22
22
23
22
23
23
23
23
23
23
23
1
1
1
1
24
24
23
23
23
23
23
23
23
23
23
23
23
23
23
23
23
23
23
23
23
23
22
23
23
23
25
1
1
23
23
23
23
23
23
23
23
23
23
22
23
22
23
22
23
22
23
23
23
22
23
23
23
23
23
22
2
25
23
23
23
23
23
23
23
23
22
23
23
23
23
22
22
23
23
23
23
23
23
23
23
23
23
22
2
9
23
23
23
23
23
22
22
23
23
23
23
23
22
22
22
22
23
23
23
25
23
23
23
23
23
22
0
27
23
23
23
23
22
22
22
22
22
23
23
22
22
23
22
23
22
23
23
24
12
23
23
23
23
1
1
23
23
23
23
23
23
22
23
23
23
23
23
23
22
22
22
23
23
23
23
24
0
2
25
26
0
1
26
23
23
23
23
23
22
22
23
23
23
23
23
22
23
23
22
22
22
23
23
23
26
1
1
1
1
28
23
23
23
23
23
22
23
23
23
23
23
23
22
22
23
23
23
23
23
23
23
23
23
23
27
21
25
24
23
23
23
23
23
23
23
23
23
23
22
23
23
23
23
23
23
23
23
23
23
23
23
23
24
23
23
23
23
23
23
23
23
23
23
23
22
23
22
22
23
23
22
22
23
23
23
23
23
23
23
23
23
23
23
23
23
23
23
23
23
23
23
22
23
23
23
23
23
23
23
22
22
23
23
23
23
23
23
23
23
23
23
23
23
23
23
23
23
23
23
22
23
22
23
23
23
23
23
23
23
23
22
23
22
23
23
23
22
23
23
23
23
23
23
23
23
23
23
23
23
23
23
23
23
23
23
22
23
23
23
22
23
23
23
23
23
23
23
23
23
23
23
23
23
23
23
23
23
23
23
23
22
23
22
23
23
23
23
23
23
23
23
23
23
23
23
22
23
23
23
23
23
23
23
23
23
22
23
23
