24
23
24
23
23
23
23
23
23
23
24
23
23
24
23
23
23
24
23
23
23
23
24
24
24
23
23
23
24
23
23
24
23
23
23
24
23
23
23
24
23
23
23
23
23
23
23
23
23
23
23
24
23
23
23
23
24
23
24
24
23
23
24
24
23
24
23
23
23
23
23
23
23
23
23
23
23
23
23
24
24
23
23
23
23
23
24
23
24
24
24
24
24
24
24
24
23
24
23
23
23
23
23
23
23
24
24
23
23
24
23
23
24
24
24
24
23
24
24
24
23
23
24
23
24
23
24
23
24
23
23
23
23
23
23
23
23
23
24
23
24
23
23
23
24
23
23
23
23
23
24
23
24
0
0
19
24
23
23
23
23
24
24
24
24
23
23
23
23
23
23
23
23
23
23
23
23
23
23
23
25
20
27
0
2
23
24
23
23
23
23
23
24
23
23
23
23
23
23
24
23
23
23
24
23
23
23
23
23
24
24
23
0
23
24
23
24
24
23
24
24
23
23
23
23
23
23
23
23
23
24
23
23
23
24
23
23
23
23
23
0
24
24
23
23
24
24
24
23
23
23
23
23
24
23
24
23
23
23
23
23
23
23
23
23
23
24
23
3
24
24
23
23
24
23
23
23
23
23
23
24
24
24
24
23
23
24
23
23
23
24
23
23
23
23
0
27
24
24
24
24
23
23
23
23
23
23
23
24
23
24
23
23
23
24
23
23
24
23
24
24
23
2
1
25
24
23
23
23
23
23
23
23
23
23
23
23
24
23
23
23
23
23
23
23
23
23
24
26
9
1
1
27
24
24
24
24
23
23
23
23
24
23
23
23
23
23
23
24
23
23
23
23
23
23
24
1
1
5
8
1
25
24
24
24
23
23
24
24
24
23
24
24
23
23
23
24
23
23
23
23
24
23
24
24
25
24
24
1
24
24
24
23
24
24
23
23
23
23
23
23
23
23
23
23
23
23
23
23
23
23
24
24
24
24
24
18
4
24
24
24
24
23
23
23
23
23
23
23
23
23
23
23
23
23
23
23
23
24
23
23
24
23
24
24
3
24
24
24
23
22
23
23
23
23
23
23
23
23
23
23
23
24
23
23
24
24
23
23
23
24
23
1
25
24
24
23
23
23
23
23
23
23
24
23
23
23
23
23
23
23
23
24
1
23
23
23
23
24
23
0
27
23
24
23
23
23
23
23
23
23
23
23
23
23
23
23
23
23
23
23
1
25
24
24
24
25
0
3
24
23
23
23
23
23
23
23
23
23
23
24
23
23
23
23
23
23
23
24
27
0
6
25
9
0
1
26
24
24
24
23
23
23
23
23
23
23
23
23
23
23
23
23
23
23
23
23
24
26
1
0
1
2
26
24
24
24
23
23
23
23
23
23
23
23
23
23
23
23
23
23
24
23
23
23
23
23
24
24
24
24
23
24
24
24
23
23
23
23
23
23
23
23
23
23
23
23
23
23
23
23
23
23
23
23
23
24
24
24
24
23
23
24
24
23
23
23
23
23
23
23
23
23
23
23
23
23
23
23
23
23
23
23
23
23
24
24
23
23
24
24
23
23
23
23
23
23
23
23
23
23
23
23
23
23
23
23
23
23
23
23
23
23
23
23
23
23
23
23
23
23
23
23
23
23
23
23
23
23
23
23
23
23
23
23
23
24
23
23
23
23
23
23
23
23
23
24
23
23
23
23
23
23
23
23
23
23
23
23
23
23
23
23
23
23
23
23
23
23
23
23
23
23
23
23
23
24
23
23
23
23
23
23
23
