24
24
23
23
24
24
23
23
24
23
24
23
24
23
23
23
24
23
23
23
24
24
23
23
24
23
23
24
23
23
23
24
23
24
23
23
23
23
23
23
23
23
23
23
23
23
23
23
24
23
24
24
24
23
23
23
24
23
23
24
23
23
23
23
23
23
23
23
23
23
23
23
24
23
23
23
23
23
23
23
24
23
23
24
24
24
23
23
23
23
23
23
23
23
23
23
24
23
23
23
23
23
23
23
23
23
23
23
23
23
23
23
24
24
24
23
23
23
23
23
23
23
23
23
24
23
23
23
23
23
23
23
23
24
24
23
23
23
23
23
24
24
24
23
23
23
23
23
23
23
23
22
23
23
23
23
23
23
23
23
23
23
23
23
23
23
23
23
23
24
23
23
23
23
23
23
23
23
23
23
23
22
22
20
23
22
23
23
23
23
23
23
23
23
23
23
23
23
24
23
23
23
23
23
22
23
23
23
23
20
19
16
19
23
23
23
23
23
23
23
23
22
23
23
23
23
23
23
23
23
23
22
23
22
23
22
23
18
5
8
17
22
23
23
22
23
24
23
23
23
22
23
23
22
23
23
23
23
23
23
22
23
23
23
21
14
3
5
21
22
23
23
22
23
22
22
23
23
22
23
23
23
23
22
23
23
23
23
22
23
23
23
21
8
7
6
22
23
22
23
22
23
23
23
23
23
23
23
23
23
24
23
23
22
23
23
23
23
23
23
20
4
8
14
23
22
22
23
22
23
22
23
23
23
23
23
23
23
23
23
23
23
22
23
22
23
22
23
18
4
3
19
22
23
23
22
23
23
23
23
23
23
23
22
23
23
24
22
23
23
22
22
22
23
22
22
17
6
3
20
23
22
23
22
22
23
22
22
23
23
23
23
23
23
23
22
23
23
23
22
23
23
22
21
12
5
5
19
23
22
23
23
22
22
23
22
22
22
23
23
23
24
22
23
23
22
23
22
22
22
22
22
8
4
6
22
22
22
23
23
23
23
23
22
22
22
23
23
23
22
23
23
23
23
23
22
22
22
22
20
1
4
8
21
22
22
23
23
22
22
22
22
22
22
22
22
23
22
23
23
23
23
23
23
22
22
22
14
3
3
16
22
22
22
23
22
22
22
23
22
23
22
22
22
23
23
22
22
22
22
23
23
23
23
22
18
2
4
18
21
22
22
22
22
22
22
22
22
22
23
23
23
23
23
23
22
23
22
22
22
23
23
22
17
6
7
20
22
22
22
22
22
22
22
22
22
22
22
23
22
22
23
22
22
22
22
22
22
22
23
23
24
14
21
22
22
22
22
22
22
22
22
22
22
22
22
22
22
23
22
22
21
21
20
19
21
22
23
22
23
22
22
22
22
22
22
23
22
22
22
22
22
22
22
22
22
23
22
22
21
17
15
20
21
22
23
22
23
22
22
22
22
22
22
22
22
22
22
22
21
21
21
22
22
23
23
23
22
22
22
23
22
22
23
22
22
23
22
22
22
22
22
22
22
22
22
22
21
21
22
22
22
22
22
22
22
23
22
22
22
22
22
22
22
22
22
22
22
22
22
22
22
22
22
23
22
22
22
22
22
22
23
22
23
23
22
22
23
22
22
23
22
22
22
22
22
22
22
22
22
22
22
22
22
22
22
22
22
22
22
23
23
22
22
22
23
22
22
23
22
22
22
22
21
22
22
22
22
22
22
22
23
22
22
22
22
22
22
23
23
22
22
22
22
22
23
22
22
22
22
22
22
22
22
22
22
22
22
22
22
22
21
22
22
