25
25
24
25
25
25
25
25
25
25
24
25
25
25
25
25
25
25
25
25
25
25
25
25
25
25
24
25
24
24
25
25
25
25
25
25
25
25
25
25
25
25
25
25
25
25
25
25
25
25
25
25
25
25
25
25
25
25
25
25
25
25
25
25
25
25
25
25
25
25
24
25
25
25
24
25
24
25
25
25
25
25
25
25
24
25
25
25
24
24
24
24
25
25
24
25
25
24
25
25
25
25
25
25
25
25
25
25
25
25
25
24
25
25
25
25
25
25
24
25
24
24
24
24
25
25
25
25
25
24
25
24
24
25
25
25
25
25
24
24
24
25
24
25
25
24
24
24
24
24
24
25
25
25
24
25
25
25
25
25
25
25
25
25
25
25
25
25
25
25
25
25
25
25
25
25
25
25
25
25
24
24
24
25
25
25
25
25
25
25
25
25
25
24
25
25
24
24
24
24
25
25
24
25
24
24
25
25
24
24
23
24
24
25
25
25
25
25
24
25
25
25
25
25
24
25
24
24
25
25
24
25
25
24
24
24
24
23
4
7
20
25
24
25
24
24
25
25
25
24
25
24
25
24
25
24
25
25
25
25
25
24
24
25
25
21
4
6
23
24
25
24
25
25
25
25
25
24
25
25
24
24
25
25
25
25
25
25
24
24
24
25
23
16
6
6
23
24
25
24
25
25
25
25
25
24
25
25
24
24
25
24
25
25
24
25
24
24
24
25
23
7
7
7
24
25
24
25
24
24
25
25
25
25
25
25
24
24
24
25
24
24
25
24
24
24
24
24
24
6
5
9
24
24
24
25
24
24
25
24
25
25
24
25
25
24
24
25
25
25
25
25
24
24
24
25
23
3
3
10
24
24
25
25
24
24
24
24
24
25
25
24
24
24
24
24
24
25
24
24
24
24
24
24
24
2
4
17
24
24
25
25
24
25
25
24
25
25
25
24
24
24
24
25
24
25
25
25
24
24
25
24
24
3
5
24
23
24
24
25
24
25
24
24
24
24
25
24
25
25
24
25
24
25
24
24
25
24
25
24
20
4
4
24
25
24
24
24
24
25
24
24
24
24
24
24
24
24
24
25
24
24
24
24
24
25
25
24
12
4
6
24
24
24
24
24
24
24
24
24
24
24
24
24
24
24
24
24
24
25
24
24
24
24
25
23
4
5
9
24
24
24
24
25
24
24
24
25
24
24
25
25
24
25
24
24
24
24
24
24
24
24
25
23
10
7
21
25
24
24
24
24
24
24
24
25
25
24
25
24
24
25
24
24
25
24
24
24
24
25
24
24
24
25
24
24
24
24
24
24
25
24
24
25
24
25
25
24
24
25
24
25
24
24
24
24
24
24
24
25
24
24
24
25
24
24
24
24
24
24
24
24
25
25
25
25
24
24
24
25
24
24
24
25
24
24
24
24
24
24
24
24
24
24
24
25
24
24
24
24
24
25
24
24
24
24
24
24
24
24
24
25
24
24
24
24
24
24
24
24
24
24
24
25
24
24
24
24
24
25
25
25
24
24
25
24
25
24
24
24
24
24
24
24
25
24
24
24
24
24
24
25
24
24
24
24
24
24
25
24
25
24
24
24
25
24
24
24
24
24
24
24
24
24
24
24
24
24
24
24
24
25
24
24
24
24
24
24
24
24
24
24
24
24
24
24
24
24
24
24
24
24
24
24
24
24
24
24
24
24
24
24
24
24
23
24
24
24
24
24
24
24
24
24
24
24
24
24
24
24
24
24
24
24
24
24
25
24
24
24
24
24
24
24
