25
25
25
25
25
25
25
25
25
25
25
25
25
25
24
25
25
25
25
24
25
25
25
25
25
24
25
24
25
25
26
25
25
25
25
25
25
25
25
25
24
25
25
24
24
24
24
24
25
24
25
25
25
25
24
24
25
25
25
25
25
25
25
25
25
25
25
25
25
25
25
24
24
24
24
24
24
24
24
25
24
25
25
24
25
25
25
25
25
25
25
25
25
25
25
25
25
25
25
25
24
24
24
24
25
25
24
25
24
24
24
24
25
25
25
25
25
25
25
25
24
25
25
25
25
25
25
25
24
24
24
24
24
24
24
25
24
25
24
24
25
25
25
25
25
25
25
25
25
25
24
24
24
24
25
24
24
24
23
24
24
24
24
24
24
25
24
24
25
25
25
25
25
25
24
25
25
25
25
24
24
24
24
24
25
25
24
24
24
24
24
25
25
24
24
24
25
25
25
25
25
25
25
25
25
25
24
25
24
23
22
21
24
24
24
24
24
24
24
24
24
24
24
24
25
24
25
24
24
24
24
25
25
25
24
25
24
21
1
3
17
24
24
24
24
24
24
24
24
24
24
24
24
24
25
24
24
24
25
24
25
25
24
24
24
6
2
5
13
24
24
24
24
24
24
24
24
25
24
24
24
25
25
24
24
25
25
25
24
24
25
24
24
2
4
5
25
24
24
24
24
24
24
24
24
24
24
24
25
24
25
25
24
25
24
24
24
24
24
24
22
3
5
7
24
24
24
24
24
24
24
24
24
24
24
24
25
25
24
24
24
24
24
24
24
24
24
24
18
3
4
10
24
24
24
23
24
24
24
24
24
24
24
24
24
25
25
25
24
25
24
24
24
24
24
23
12
5
5
18
24
24
25
24
24
24
24
24
23
24
24
24
25
24
25
25
24
24
24
25
24
24
24
23
2
4
6
24
24
24
24
24
24
24
24
24
24
24
24
24
24
25
24
25
25
24
24
24
24
24
25
23
2
4
14
24
24
24
24
24
24
24
24
24
24
23
24
24
25
25
24
24
24
25
24
24
24
25
24
22
3
4
19
24
24
24
24
24
24
24
24
24
24
24
24
24
24
24
24
24
24
24
24
24
24
24
23
18
3
4
14
24
24
24
24
24
24
24
24
24
24
24
24
24
25
24
24
24
24
24
24
24
24
24
24
13
3
5
8
24
24
24
24
24
24
24
24
24
24
24
24
24
24
24
25
24
25
25
24
24
24
24
25
14
6
13
24
24
25
24
24
24
23
24
24
24
24
24
24
24
25
24
24
24
24
24
24
24
24
24
24
24
24
23
25
23
24
24
24
24
24
24
24
24
24
24
24
24
24
24
24
24
24
24
24
24
23
23
24
24
24
24
24
24
24
24
24
24
24
24
24
24
24
24
23
24
24
24
24
24
24
24
25
22
19
23
24
24
25
24
24
24
24
24
24
23
24
24
24
24
23
24
23
24
24
24
24
24
24
25
24
21
22
23
24
24
24
24
24
24
24
24
24
24
24
23
24
23
23
23
24
24
24
24
24
24
24
24
23
21
21
23
24
24
24
24
24
24
24
23
24
24
23
23
23
24
23
23
24
24
24
25
24
24
23
23
24
23
21
21
23
23
24
24
23
24
24
24
24
23
23
24
24
23
24
23
23
23
24
24
24
25
24
19
22
24
24
22
20
23
24
24
24
24
23
24
21
22
24
24
23
23
24
23
23
23
24
24
24
24
25
22
24
24
23
23
24
19
23
24
23
24
24
23
22
23
23
23
22
23
23
24
23
24
