24
24
24
24
24
25
25
25
24
24
24
24
24
24
23
25
24
24
24
23
24
24
24
24
24
24
24
24
24
24
24
24
24
24
24
25
23
24
23
24
24
23
24
24
24
24
24
24
23
24
24
24
24
24
24
23
24
24
24
24
24
24
24
24
24
24
24
24
24
24
24
24
24
24
24
24
24
24
24
24
24
24
24
24
24
24
24
24
24
24
24
24
24
24
24
24
24
24
24
24
24
24
24
24
24
23
24
24
24
24
24
24
24
24
23
24
24
24
24
24
24
24
24
24
24
23
24
24
23
24
23
24
24
24
24
24
24
24
24
24
24
24
24
24
24
24
23
24
24
24
24
24
23
23
23
23
24
23
23
24
24
24
24
24
23
24
24
24
24
24
24
24
24
24
24
24
23
24
23
24
24
23
22
22
24
24
24
24
23
24
24
24
23
24
24
24
24
24
24
24
24
24
24
24
24
24
23
23
23
21
20
20
23
23
24
24
23
24
24
24
23
24
24
23
24
24
24
24
24
24
23
24
23
23
24
24
22
18
6
6
24
24
23
24
23
24
24
24
23
24
24
23
24
24
24
24
24
24
23
23
23
24
23
24
21
6
5
9
24
23
23
23
23
24
23
23
23
24
24
24
24
24
24
24
24
24
23
24
23
24
23
23
21
3
4
12
23
23
23
23
23
24
23
23
23
24
24
23
24
24
23
24
23
24
24
23
23
23
23
23
21
3
4
15
23
23
23
23
23
23
23
23
23
23
23
23
24
24
23
23
23
23
23
23
23
24
23
23
21
5
4
19
23
24
23
23
23
23
23
23
23
23
23
23
24
24
24
23
23
24
23
23
24
24
23
22
18
6
5
21
24
23
23
24
24
24
23
23
23
23
23
23
24
24
24
23
23
23
23
23
23
23
23
22
17
4
4
22
23
23
23
24
24
23
23
23
23
23
23
23
24
23
24
24
23
23
23
21
21
23
23
22
10
4
4
23
23
23
23
24
24
23
23
23
23
23
23
23
24
24
24
23
23
24
23
22
21
22
23
22
7
2
5
22
23
23
23
23
23
23
23
23
23
23
23
23
24
23
23
22
23
24
23
23
23
23
24
21
2
4
3
20
23
23
23
23
23
23
23
23
23
23
23
23
23
23
24
23
23
23
23
24
23
23
23
22
5
5
4
21
23
23
23
23
23
23
23
23
23
23
23
23
23
23
23
23
23
23
23
23
24
23
23
23
8
7
10
23
23
23
23
23
23
23
23
23
23
23
23
23
23
23
23
23
21
22
23
23
23
23
23
23
22
21
23
23
23
23
23
23
23
23
23
23
23
23
23
23
23
23
23
24
17
20
23
23
23
23
23
23
22
22
22
23
23
23
23
22
23
23
22
20
22
23
23
23
23
23
23
23
22
17
22
24
23
22
23
23
23
22
22
23
23
22
23
22
23
23
23
23
23
23
22
23
24
23
23
23
23
23
22
23
23
23
23
23
23
23
22
22
23
23
23
23
24
23
23
23
22
23
23
23
24
23
23
23
24
23
24
23
23
23
23
23
23
23
23
23
23
23
23
23
23
23
23
23
22
23
23
22
23
23
24
23
23
23
24
23
23
23
23
23
23
23
23
23
23
23
23
23
23
23
23
23
23
23
23
23
23
23
23
23
24
23
23
22
23
23
23
23
23
22
23
23
23
23
23
23
23
23
23
23
23
23
22
22
23
23
23
23
24
23
23
23
23
23
23
23
23
23
23
22
23
23
23
23
23
23
23
23
23
23
23
22
