25
23
25
24
25
25
24
24
25
25
25
25
25
24
25
25
25
24
25
25
24
25
24
25
25
24
24
24
24
25
25
25
25
25
24
24
25
25
25
25
25
25
25
25
25
25
25
25
25
25
25
24
24
25
24
24
25
25
25
25
24
24
25
24
25
25
24
24
25
25
25
25
25
25
25
25
25
25
25
24
24
25
25
24
25
25
25
25
24
24
25
24
24
25
24
24
25
25
25
25
25
24
25
25
25
25
25
25
25
25
25
25
24
24
24
24
24
24
24
25
25
25
24
24
24
25
25
24
24
25
25
25
25
25
24
25
24
25
25
25
25
24
25
24
24
25
25
25
24
24
24
25
25
25
25
24
25
24
25
25
25
25
25
24
24
24
24
24
25
25
24
24
24
24
24
24
24
24
24
23
24
24
25
24
25
24
24
24
24
24
24
25
24
25
25
25
24
25
25
25
24
24
24
24
25
24
25
24
25
24
24
22
2
5
25
25
24
25
24
24
24
24
24
25
24
24
25
25
24
24
24
24
24
24
25
24
25
24
23
1
4
10
25
24
25
24
24
24
25
25
24
25
24
24
25
24
24
24
24
24
24
24
24
23
23
8
3
4
5
23
24
25
24
24
24
24
24
24
25
24
24
25
25
24
24
24
24
24
24
24
24
22
2
5
10
2
7
24
24
25
24
24
25
24
24
24
25
24
25
24
25
25
24
24
24
25
22
6
4
7
11
24
24
2
17
23
24
24
25
24
24
24
25
24
25
24
24
24
25
25
24
24
24
24
25
22
20
22
24
24
20
5
23
24
24
24
25
24
24
24
24
25
25
24
24
24
24
25
24
24
25
24
24
24
25
24
25
24
14
4
25
25
25
24
25
24
25
24
24
25
25
25
24
24
25
24
24
24
24
24
25
24
24
24
24
24
10
5
25
25
25
24
24
24
24
24
25
24
25
25
24
24
24
24
25
24
24
24
25
25
24
25
25
24
3
5
24
25
24
24
25
24
25
24
24
25
24
24
24
24
24
25
25
24
24
24
24
25
24
25
24
24
3
5
24
24
24
24
24
24
24
24
24
25
24
24
24
25
24
24
25
24
24
25
25
24
24
24
24
20
6
8
24
24
24
25
25
24
24
24
24
24
24
24
24
24
24
24
24
24
24
24
24
24
21
19
24
14
4
11
23
23
24
24
25
24
24
24
24
24
24
24
24
24
24
24
24
25
24
24
25
24
13
8
2
1
3
3
11
10
4
24
25
24
25
24
24
24
24
24
24
24
24
24
24
24
24
25
24
24
25
24
12
6
6
6
7
5
5
24
24
24
24
24
24
24
24
24
25
24
24
24
24
25
24
25
24
25
25
24
24
24
24
24
24
24
25
25
24
25
25
24
24
24
25
24
24
24
24
24
25
24
24
24
25
25
24
24
24
25
24
24
24
24
24
24
24
24
24
24
24
24
23
24
25
24
24
25
25
24
24
24
24
24
24
24
24
24
24
24
24
24
24
24
24
24
24
24
25
25
24
24
24
25
24
24
25
24
24
24
25
25
25
24
24
24
24
24
24
24
24
24
24
24
24
25
25
24
24
24
24
24
24
24
24
24
24
24
25
24
24
24
24
25
24
24
24
24
24
24
24
24
24
24
24
24
24
24
24
24
24
24
25
24
24
24
24
24
24
24
24
24
24
24
24
24
24
24
24
24
24
24
24
25
24
25
24
24
24
24
25
24
24
24
24
24
24
24
25
24
24
24
24
24
24
24
24
24
24
24
24
24
24
24
