23
23
24
23
22
23
23
23
23
22
22
22
23
23
23
22
22
23
23
23
22
23
23
22
22
22
22
22
22
23
23
23
23
23
23
23
23
23
23
23
22
22
22
22
23
23
23
23
23
22
23
22
22
22
22
22
23
23
23
22
23
23
23
23
23
23
22
23
23
23
22
23
23
23
22
22
23
22
23
22
22
23
22
22
23
22
22
23
23
22
23
23
22
23
22
22
23
22
22
23
22
22
22
22
23
22
23
22
22
22
23
22
23
23
23
22
22
21
23
22
21
22
23
23
23
23
22
22
22
22
22
23
23
22
22
23
22
22
22
22
23
23
23
22
23
22
23
22
22
23
23
23
23
22
23
23
23
23
21
23
23
22
22
23
22
22
22
22
23
23
23
22
24
22
22
22
22
23
23
23
23
22
22
23
22
22
22
22
22
22
23
23
22
23
22
22
23
23
22
23
23
22
23
23
22
23
22
23
22
22
22
22
22
22
22
23
23
22
22
22
22
23
22
22
23
23
23
22
23
23
22
23
23
23
22
22
21
20
21
22
22
23
22
22
23
23
22
21
22
22
22
22
23
23
23
23
22
23
23
23
23
23
22
22
21
18
13
21
22
23
22
22
23
22
22
22
22
22
22
22
23
23
23
22
22
22
23
22
23
22
22
22
20
17
6
8
21
23
21
22
23
22
22
22
21
22
22
22
22
23
22
22
23
22
23
22
22
22
23
22
19
17
8
12
22
23
22
22
23
22
22
22
23
22
21
22
22
22
21
22
22
23
22
23
22
23
23
22
19
12
8
14
22
23
23
23
22
22
22
22
22
22
22
22
22
22
22
22
23
22
22
22
22
22
23
22
17
3
10
18
22
22
22
22
22
23
23
23
22
22
23
22
22
23
22
22
22
22
22
23
23
22
22
20
17
7
13
22
22
23
22
22
22
22
22
22
22
21
22
22
22
22
22
22
22
22
22
23
22
23
22
21
17
9
19
22
22
22
22
22
22
22
22
22
22
22
22
22
22
22
22
23
22
22
22
22
22
22
21
20
8
11
23
22
22
22
22
23
22
22
22
22
22
22
22
22
22
22
22
22
23
23
22
22
22
22
21
22
7
17
23
22
21
22
22
22
22
22
22
22
22
22
21
22
22
22
23
22
22
22
22
22
22
23
22
23
15
22
22
22
22
22
22
22
22
22
22
22
22
22
22
22
22
22
23
23
22
21
23
22
22
23
22
22
22
22
22
22
22
22
22
23
22
22
22
22
21
22
22
22
22
22
22
22
22
23
22
22
22
22
22
23
22
22
22
22
22
22
22
22
22
22
23
21
22
22
21
22
22
22
22
22
22
21
22
22
22
23
23
23
21
22
22
22
22
22
22
22
22
22
22
22
22
22
22
22
22
22
22
22
22
22
22
22
22
22
22
22
22
22
22
22
22
22
22
21
22
22
22
22
22
22
21
22
22
22
22
22
22
22
21
21
22
23
21
22
22
22
22
22
22
23
22
22
22
22
22
22
22
22
21
22
22
22
22
22
22
22
22
22
21
21
22
22
22
22
22
22
22
22
22
22
22
22
22
21
22
21
21
22
22
22
22
22
21
22
22
22
22
22
21
22
22
22
22
22
22
22
22
22
22
22
23
22
22
22
22
22
21
22
22
22
22
22
22
21
22
22
21
21
23
22
22
22
22
22
22
22
21
22
22
21
22
22
21
21
22
23
22
22
22
22
22
21
22
22
22
21
22
22
22
21
22
22
22
22
22
22
22
21
22
22
22
21
