22
21
22
22
22
22
22
22
22
22
22
21
21
22
21
22
22
21
22
22
22
21
22
22
22
21
21
22
22
21
22
22
22
22
22
22
22
22
22
22
21
22
20
22
21
21
22
21
22
22
22
22
22
22
21
22
22
22
22
22
22
22
21
22
22
21
22
22
22
22
21
21
21
22
22
21
21
22
21
22
21
22
22
21
22
22
22
22
21
21
21
22
22
21
22
21
21
21
21
21
21
22
21
21
22
22
21
21
21
21
22
21
22
22
21
22
22
21
22
21
22
22
22
21
21
21
22
21
22
22
21
21
21
22
22
22
22
22
22
21
22
22
22
22
22
22
22
22
22
22
22
22
22
22
21
22
21
22
21
21
21
21
21
21
22
22
22
22
22
22
22
21
21
21
21
22
21
22
22
21
21
22
22
22
21
21
22
21
22
21
21
21
21
21
21
21
22
22
22
21
22
22
21
22
21
21
21
21
21
21
20
21
21
22
21
22
21
21
22
21
22
21
22
21
21
21
21
22
21
22
21
22
21
22
21
22
21
20
17
20
21
22
21
21
22
21
22
21
21
21
21
21
21
22
22
21
22
21
21
22
21
22
21
22
21
14
10
18
21
22
22
21
21
21
21
21
21
22
22
21
21
22
22
21
21
22
22
22
22
21
21
21
22
18
2
17
21
21
22
20
22
21
21
21
21
21
22
21
22
22
22
22
21
22
22
21
21
21
22
21
21
18
6
14
21
21
21
21
21
21
22
22
21
21
21
21
22
21
22
22
21
22
21
22
22
21
22
21
21
18
5
17
21
21
21
21
21
20
21
22
21
21
21
21
21
21
22
21
21
21
21
21
22
21
21
22
21
11
6
20
21
21
22
21
21
21
21
21
22
21
21
21
21
21
22
21
21
21
22
21
21
21
21
21
19
1
4
22
21
21
21
21
21
21
21
21
20
21
20
21
22
21
21
22
21
22
21
21
21
21
21
21
20
3
12
22
21
21
21
21
21
21
21
21
21
21
21
21
21
22
22
21
21
21
21
21
21
21
21
21
19
2
13
22
21
21
21
21
21
21
21
21
21
21
20
21
22
21
21
21
21
21
22
21
21
21
22
21
21
6
13
20
21
21
21
21
21
21
21
21
21
21
21
21
21
21
21
22
21
21
21
21
21
21
21
21
22
9
21
21
21
21
21
21
22
21
21
21
21
21
21
21
21
22
21
21
21
21
21
21
21
21
21
21
21
21
21
21
21
21
21
21
21
21
21
21
21
21
21
21
21
21
21
21
21
21
21
21
21
21
21
21
21
21
21
21
20
21
21
21
21
21
22
21
21
21
21
21
21
21
21
21
22
22
21
21
21
21
21
21
21
21
21
21
22
22
21
21
21
21
21
21
21
21
21
21
20
21
22
21
21
20
21
21
21
21
21
21
20
21
21
21
20
21
21
21
22
21
21
20
21
21
21
21
21
20
21
21
21
20
21
21
20
21
21
20
21
21
22
21
21
21
20
21
21
21
21
20
21
22
21
21
21
21
21
21
21
21
21
21
20
21
21
21
21
21
22
21
21
21
21
21
21
21
21
20
21
21
21
21
21
20
21
21
21
20
21
21
21
21
21
21
20
21
21
21
21
21
21
21
21
20
21
20
21
21
21
20
21
21
21
21
21
21
21
21
20
21
21
21
21
21
21
21
21
21
21
20
21
21
21
21
21
21
21
21
21
21
21
21
21
21
21
21
21
21
21
21
21
21
21
21
21
20
21
21
21
21
21
21
21
21
20
21
