23
24
24
24
23
23
24
23
24
23
23
23
23
23
23
23
23
23
23
23
23
23
23
23
23
23
23
23
24
23
23
23
23
24
23
23
24
24
23
23
23
23
23
23
23
23
23
23
23
23
23
23
23
23
23
23
24
23
24
23
22
23
24
23
24
24
24
24
23
24
24
23
23
23
22
24
24
23
23
23
23
23
24
23
24
23
23
24
23
23
23
23
23
23
23
23
23
24
24
23
23
23
23
23
24
23
23
23
23
23
23
23
24
23
23
23
24
23
23
23
24
23
23
24
23
24
23
23
23
23
23
23
23
23
23
23
23
23
23
23
24
24
23
23
24
23
23
24
24
23
23
23
24
23
23
23
23
23
23
24
23
24
23
23
23
23
23
23
23
24
24
24
23
23
23
24
24
23
23
23
23
23
23
24
23
23
24
24
24
24
23
23
23
23
23
23
23
23
23
23
23
24
23
24
23
24
23
23
23
24
24
23
24
23
23
23
23
23
23
23
23
23
23
23
23
23
23
24
23
23
24
23
24
24
23
23
23
22
22
23
23
23
24
23
22
23
23
23
23
23
23
23
24
23
23
24
23
24
23
23
24
24
23
23
22
21
19
21
23
22
23
23
23
23
23
23
23
23
23
24
24
23
23
23
23
24
23
24
23
23
23
23
22
20
11
11
23
23
23
23
23
22
23
22
23
23
23
23
23
23
23
23
23
23
23
23
23
24
24
23
22
19
5
11
24
24
23
24
23
23
23
23
23
22
23
23
23
23
23
23
24
23
23
23
23
23
23
23
21
19
6
12
23
23
22
23
23
23
23
22
23
23
23
23
24
23
23
23
23
23
23
23
23
23
23
23
20
17
9
15
23
23
22
23
23
23
24
23
23
23
23
23
23
23
23
23
23
23
23
23
23
23
23
22
20
11
10
22
23
23
22
23
23
23
23
23
23
23
22
23
23
23
23
23
23
23
23
23
23
23
23
21
18
6
12
23
23
23
23
23
23
23
23
23
23
23
22
23
24
23
23
23
23
23
23
23
23
23
22
20
18
7
20
23
23
22
22
23
22
22
23
23
22
23
23
23
23
23
23
23
23
24
23
23
23
23
23
21
10
12
23
23
23
23
23
23
23
22
22
22
23
23
23
23
23
22
23
23
23
23
23
23
23
23
23
23
23
23
22
23
23
23
22
22
23
23
23
22
23
23
23
23
24
22
23
23
23
23
23
23
23
23
23
23
23
23
23
23
23
23
23
23
23
23
23
23
23
24
23
23
23
23
23
23
23
23
24
22
23
23
23
23
23
23
23
23
23
24
23
23
24
23
23
23
23
23
23
24
23
22
23
22
22
23
23
23
23
23
23
23
24
23
23
23
23
23
23
23
22
23
23
22
23
23
23
23
23
23
23
22
23
23
23
23
23
23
23
23
23
23
23
23
23
23
23
23
23
23
23
23
23
23
23
23
23
23
23
23
23
22
23
23
23
23
23
23
22
24
23
23
23
23
23
23
23
23
23
23
23
23
23
23
23
23
23
22
23
22
23
23
23
23
22
22
23
24
23
23
23
23
23
23
23
23
23
23
23
23
23
23
23
23
23
23
23
22
22
22
22
23
23
23
23
24
23
23
23
23
23
23
23
24
23
23
23
23
22
23
22
23
23
23
23
23
23
23
24
22
23
23
24
23
23
23
23
23
23
23
22
23
23
23
23
22
22
23
23
22
23
23
23
23
22
23
23
23
23
23
23
23
23
23
23
23
23
23
23
23
23
23
23
23
23
23
