25
26
26
26
26
26
25
25
26
25
26
26
25
25
26
24
25
26
25
25
26
26
25
26
26
26
25
26
25
26
26
26
25
26
26
26
26
26
25
26
25
25
26
26
25
27
25
25
26
25
26
25
26
26
26
26
25
25
25
26
25
26
25
25
25
26
26
26
25
26
26
26
26
25
26
25
25
25
26
26
26
26
26
26
25
25
26
25
25
25
26
26
25
26
26
26
25
25
26
26
26
25
26
25
25
26
25
26
27
26
26
27
26
25
25
26
25
25
26
26
26
27
26
26
26
26
26
25
25
25
25
25
25
25
26
25
26
26
25
26
26
26
26
25
26
24
26
25
26
26
26
26
26
26
26
26
25
25
26
26
25
25
25
26
26
26
26
26
25
26
26
26
25
25
25
26
26
27
26
25
25
26
26
25
26
27
26
25
26
26
25
26
26
25
25
27
26
26
25
25
25
25
25
26
25
26
26
25
25
26
26
24
24
26
25
25
25
24
25
26
25
25
26
25
26
25
26
26
25
25
26
26
25
26
25
26
25
26
26
11
10
25
26
25
25
26
26
27
26
25
26
26
26
26
28
27
25
24
26
26
26
25
26
26
25
25
25
10
12
27
26
25
25
25
25
25
25
26
26
26
26
25
27
26
26
26
26
26
25
25
27
25
26
26
25
5
11
28
26
25
26
25
26
25
26
26
26
26
25
26
25
26
26
25
26
26
25
24
26
26
25
26
26
3
12
28
25
25
25
26
26
26
26
26
25
26
25
25
26
25
25
26
26
26
25
25
26
27
25
25
25
8
12
26
25
26
26
25
25
27
26
25
25
26
25
25
26
25
25
26
26
25
25
26
26
26
26
25
26
8
12
27
26
25
26
26
26
26
26
26
27
27
25
25
26
26
25
25
25
25
26
26
26
26
26
25
26
15
13
28
25
25
25
26
25
26
26
26
26
26
26
24
26
26
25
26
26
26
26
26
22
26
26
25
26
17
13
28
26
26
25
25
25
25
26
26
27
25
26
26
27
26
25
27
26
25
26
26
25
25
26
27
25
10
12
27
26
24
26
26
24
26
26
27
25
26
26
25
26
26
26
26
25
26
26
26
25
25
26
25
26
6
11
26
26
25
26
25
25
27
26
27
26
26
25
25
26
25
25
26
26
26
25
26
26
25
26
25
26
10
7
25
26
26
26
26
25
27
26
25
25
27
25
25
26
26
25
26
26
26
24
26
25
25
25
26
25
11
9
26
26
26
26
26
26
26
25
26
26
27
26
25
27
27
27
26
26
26
25
26
26
26
26
25
26
12
28
26
25
26
26
26
26
26
25
26
25
26
25
25
26
26
25
26
26
25
26
26
25
25
26
26
28
10
26
25
26
26
26
26
26
26
26
26
27
26
24
27
25
25
23
25
25
24
26
25
24
25
25
26
26
28
26
25
26
26
26
26
26
26
26
26
26
25
23
26
25
25
26
25
24
25
27
26
26
26
26
26
26
25
26
26
26
26
26
25
26
26
26
26
27
26
26
26
26
26
25
22
27
25
26
26
26
26
25
25
26
26
26
26
26
26
27
25
26
25
25
26
27
27
26
27
26
25
26
26
26
25
26
26
28
26
25
25
25
26
26
26
25
25
26
26
26
25
25
25
26
26
27
26
25
25
26
26
26
26
26
25
26
25
26
25
26
26
26
26
26
26
26
26
26
25
26
26
26
26
27
26
27
26
26
25
26
26
26
26
26
27
27
26
27
26
27
27
25
26
25
26
26
25
26
27
26
26
