26
25
25
24
26
24
25
25
25
25
25
25
26
24
26
25
26
26
24
24
25
26
25
25
26
24
24
26
26
25
25
26
25
25
26
25
25
25
25
23
25
24
26
25
26
25
25
24
25
25
25
26
26
25
25
25
25
26
25
26
26
25
26
26
25
25
25
25
26
26
25
25
26
26
26
25
27
26
24
26
26
25
25
25
26
25
25
25
26
25
26
24
26
25
26
25
25
25
25
25
25
26
26
25
26
25
25
26
26
24
24
25
25
26
25
26
26
25
26
25
26
25
25
25
25
25
25
25
26
26
25
25
26
26
25
27
26
24
25
26
25
25
25
25
26
25
27
25
26
26
26
26
25
25
24
25
26
26
25
25
26
25
25
26
26
26
26
25
26
22
26
25
25
25
26
25
25
25
25
25
25
25
25
25
24
24
26
26
26
26
25
25
25
26
25
26
24
25
26
25
26
25
27
26
25
26
25
26
26
25
25
26
7
5
26
25
26
25
25
26
26
25
25
26
26
26
26
26
25
25
26
25
26
27
27
26
26
26
25
25
13
8
26
26
26
26
26
26
26
26
26
26
24
26
26
26
25
26
25
25
25
26
26
26
25
26
25
24
11
8
25
26
26
25
26
26
26
26
26
26
25
26
27
25
26
25
25
25
26
26
25
25
25
26
25
27
11
6
26
26
25
25
25
26
26
25
26
26
24
25
26
26
27
26
25
26
26
26
25
25
26
25
25
27
12
16
25
26
26
26
26
26
26
26
26
26
26
25
25
26
25
25
25
26
26
26
25
26
26
25
24
28
14
20
26
25
26
26
25
26
26
25
26
26
25
26
25
26
25
26
25
25
25
25
25
26
27
24
24
29
14
25
26
26
26
26
26
26
26
25
26
26
26
27
26
27
26
26
27
25
25
25
26
26
25
24
25
29
16
31
25
26
26
25
26
26
26
25
26
25
25
26
25
27
25
25
25
25
26
25
26
26
25
25
25
8
12
28
26
25
26
26
26
26
26
26
25
26
25
26
26
26
26
25
25
25
26
25
25
25
26
25
25
6
12
26
25
26
26
26
25
26
26
25
26
26
25
25
26
26
26
26
26
26
26
27
26
26
25
25
26
6
11
25
25
26
26
26
25
27
25
25
27
25
25
26
25
25
26
26
25
26
25
26
25
26
26
26
25
8
11
25
26
26
26
26
27
26
26
26
26
25
25
26
26
25
26
26
25
26
25
25
25
26
25
26
24
26
9
26
26
27
26
25
26
27
26
27
26
26
26
26
25
25
26
27
26
27
26
26
25
25
26
25
26
27
9
27
26
26
26
26
27
27
28
26
25
26
25
25
26
26
25
26
25
26
25
26
24
26
26
26
24
26
26
25
26
27
26
26
26
26
26
27
26
25
24
25
25
26
26
27
25
26
25
25
24
26
27
26
26
26
26
25
26
24
25
26
26
26
24
25
26
26
26
26
25
26
26
25
27
27
26
26
25
26
27
26
25
26
25
26
27
25
24
26
26
26
26
26
26
26
26
27
26
26
26
26
25
26
25
27
25
26
28
27
25
26
25
26
25
26
26
26
27
26
27
27
26
25
26
26
26
25
26
26
25
27
26
25
25
24
25
26
26
26
25
25
26
26
25
27
27
25
26
24
26
27
26
26
26
25
26
27
27
26
25
25
26
26
27
26
25
26
25
26
26
26
26
27
27
24
26
26
25
26
25
25
25
26
26
26
26
26
26
26
25
28
26
26
26
26
26
27
26
27
25
26
26
25
26
26
26
27
