26
26
26
26
26
26
26
25
26
26
26
26
26
26
26
26
25
26
26
24
24
26
25
25
24
26
27
28
25
26
26
26
26
27
26
25
26
25
26
26
26
26
25
25
26
25
26
25
27
26
25
26
26
27
27
26
26
26
25
26
26
27
26
26
27
26
26
25
24
26
26
25
25
25
26
26
25
26
25
25
26
26
27
27
26
26
26
26
25
27
26
25
25
27
26
26
25
26
26
26
25
26
25
25
26
25
26
25
26
25
26
27
26
25
26
25
25
27
25
25
25
26
26
26
25
26
26
25
25
27
26
25
26
26
26
24
26
26
26
26
26
25
26
25
25
26
25
25
25
26
26
24
25
25
26
24
25
26
25
27
26
27
27
27
26
25
25
25
26
25
25
25
26
26
27
26
26
26
26
26
25
26
27
20
27
26
25
26
26
25
25
26
26
25
26
26
26
25
26
25
24
27
26
26
26
25
26
26
25
25
28
16
30
27
26
24
26
27
26
25
24
25
25
26
25
26
25
25
26
26
25
25
26
25
26
26
25
26
28
14
27
23
25
26
26
26
26
25
27
25
26
25
26
26
25
25
26
26
26
26
25
25
26
26
26
26
26
12
8
25
25
25
26
26
26
26
25
25
26
26
25
26
25
25
26
26
26
26
26
26
26
26
26
26
26
12
4
26
26
26
26
25
26
26
26
25
26
25
27
25
26
26
27
26
25
26
26
26
27
26
25
26
26
12
8
26
26
26
25
25
26
26
27
26
26
26
26
27
26
26
26
27
26
25
27
26
24
24
25
26
26
10
10
25
26
25
27
25
25
26
26
26
27
25
27
26
26
26
26
27
25
26
27
26
26
26
25
27
26
10
11
25
26
26
26
25
26
26
25
26
26
26
26
26
24
26
27
26
25
26
27
25
25
25
25
26
26
8
11
25
25
26
26
25
26
26
25
26
26
26
27
26
26
25
27
26
27
26
25
25
26
26
26
26
26
11
12
25
26
26
26
26
25
25
26
26
25
26
25
26
25
22
27
24
25
25
26
26
26
26
26
28
26
20
12
26
26
25
25
26
26
26
26
26
26
26
26
26
26
24
26
24
26
26
26
26
25
27
25
27
26
16
11
26
26
26
26
26
26
26
26
26
26
26
26
26
26
26
26
27
26
25
24
26
25
26
26
26
25
21
11
26
25
26
26
27
26
26
26
26
25
27
26
26
25
27
26
26
25
26
27
25
26
27
26
26
26
29
21
25
26
26
25
26
26
25
26
26
26
26
27
25
26
25
25
27
25
26
26
25
25
25
26
25
26
25
29
25
26
25
26
26
26
25
25
26
25
26
26
25
26
26
26
26
25
26
26
26
25
26
26
26
26
29
26
26
26
26
25
27
26
25
25
26
26
26
26
26
26
26
26
26
25
26
26
27
25
26
26
26
26
19
26
26
26
27
25
26
26
26
27
27
27
26
26
26
26
26
26
26
25
27
26
26
26
26
26
26
26
7
26
26
25
25
25
25
26
25
25
26
26
26
27
25
26
26
26
25
26
27
26
26
26
26
25
26
27
26
25
25
26
26
26
25
26
25
26
25
25
26
26
26
26
26
25
26
26
27
26
27
26
25
26
26
26
26
26
26
26
26
25
25
26
26
28
26
25
26
27
26
26
25
26
26
26
25
26
26
25
26
25
26
27
25
26
26
26
26
25
26
24
26
28
26
26
27
26
26
25
26
24
26
27
26
27
26
26
27
26
26
26
25
25
25
25
25
25
26
25
26
27
25
26
25
