23
24
25
26
25
25
25
25
24
24
25
24
26
26
26
25
26
25
25
25
25
24
25
25
26
25
25
26
26
25
24
26
24
25
25
24
25
25
24
25
26
25
26
26
26
25
25
25
25
26
26
26
24
24
25
25
26
25
25
26
26
25
25
25
24
25
24
26
25
25
26
26
25
25
25
25
26
26
26
25
24
24
26
25
25
25
25
25
24
25
25
26
25
25
25
26
25
25
25
25
25
24
26
25
26
26
25
25
25
26
24
25
26
24
26
25
26
25
24
25
25
25
25
25
26
25
25
25
25
26
25
25
25
26
25
25
25
26
25
26
25
25
26
25
25
25
25
25
25
23
26
26
25
25
25
25
26
25
26
25
25
25
25
25
25
25
26
26
26
25
25
25
25
24
25
26
26
24
25
26
25
26
26
25
25
26
26
24
24
25
25
25
25
25
25
26
25
25
26
25
26
26
25
25
25
25
26
25
25
25
25
25
25
26
26
25
25
26
25
25
26
26
26
26
25
26
25
25
24
24
25
26
25
25
26
25
25
25
25
25
26
25
26
25
24
26
25
25
25
26
26
27
25
25
26
25
26
25
24
25
25
25
25
26
25
25
25
25
25
26
25
25
26
25
25
26
26
25
25
26
26
25
24
25
26
25
25
26
25
24
25
24
25
26
25
25
25
25
24
25
25
26
25
26
26
24
26
26
26
26
26
26
25
25
25
25
25
26
25
25
25
25
25
25
24
25
25
24
25
25
24
25
26
25
26
26
26
25
25
25
25
26
25
25
25
25
25
24
25
26
25
25
26
25
25
25
26
6
6
25
25
25
26
25
26
26
25
25
25
25
25
26
25
25
25
25
25
26
25
25
25
25
25
25
26
15
6
25
25
25
26
26
26
26
25
25
25
25
26
25
26
25
26
23
26
26
26
25
25
25
25
25
27
15
3
26
26
25
26
25
26
26
25
26
25
25
26
25
25
25
25
25
25
26
25
26
25
25
25
25
29
14
3
25
25
25
25
25
26
25
24
26
26
25
26
25
25
26
26
25
26
25
26
25
25
25
25
24
30
13
5
26
24
25
25
26
26
25
26
26
26
25
25
25
25
27
26
25
26
25
25
26
25
25
25
25
25
12
20
25
25
26
26
25
26
25
26
26
24
25
25
25
25
25
26
25
26
26
25
26
25
27
25
25
13
12
32
26
25
26
26
25
25
25
26
26
26
25
26
26
25
25
25
25
25
26
25
25
24
26
26
26
6
10
28
25
26
26
25
26
25
26
25
25
25
25
26
26
26
26
25
25
25
25
25
26
24
26
26
26
4
10
27
25
25
25
26
25
26
25
26
26
24
26
26
25
26
25
25
25
26
25
24
25
26
25
25
26
6
7
26
26
25
27
26
26
25
26
25
26
27
26
26
25
25
26
25
25
27
25
25
25
26
26
26
27
22
8
25
25
26
25
25
25
26
25
26
26
25
25
27
26
26
25
26
26
25
27
26
26
26
26
26
27
25
26
26
25
26
26
26
26
25
25
25
26
25
26
26
26
26
25
25
26
26
25
24
26
27
26
25
25
26
24
26
26
26
25
27
26
25
25
26
25
26
25
26
25
26
26
26
25
26
26
24
24
25
26
25
26
24
26
27
25
25
25
27
25
25
27
27
26
26
25
25
25
27
26
27
25
26
25
26
27
26
25
25
26
25
26
26
26
25
25
28
25
25
26
26
26
26
26
26
25
27
25
25
25
25
25
25
26
26
25
25
25
26
25
26
26
25
27
26
25
