25
25
25
26
25
25
25
25
25
25
24
25
24
24
25
25
24
25
25
24
25
25
25
24
24
25
27
25
25
25
25
25
25
25
24
25
25
25
24
25
25
25
24
24
24
24
24
24
24
25
24
25
25
24
25
26
25
25
25
24
25
25
25
24
26
25
25
24
25
24
25
26
24
24
24
24
24
25
25
24
25
25
24
25
24
25
25
24
25
24
25
25
24
29
25
24
24
25
24
24
25
23
15
14
17
16
24
24
25
25
24
25
24
25
25
25
24
24
25
24
25
24
25
24
24
24
24
24
24
14
23
13
17
24
24
24
24
24
24
24
25
27
25
25
24
25
25
25
25
24
24
25
25
25
24
24
23
12
16
13
22
24
24
24
24
25
24
25
26
25
24
24
24
25
25
25
25
24
25
25
24
25
25
24
16
13
15
15
24
24
24
24
26
26
25
26
25
24
25
28
25
26
26
24
26
24
25
24
23
25
24
23
16
12
16
22
23
24
24
24
24
25
25
25
25
25
25
25
26
24
25
24
24
24
24
24
24
24
24
23
13
10
14
22
24
24
24
25
24
25
24
24
25
25
24
25
25
24
24
25
24
24
25
24
24
23
24
19
9
11
15
23
23
24
25
24
24
25
25
25
26
27
26
25
24
24
24
24
24
24
25
26
24
25
23
13
13
17
23
24
24
24
24
24
24
25
25
25
25
26
24
24
24
25
25
25
24
24
25
24
24
23
18
14
22
15
23
24
25
24
24
25
24
24
24
24
25
25
25
25
25
25
24
24
25
24
24
24
24
23
14
15
11
23
23
24
24
25
25
24
24
25
24
24
24
24
25
26
25
24
25
25
24
24
24
24
23
21
13
11
17
24
25
25
24
24
25
25
24
24
25
26
25
24
25
25
25
24
25
24
24
24
24
25
23
13
11
15
24
24
24
25
24
25
24
25
25
24
25
25
25
26
24
25
25
25
25
24
24
23
25
24
15
12
10
18
24
24
24
24
25
25
25
25
25
24
25
24
25
25
25
25
25
25
24
24
24
24
24
23
15
15
18
23
24
24
24
24
24
25
24
25
25
24
24
25
24
25
24
24
25
24
24
24
24
24
23
11
14
12
20
23
24
25
24
24
25
24
24
25
25
24
25
25
25
24
25
25
25
24
25
24
25
23
14
13
18
19
25
25
25
25
24
25
25
25
25
24
25
25
25
25
26
24
25
24
24
24
25
25
23
22
12
13
13
23
25
24
24
24
25
25
25
25
25
25
25
25
25
25
25
25
25
25
25
25
24
24
24
12
12
11
16
24
24
24
26
24
24
26
25
25
25
24
24
25
26
25
25
25
24
25
25
25
24
24
23
13
14
16
22
24
25
24
27
24
25
25
24
25
25
25
25
25
25
25
24
25
25
25
25
25
29
23
19
10
18
17
24
24
25
25
25
25
25
25
25
27
25
25
26
25
25
25
25
25
24
24
25
24
21
14
10
12
13
17
25
25
24
24
24
24
24
25
25
25
25
25
25
25
25
26
25
27
25
25
24
24
24
15
10
12
23
24
25
25
24
24
24
24
24
25
25
25
25
25
26
26
26
25
24
25
25
24
24
24
25
24
24
23
25
24
24
25
25
25
25
25
25
25
25
24
25
26
25
25
26
25
24
25
25
25
24
25
24
25
25
25
26
25
24
25
25
25
25
25
24
25
25
25
26
25
25
25
25
25
24
25
25
24
25
25
25
25
24
25
25
25
24
25
25
25
25
26
25
25
27
25
30
25
25
25
26
24
