20
21
20
20
20
20
20
20
20
20
20
20
20
20
20
20
20
20
21
20
20
20
20
20
21
20
20
21
20
20
21
20
20
20
20
20
20
21
21
20
21
20
19
20
20
20
20
20
20
20
20
20
20
19
21
20
20
20
20
20
20
20
20
20
20
20
20
20
20
20
20
20
20
20
20
20
21
20
20
20
21
20
20
20
20
20
20
20
20
20
20
21
20
20
20
19
20
21
20
20
20
20
20
20
20
20
21
20
20
20
21
20
20
20
20
20
20
21
20
21
20
20
20
20
20
20
20
20
21
20
20
20
20
20
20
20
20
20
20
20
20
20
20
21
19
20
20
19
20
20
20
20
20
21
20
20
20
20
20
20
20
21
20
20
20
20
21
20
20
20
20
20
21
21
21
19
20
20
20
20
20
20
17
17
21
20
20
20
21
20
20
20
20
20
20
21
20
20
20
20
20
20
21
20
20
20
20
3
13
21
20
20
11
16
20
20
20
21
20
20
20
20
20
20
20
20
20
20
20
21
20
20
21
20
5
20
20
20
20
20
20
17
20
6
20
21
20
19
20
20
20
20
20
20
20
20
21
20
20
20
21
3
20
20
20
20
20
20
20
21
3
20
20
20
21
20
20
20
20
20
20
20
20
20
20
20
20
20
20
3
21
20
20
21
20
21
20
4
20
20
20
20
20
20
19
20
20
20
21
20
20
20
20
20
20
20
20
9
15
21
20
20
20
20
2
21
20
20
20
21
20
19
20
20
20
20
20
20
20
20
19
20
20
20
21
20
3
3
20
20
20
8
14
21
20
20
21
20
20
20
20
20
20
20
20
20
20
20
20
20
20
20
20
20
21
18
1
20
19
3
21
21
20
20
20
20
20
20
20
20
20
20
20
20
21
20
20
20
21
21
20
20
20
20
22
3
3
20
21
20
20
20
20
20
20
20
20
20
19
20
20
20
20
20
20
20
20
20
20
20
20
20
20
5
5
1
20
20
20
20
20
20
20
20
20
20
20
20
20
20
20
20
20
20
20
20
20
20
20
20
20
4
21
21
4
23
20
20
21
20
20
20
20
20
20
20
21
20
20
20
20
19
20
20
20
20
20
20
2
21
21
19
20
2
19
20
20
20
20
20
20
20
20
20
20
20
20
20
20
20
20
19
20
20
20
20
4
20
21
21
20
20
7
8
20
20
19
21
20
20
20
20
20
21
20
20
20
21
20
21
20
20
20
20
5
20
20
21
21
21
20
21
3
20
20
21
21
20
20
20
20
20
20
21
19
20
20
20
20
21
20
20
6
21
21
20
20
20
20
19
20
2
6
21
20
20
20
20
20
20
20
21
20
20
20
20
20
19
20
21
20
2
20
20
20
20
20
20
20
20
20
2
21
20
20
20
20
20
20
20
20
19
21
20
20
19
20
21
20
20
8
3
21
19
20
20
20
21
2
8
20
20
21
20
20
20
20
20
20
19
20
20
20
20
20
20
20
20
20
20
6
5
0
2
2
3
20
20
19
20
21
20
20
20
20
20
20
20
21
20
20
21
20
20
21
20
20
20
20
20
20
19
21
21
20
20
20
21
20
20
20
20
20
20
20
20
20
20
19
20
20
21
20
20
20
20
19
20
20
20
20
20
20
21
19
20
20
20
20
20
20
20
20
20
20
20
20
20
21
20
21
20
20
20
20
21
20
20
20
20
21
20
19
20
20
20
20
20
20
20
20
21
20
20
21
20
20
20
20
20
21
21
20
20
21
20
20
20
20
20
19
20
20
20
