21
20
20
20
20
20
20
20
20
20
20
20
20
20
21
20
21
21
21
20
20
20
20
20
20
21
21
21
20
20
20
20
20
21
20
20
21
20
20
20
20
20
20
20
20
20
20
20
20
21
20
21
20
20
20
20
20
20
21
20
20
20
20
20
20
20
20
20
20
20
20
20
20
21
20
20
21
20
20
21
20
20
20
21
20
20
21
20
20
20
21
20
20
21
20
19
20
20
20
20
21
20
20
20
21
20
20
20
20
20
20
21
21
20
21
20
21
21
20
20
20
20
20
20
20
20
20
20
20
20
20
20
20
20
20
21
20
20
20
20
21
21
20
21
21
21
20
20
21
21
20
20
20
20
19
20
20
20
20
20
20
20
20
20
21
20
20
20
20
20
20
21
21
20
20
20
20
20
20
20
20
20
20
20
20
20
20
20
20
20
20
20
20
20
20
20
20
20
20
20
20
20
20
20
21
20
20
20
20
20
20
20
20
19
19
20
20
20
20
20
21
20
20
20
20
21
20
20
21
20
20
20
20
20
21
20
20
19
13
4
4
3
20
19
20
20
20
3
20
20
20
19
20
20
21
21
20
20
21
20
20
21
20
20
3
18
19
20
20
20
20
20
20
20
2
20
20
20
20
20
20
20
21
20
20
20
20
20
20
20
20
4
21
20
20
20
20
20
20
20
20
2
20
20
20
20
20
21
20
21
20
20
20
20
20
20
20
20
20
4
20
19
20
20
20
20
20
20
3
21
21
20
20
20
19
20
21
20
20
20
20
20
20
20
19
20
21
20
3
20
19
20
20
20
20
3
20
20
20
20
20
20
20
20
20
20
20
20
20
20
20
20
20
21
21
21
20
18
3
19
19
20
4
18
20
20
20
20
19
20
20
19
20
20
20
20
20
21
20
20
20
21
20
20
20
20
19
19
2
2
21
20
20
20
19
19
20
20
20
20
20
20
20
20
20
20
21
20
20
20
20
20
19
20
20
19
1
2
16
19
20
20
20
19
20
20
20
19
18
20
20
20
20
21
20
20
20
20
20
20
20
19
19
10
21
20
15
5
20
20
20
20
20
20
20
19
20
20
20
20
20
20
20
20
20
20
20
19
20
19
19
14
20
20
20
8
14
20
20
20
19
19
20
20
20
20
20
20
20
20
20
20
19
19
20
20
20
20
3
20
20
20
20
20
3
20
20
20
19
19
20
20
20
20
20
20
20
20
20
20
20
20
20
20
20
8
20
19
19
20
20
20
4
20
20
20
20
20
20
20
20
20
20
20
20
20
20
19
20
19
19
20
20
4
19
20
20
20
20
19
9
20
20
20
19
20
20
20
20
20
20
20
20
20
20
20
20
20
20
19
17
17
19
20
20
20
20
4
20
20
20
19
20
20
20
19
20
20
20
20
20
20
20
20
19
20
20
20
18
14
20
20
20
19
6
20
20
20
19
19
19
20
19
20
20
20
20
20
20
20
20
20
19
19
20
20
20
7
3
3
9
19
20
20
19
20
20
19
20
20
19
20
20
19
20
19
20
19
20
20
20
19
19
20
19
19
19
19
20
19
20
20
20
20
20
19
19
19
19
19
20
20
20
19
20
20
20
20
19
20
20
20
19
19
20
19
19
19
20
20
19
19
19
20
19
20
19
20
20
20
20
19
19
19
19
20
20
19
19
19
19
19
19
19
19
20
20
20
19
19
19
20
19
20
19
20
20
20
19
20
20
20
20
20
20
19
19
19
19
19
20
19
19
20
20
20
19
19
19
19
19
19
19
20
