21
21
21
21
21
20
21
21
21
21
21
21
21
21
21
21
21
21
20
21
21
21
21
21
21
21
20
20
21
21
21
21
20
21
21
21
20
21
21
21
21
21
21
22
20
21
21
20
20
21
21
21
20
20
21
20
21
21
21
21
22
21
21
21
21
21
21
21
21
21
20
21
21
21
20
20
20
21
21
20
21
20
21
19
20
22
21
21
21
21
21
21
21
20
20
21
21
21
20
21
20
20
19
20
21
21
20
21
20
21
20
20
21
21
21
21
21
21
21
21
21
21
21
21
21
21
21
21
21
20
20
21
20
21
21
20
21
21
20
20
21
21
21
21
21
21
21
21
22
21
21
20
21
21
21
20
21
21
20
21
21
20
20
20
21
21
21
21
21
21
21
21
21
22
21
21
21
21
21
21
21
21
21
21
21
21
21
20
21
20
20
20
21
21
21
21
21
21
21
21
21
21
21
21
21
21
21
21
20
20
20
21
20
20
21
20
21
20
20
20
20
21
21
21
21
21
21
21
21
21
21
21
21
21
21
20
21
21
21
21
21
21
21
21
20
21
20
20
21
20
21
20
20
21
21
21
20
21
21
21
21
21
21
21
21
21
21
21
21
20
20
19
20
21
21
21
21
21
20
20
21
21
21
21
21
21
21
21
20
21
21
21
20
21
21
20
20
20
20
20
20
21
21
21
21
21
21
20
21
21
21
21
21
21
21
21
21
21
21
21
21
20
21
20
20
20
21
20
20
21
20
20
20
21
21
20
21
21
21
21
22
21
21
20
21
21
20
20
21
20
21
21
20
21
20
20
20
21
20
21
21
21
21
20
21
21
21
21
21
21
21
21
21
21
20
21
21
21
20
21
20
20
20
20
20
21
20
21
20
21
20
20
21
21
21
21
21
21
21
20
21
21
21
21
20
21
20
20
21
3
19
21
4
19
21
21
20
21
19
20
21
21
21
21
21
21
21
20
21
21
21
21
20
21
21
5
19
21
21
20
21
20
3
21
21
20
20
20
21
20
21
21
21
21
21
21
21
21
20
20
21
21
9
21
21
20
21
21
17
4
20
21
21
21
20
20
21
21
22
21
21
21
21
21
21
21
21
20
20
20
4
21
20
20
8
4
20
20
21
21
20
20
20
21
21
21
21
21
21
21
21
20
21
21
20
21
20
21
1
21
19
4
20
21
21
21
20
21
20
20
21
20
21
21
21
21
21
21
21
21
21
21
20
21
20
20
20
3
3
14
21
21
21
21
20
20
21
20
21
21
21
21
20
21
21
21
21
21
21
21
20
20
20
20
3
21
21
21
21
1
4
21
20
20
21
20
20
20
21
21
21
21
21
21
21
20
21
21
21
20
20
4
21
20
21
21
20
20
21
8
16
20
20
21
21
21
21
21
20
21
20
20
20
20
21
21
20
21
20
3
21
20
20
20
21
20
21
4
19
21
21
21
21
20
21
20
20
20
20
21
20
21
21
20
20
20
20
2
21
20
20
20
20
21
5
15
20
20
20
21
20
20
21
21
21
20
21
21
20
20
21
21
20
20
20
20
19
3
2
8
5
21
21
21
20
20
20
20
20
20
21
21
21
21
20
21
20
20
21
20
20
21
20
20
21
21
20
21
20
20
20
21
20
20
21
20
20
20
20
21
20
20
20
20
21
20
19
20
20
20
20
20
20
20
21
20
20
20
20
21
21
21
20
20
20
20
21
20
20
20
20
20
21
21
20
20
20
20
20
20
20
20
21
20
20
19
20
20
20
20
20
20
20
20
