20
20
20
21
20
20
20
20
20
20
21
20
20
20
20
20
20
20
20
20
20
20
20
20
21
20
20
20
20
21
20
20
20
20
20
20
20
20
20
20
19
20
19
20
20
20
20
20
20
21
20
20
20
20
20
20
20
20
19
20
20
20
21
20
20
20
20
20
19
19
20
20
20
20
20
20
21
20
21
20
20
21
20
20
20
20
20
20
20
20
20
20
21
20
20
20
20
19
20
20
21
21
20
20
20
20
20
20
20
20
19
20
20
20
20
19
20
20
20
20
19
20
20
20
20
20
21
20
20
20
20
20
20
20
20
20
19
20
20
20
19
20
20
20
20
20
20
20
20
20
20
20
20
20
21
20
21
20
20
21
21
21
20
20
20
20
20
20
19
20
20
20
20
20
20
20
21
19
20
20
20
20
20
20
21
20
20
20
20
20
20
20
20
20
20
20
20
19
20
20
20
19
20
20
20
20
20
20
20
21
20
20
20
21
20
21
20
20
20
20
19
20
20
20
20
19
20
20
20
20
20
20
20
20
20
19
3
3
20
20
20
20
12
19
20
20
20
20
20
20
20
20
20
20
20
20
20
20
20
20
20
20
17
3
20
20
20
20
21
20
21
20
20
20
20
20
20
20
20
20
19
20
20
20
20
19
20
20
20
16
3
20
20
20
21
20
19
20
20
20
18
3
20
20
20
20
20
20
20
20
20
20
20
20
20
20
20
9
9
20
20
21
20
20
20
20
20
4
2
21
20
20
20
20
20
20
20
20
20
19
20
20
20
20
20
20
2
3
20
21
21
20
20
21
3
10
21
20
20
20
20
20
20
20
20
19
21
20
21
21
20
20
20
20
20
13
2
20
20
21
2
2
20
20
20
21
20
21
21
20
20
20
20
19
20
20
20
20
20
20
21
20
20
20
20
3
3
2
21
21
20
20
20
21
20
20
20
20
19
20
19
19
20
20
20
20
19
20
21
20
20
20
20
4
15
2
6
20
21
21
20
20
21
20
20
20
20
20
20
20
20
20
20
20
20
20
20
20
20
20
4
20
20
21
20
3
13
21
20
20
20
20
20
20
20
19
20
21
20
20
20
20
20
20
20
21
22
4
20
20
20
20
21
21
1
2
20
20
20
20
20
19
20
20
20
20
19
20
20
20
20
20
20
19
2
20
20
20
20
20
20
20
22
4
20
20
20
19
20
19
20
20
20
20
20
20
20
20
19
20
20
21
2
20
20
21
21
21
20
21
8
3
21
19
20
20
20
20
19
20
20
20
20
20
20
20
19
20
20
10
11
19
20
21
20
20
20
20
5
20
21
20
20
20
19
19
19
20
20
20
20
20
20
19
20
20
20
21
2
19
20
20
20
21
1
2
20
19
20
20
20
20
20
19
19
20
20
20
20
20
20
20
20
20
19
20
19
4
2
15
2
3
20
19
19
20
20
20
20
20
20
20
20
20
20
20
20
20
19
20
19
20
20
20
21
20
20
20
20
20
20
20
20
19
20
20
20
19
20
19
20
19
20
20
20
20
20
20
20
20
20
20
20
20
20
21
20
20
20
20
20
19
20
20
19
20
20
20
20
20
20
19
20
20
20
20
20
20
19
20
20
20
20
21
20
20
20
20
20
19
20
19
20
20
20
19
20
20
20
19
19
20
20
20
20
21
20
20
20
19
20
19
20
20
20
20
19
19
21
19
21
20
20
19
19
19
20
19
19
20
20
20
20
20
20
20
20
20
20
21
20
20
20
20
19
20
20
20
20
20
20
20
20
20
