21
20
20
20
20
20
20
20
20
20
20
20
19
21
21
20
20
21
20
20
20
19
20
20
20
20
20
20
20
20
19
20
20
20
20
20
19
19
20
20
20
20
20
19
20
20
19
20
20
20
20
19
20
20
19
20
20
20
20
20
20
20
20
20
20
20
20
20
20
20
20
20
20
21
17
0
0
0
20
20
19
20
20
20
20
20
20
20
20
20
20
20
20
20
19
20
19
19
19
20
21
0
20
20
20
1
20
19
20
19
20
20
20
19
20
19
20
20
20
20
20
20
20
20
20
20
19
20
1
20
20
20
20
20
21
20
21
20
19
21
20
20
19
20
20
20
20
20
20
19
20
20
19
19
20
0
20
20
20
20
19
20
20
20
20
19
20
20
19
20
20
20
20
20
20
20
20
20
19
20
19
20
2
19
20
20
19
20
20
20
19
19
21
19
19
19
20
20
20
20
20
20
20
20
20
20
20
20
20
18
13
20
19
20
20
20
20
20
19
20
20
20
19
20
20
20
20
20
20
19
19
20
20
19
20
20
20
0
20
20
20
20
20
20
20
20
20
19
19
19
20
19
20
19
20
20
19
20
20
20
20
20
20
20
6
19
20
19
20
20
19
20
19
20
19
20
20
20
19
19
20
20
18
20
20
19
19
20
20
20
19
21
1
20
20
20
20
20
20
20
20
20
20
20
20
20
20
20
20
19
19
19
19
19
19
20
20
20
20
6
20
19
20
19
20
19
20
20
20
19
20
20
20
19
20
20
20
20
20
19
19
19
19
19
20
20
20
0
20
20
19
19
20
20
20
20
20
20
20
20
20
19
20
19
19
20
18
20
19
20
19
20
20
19
21
4
20
20
19
20
20
20
19
20
20
20
19
20
19
19
19
20
19
19
19
19
19
19
19
19
20
20
9
19
19
19
19
20
18
0
0
0
0
20
20
19
20
19
20
20
19
19
19
20
20
20
20
20
19
20
0
19
19
20
19
0
20
20
20
20
20
6
20
20
19
20
20
19
19
19
18
20
20
19
19
20
20
20
0
19
20
0
20
20
20
20
20
20
8
20
20
19
20
19
20
20
19
19
19
20
20
20
20
20
20
20
0
18
9
20
20
20
20
20
19
19
11
19
19
20
19
19
19
20
20
19
20
19
20
20
19
20
20
20
0
19
19
20
20
20
20
20
19
0
19
20
20
19
20
19
19
19
19
19
19
19
19
19
20
20
19
1
0
19
20
19
20
20
20
20
0
19
20
20
19
20
19
19
19
18
19
19
19
19
19
19
19
19
7
20
0
19
19
20
20
20
20
0
19
20
19
19
18
19
19
19
19
19
18
19
19
19
19
19
20
16
19
19
0
18
20
19
20
20
0
19
19
19
20
19
19
19
18
18
19
19
19
19
19
20
19
19
19
18
19
19
14
17
20
20
17
0
20
19
19
19
20
20
19
19
19
19
18
19
19
19
18
18
19
19
19
19
19
19
20
16
0
0
18
20
19
19
19
19
19
19
19
19
19
19
19
18
19
19
18
19
19
19
19
19
19
19
19
19
19
19
18
20
20
18
20
19
20
19
19
19
19
19
19
19
19
19
20
19
19
18
19
20
19
19
20
19
19
19
18
19
19
20
19
19
18
19
18
19
19
19
19
18
18
19
19
19
19
19
19
19
19
19
19
20
20
19
20
20
19
20
19
19
18
18
19
19
18
18
19
17
19
19
19
19
19
19
19
18
20
19
19
19
19
19
19
19
19
19
19
19
18
18
19
19
19
19
19
18
