20
21
20
20
21
20
20
20
20
20
20
20
20
20
21
20
21
21
21
20
20
20
20
20
20
20
20
19
21
20
20
21
20
21
20
20
21
20
20
20
20
20
21
21
21
20
20
20
21
20
20
20
20
20
19
21
21
21
21
20
21
20
21
21
21
21
20
21
20
20
20
20
20
20
20
21
20
20
20
20
21
20
20
20
20
20
21
21
21
20
20
21
20
21
20
20
20
20
20
20
20
20
20
21
21
20
20
20
21
19
20
20
21
21
20
21
21
21
20
20
20
21
20
21
20
21
20
20
20
21
20
21
21
20
21
21
21
20
21
20
20
21
21
21
20
21
20
20
20
20
20
20
20
20
21
21
19
20
21
20
20
21
21
21
21
20
20
20
21
21
20
21
20
20
20
21
20
20
21
20
20
20
21
0
0
21
20
20
20
20
20
20
20
20
20
20
21
20
20
20
20
20
20
20
20
20
20
20
20
21
0
1
21
20
20
21
20
21
21
21
20
20
20
20
20
20
20
20
20
20
20
19
20
20
20
20
20
1
2
21
21
21
20
20
21
20
20
21
21
20
21
21
20
20
20
20
21
21
20
20
21
21
20
20
5
0
21
21
20
20
20
20
20
20
20
20
20
21
20
21
20
20
20
20
20
20
20
21
20
20
20
20
0
21
21
19
20
20
21
20
21
20
21
20
20
20
21
20
21
20
20
20
20
20
20
20
20
21
22
0
20
20
21
20
21
20
21
21
21
20
20
20
20
21
21
21
20
21
20
20
20
21
20
21
20
20
19
0
21
20
21
21
21
20
21
20
21
21
20
20
21
20
20
20
20
20
20
20
20
20
20
20
20
20
3
11
6
0
0
0
0
4
20
20
20
21
21
20
20
21
20
21
21
20
20
20
20
20
19
20
20
21
0
0
11
22
20
21
22
3
0
1
21
20
21
21
20
20
20
20
20
20
20
19
21
20
20
20
20
21
0
21
21
20
21
21
21
21
21
0
13
21
20
21
21
20
20
21
20
20
20
20
20
20
20
21
20
19
2
21
20
20
21
20
20
20
20
13
0
20
21
20
20
19
20
19
20
20
20
20
20
20
20
20
20
16
10
21
20
21
20
20
21
20
21
19
0
20
20
20
20
20
21
21
20
19
21
20
20
20
21
20
21
15
8
21
21
20
20
20
20
20
21
0
13
21
20
20
21
21
21
21
20
20
20
20
20
20
20
20
20
19
0
21
20
21
20
20
21
17
0
9
20
20
20
20
20
21
21
20
20
20
20
20
20
19
20
20
21
22
0
1
21
20
21
22
1
0
19
20
20
20
20
21
20
20
20
20
20
20
20
20
20
20
20
20
21
21
22
0
0
0
0
0
4
20
20
19
20
21
20
20
20
20
20
21
20
21
20
20
19
20
20
21
20
20
21
21
21
22
20
20
21
20
20
20
20
20
20
20
21
21
20
20
21
20
20
20
20
20
20
21
20
21
20
20
20
21
21
20
20
20
20
20
20
20
21
21
20
20
21
20
20
21
20
21
20
20
20
21
20
20
20
21
20
20
21
19
21
19
19
20
20
20
20
20
20
20
20
19
20
18
20
19
21
20
20
20
21
20
20
20
21
21
20
20
20
20
20
20
20
20
20
20
20
21
19
20
20
20
20
20
20
20
20
21
19
20
21
21
19
21
20
19
20
21
21
20
20
20
20
20
20
20
21
20
21
20
20
21
21
21
20
20
21
21
20
20
20
20
20
21
20
20
20
20
20
20
20
20
20
20
20
20
