21
22
22
23
23
22
22
22
22
23
22
22
22
22
22
22
23
23
22
22
22
22
22
22
22
23
23
22
22
22
23
23
22
23
23
22
23
23
23
22
23
23
22
23
22
22
22
22
22
22
23
22
22
24
22
23
22
22
23
22
22
22
23
22
23
22
23
22
22
22
23
23
22
22
22
22
22
22
22
22
22
23
23
22
22
23
22
23
22
22
22
22
23
22
22
21
23
23
23
22
22
22
22
22
23
22
22
22
22
23
22
23
23
22
22
22
22
22
22
22
22
22
22
22
22
23
22
23
22
22
22
22
22
22
22
22
22
22
23
22
23
22
22
22
22
23
22
23
23
23
22
22
23
23
23
23
23
23
23
22
22
23
22
22
22
21
23
22
22
22
23
22
23
23
23
23
23
22
22
22
22
22
23
21
0
22
22
22
22
22
22
22
22
23
22
23
22
22
22
22
22
22
23
22
23
23
22
22
22
23
9
0
25
21
22
22
23
22
22
22
22
22
22
23
22
22
22
22
22
22
23
23
22
22
23
23
22
9
8
23
23
23
22
22
22
22
22
22
22
22
23
22
22
23
22
22
22
22
23
22
22
22
22
23
21
3
23
22
23
22
22
22
22
22
22
22
22
22
22
22
23
22
23
21
22
22
22
22
22
22
22
23
0
22
23
23
22
23
22
22
22
22
22
22
23
22
22
22
22
23
22
22
21
23
23
23
22
22
23
18
10
22
23
23
23
23
22
23
22
22
23
23
22
22
22
22
22
21
22
22
21
23
22
23
23
21
23
0
22
23
22
22
23
23
22
22
22
22
22
22
22
22
21
22
21
22
22
22
22
22
22
22
21
22
23
0
22
24
22
22
22
22
23
22
22
22
22
21
22
22
22
22
21
22
22
22
22
22
22
22
22
22
18
2
16
18
0
22
23
22
22
22
22
23
22
22
22
22
22
22
22
21
22
22
22
22
23
22
23
21
0
23
22
23
24
0
23
22
23
22
22
22
22
22
22
22
23
21
22
22
23
22
22
21
22
22
22
23
0
22
22
23
24
0
22
22
22
22
22
21
21
22
21
22
22
21
22
22
22
22
23
22
22
22
22
22
0
23
23
22
19
2
22
22
22
23
22
22
22
23
21
22
22
22
22
22
22
22
22
22
22
22
22
23
0
22
22
23
0
23
22
22
23
23
21
22
22
23
21
22
21
23
23
22
22
22
22
22
22
22
22
23
23
0
3
0
12
23
22
22
23
22
22
22
22
22
23
22
22
22
22
21
22
22
22
22
22
23
22
23
23
23
23
23
23
22
22
22
22
21
22
22
22
22
21
22
22
22
22
22
22
21
22
22
22
22
22
23
22
22
22
22
22
22
22
22
23
22
22
22
22
22
21
22
22
22
22
22
22
22
22
22
21
22
22
22
22
21
22
22
22
21
22
23
22
22
21
21
22
22
22
22
22
21
22
21
22
22
21
21
22
22
22
21
22
22
22
22
23
21
22
22
22
21
21
21
22
21
22
22
22
21
22
21
22
21
22
22
22
21
22
22
22
21
22
22
22
22
22
22
22
22
22
21
21
22
21
22
22
22
22
22
22
22
21
22
22
21
22
22
22
22
22
22
21
22
21
21
22
21
22
21
21
22
21
21
22
21
22
21
22
22
22
22
21
22
22
21
22
21
22
21
22
22
22
21
22
21
22
22
22
22
22
21
21
21
22
21
22
21
21
21
22
22
21
21
22
21
21
21
21
21
22
22
21
21
21
21
22
21
21
21
21
21
