20
20
21
20
20
20
20
20
20
20
20
20
20
21
21
20
20
19
20
21
20
21
21
20
20
20
21
20
20
21
20
21
20
20
20
20
20
20
20
20
20
19
20
20
20
20
20
20
20
21
21
20
21
21
20
19
20
20
21
20
20
20
21
20
20
20
20
20
20
19
20
21
21
21
20
20
20
20
21
20
20
21
20
20
20
20
19
21
20
20
20
20
21
21
19
20
20
21
20
21
20
20
20
20
19
20
20
20
21
20
21
20
20
21
20
20
21
21
20
20
21
20
21
21
19
16
20
19
19
20
20
20
20
20
20
20
20
20
19
20
20
20
20
20
21
21
21
21
21
21
20
20
20
20
20
21
21
20
20
20
20
20
20
20
20
20
20
21
20
20
20
20
20
20
20
20
21
21
21
20
20
20
21
20
20
20
20
20
20
20
20
20
19
20
19
20
20
20
20
20
22
20
21
20
20
20
20
20
20
20
20
20
20
20
20
20
21
20
20
20
20
20
21
20
21
21
21
20
20
20
20
19
20
20
20
19
20
20
13
0
10
0
0
20
20
20
20
19
19
20
20
20
21
19
20
20
21
20
20
19
20
19
20
20
20
4
1
20
20
20
20
20
20
19
20
20
20
20
20
20
20
20
20
20
20
20
20
19
20
20
20
20
2
4
21
20
21
20
21
20
21
20
20
20
20
21
20
20
20
20
20
19
20
20
19
20
19
20
20
7
2
20
20
20
20
20
20
21
20
20
20
20
21
20
19
20
20
20
20
20
20
20
20
20
19
21
17
0
20
20
20
21
20
20
20
20
20
20
20
20
19
20
20
20
20
20
20
20
20
20
20
21
20
21
0
16
21
20
20
21
20
20
20
21
20
20
20
20
20
20
20
20
20
20
19
20
20
20
20
20
20
13
1
20
20
20
21
20
20
20
20
19
19
19
20
20
20
21
20
19
20
19
20
20
20
20
20
20
21
0
20
20
21
22
22
21
21
21
20
20
20
20
20
20
20
20
20
21
20
20
19
20
19
19
20
20
16
0
0
1
14
19
18
19
13
0
0
0
20
21
20
20
20
20
20
20
20
21
20
19
19
20
21
21
0
6
20
20
20
20
21
20
20
20
21
0
19
20
20
20
20
20
20
20
20
20
20
20
20
20
20
22
0
16
21
21
21
20
19
20
21
21
0
5
20
20
20
20
20
20
20
20
19
19
20
20
20
20
20
20
2
7
21
20
20
21
21
20
21
0
8
20
20
20
21
20
20
19
20
20
20
19
20
21
20
20
20
20
22
0
19
21
21
20
21
11
0
18
20
20
20
20
20
20
20
20
20
21
20
20
20
20
19
20
20
20
20
21
1
0
0
0
0
11
20
20
21
20
20
20
20
20
20
20
20
20
20
20
20
20
20
20
20
20
21
21
21
20
21
20
21
21
20
20
20
20
20
21
21
20
20
20
20
19
20
19
19
21
20
20
21
21
20
21
20
20
21
20
20
20
20
20
20
21
20
20
20
21
20
20
20
20
20
20
20
19
20
20
20
20
20
20
20
21
20
21
20
20
20
20
20
20
20
20
20
20
19
19
20
20
20
20
19
20
20
20
21
20
20
21
20
20
21
19
20
21
20
20
20
20
21
20
20
20
20
20
20
20
20
20
20
19
20
20
20
19
19
20
20
20
20
20
20
21
20
20
20
20
19
19
20
20
20
20
20
20
20
20
20
19
21
19
20
19
20
20
20
20
20
20
20
20
20
19
19
20
20
20
20
20
20
20
20
20
