1.43888354
0.7261464
-1.7843715
-1.24749076
0.874353826
2.30791283
0.887686968
-1.76205349
2.07254505
-0.0794340298
-1.79292345
-0.473481178
1.72292423
2.92547584
0.87719667
-2.06262755
2.30104208
-0.869265795
-1.2854445
0.342433453
1.98421681
2.76607394
0.164218709
-1.83768201
1.61097836
-1.5661813
-1.59111595
-0.228232071
1.86871707
2.35809851
-0.693741977
-1.37291014
0.566524744
-1.86991847
-2.27036405
-1.03813446
1.52667975
1.37215054
-1.5105741
-1.15167117
-0.319501787
-1.41407907
-1.89094579
-0.151322365
3.17276883
2.1742208
-1.20001054
-1.0237391
-0.453141361
-0.692714334
-1.03946066
0.502954423
3.74092293
1.98179269
-1.81235504
-1.16354072
-0.857873201
-0.995688915
-1.65067196
-0.57820189
1.93636382
0.017497737
-2.47998333
-0.800256431
0.759368598
1.08109593
1.55462039
1.7965486
0.405431986
0.485504329
0.943741083
1.356848
0.864217043
0.555393219
1.47886181
0.682982504
-0.769872963
0.555562317
0.677668154
1.47662568
0.00599925499
-0.365398496
0.485217065
-0.934201121
-0.923729956
0.527081966
0.30834946
1.29423714
-0.585926175
-0.114704169
0.0339812599
-0.504966438
0.621332943
1.22281861
0.661247373
0.868800163
0.0965114832
0.703652382
0.643681109
0.599836111
1.16399479
0.891445756
0.263907015
0.0513444878
0.577930272
1.40238464
1.6595329
1.63441241
1.37057436
0.547554195
-0.0164889526
-0.0330771133
-2.16782928
-2.00638366
-1.80563378
-1.31087279
-0.356398433
-0.535131991
-0.137249753
0.179210961
-2.51823282
-3.00262618
-3.10019851
-2.51122499
-1.13663995
-1.19479835
-0.324706793
-0.212182909
-1.01462066
-1.69736874
-2.21730256
-1.50626659
-0.75198406
-0.6677984
-1.73911977
-2.59950924
-0.980696261
-1.74468577
-1.78858292
-0.525529325
-0.176572382
-0.750239432
-2.07391477
-2.5761528
-0.580949485
-2.04061627
-1.51037788
-0.37918213
-0.339414299
-1.40210819
-2.35441828
-2.10552788
-1.25391364
-2.85327363
-2.90846348
-2.20013189
-2.21803761
-2.99478006
-3.30017066
-2.00266576
-1.76093078
-2.79983807
-3.48334479
-3.7739253
-3.4588542
-3.88070226
-4.10875463
-1.9588691
1.70381212
2.22303414
2.92172623
1.74547708
0.242935166
-1.25502229
-2.53501177
-1.41650248
2.06552958
2.86263299
3.75049257
2.79904342
1.21465707
-0.575662434
-1.90133786
-1.1981883
-0.5343346
-0.609854281
-0.951239944
-1.02006197
-1.06267655
-1.92812061
-2.18500113
-0.929739416
-0.0546401441
1.8940841
1.15748656
-1.88563168
-1.98746967
0.420990884
1.38601267
0.615546584
1.09921944
3.03008747
0.0451937355
-3.00124359
-1.66199374
1.16514266
2.60673571
0.307730973
2.47749949
2.37699437
-1.83819282
-3.1166501
-1.37722456
1.98253644
3.27414918
-0.702055454
3.10776711
0.332226336
-3.39588523
-3.39174151
-1.21275783
2.64463925
2.40642738
-2.04463911
2.68843913
-0.872855306
-3.15483427
-2.93212795
-0.548214674
2.71815872
0.780862927
-2.66281891
0.846197367
-1.58915341
-2.69675159
-1.95513237
1.33702314
3.45503664
0.349888533
-2.36930251
-0.808022201
-2.19721508
-3.25333333
-2.60813189
1.05851102
2.67299652
-0.838367701
-2.95456505
-1.45137703
-2.8036623
-4.70177841
-4.77138615
-0.654949665
0.630966604
-2.85237241
-3.54569483
-0.140139222
0.783360004
0.946810484
0.0552414209
-0.745888829
0.151474997
0.675537527
0.620403826
0.0264937542
1.04315281
0.919022322
0.0384638719
-0.412647367
0.480305761
1.30467331
1.27607262
0.361880183
1.0019058
0.670405388
0.29630515
-0.0471374728
0.595498383
1.70546758
1.58373463
0.91225636
1.24487686
0.9937976
0.45608604
0.103528149
0.933796167
1.7729845
1.58847129
1.17928064
1.66988432
0.977813721
-0.236882523
-0.292335927
0.959724784
1.53245592
1.62665927
0.788688421
1.33364499
0.772509277
-0.860975087
-0.0422574282
1.5836668
1.85117006
1.64937854
-0.567649722
0.20789519
0.124612711
-0.457648039
1.30663145
3.05831337
2.89524317
1.81437314
-0.656852424
-0.412004888
-0.67169261
-0.884779751
0.937941194
2.61747622
1.93902445
0.950891018
-1.13786983
-1.46479034
-0.280316085
1.16450882
0.211261272
-0.966402173
-1.0501653
-0.46962589
-1.31351924
-0.521943867
1.46260071
1.42387366
-0.92531544
-1.51981568
-1.03701448
0.31801483
-0.565854132
1.36279953
2.16185546
-0.439889163
-2.22644401
-1.55295193
-0.469334692
1.17349041
0.393909931
1.98683023
0.465935498
-2.49328327
-2.66548586
-0.817092061
0.822096944
1.36106288
0.670933843
1.06780279
-0.752336323
-1.94874156
-0.663071334
1.29386389
2.03495121
0.758924782
0.741739392
0.408513099
-0.384241194
-0.251735091
0.80509603
1.54280245
1.079983
-0.114355631
1.69069266
1.34737933
0.821505189
0.544485867
0.0642356575
-0.0336424857
0.0280936472
-0.133036971
1.25584686
0.876838386
0.108784832
-0.871998012
-1.56013274
-0.70285815
0.743043959
0.663157105
1.34455776
2.10179186
0.493349999
-1.1991396
-0.347159475
1.00904942
0.977465987
0.446468353
2.7153182
2.19351959
-0.749418795
-1.49355781
0.4748272
2.28594446
1.70289874
0.0377384983
3.2061851
0.721229613
-1.46369231
-0.867405236
1.95602608
3.44869113
1.76938021
-0.801864982
1.88362527
-0.872984946
-0.846972704
0.539940834
3.4278748
3.71307802
1.16427815
-0.894193053
0.612322152
-0.875760436
0.00678101508
1.58015561
3.69312644
2.49000883
0.205713406
-0.720610321
0.0884038061
-0.889514983
-0.670063317
0.634023964
1.90300751
0.752682507
-0.309780627
-0.436398476
0.186153829
-0.683685541
-1.07950449
0.272655547
2.0222342
0.976335883
-0.0977128446
-0.227544054
0.235374987
-0.137325644
-0.310713083
1.67252266
3.28831363
1.23492527
-0.582182348
-0.385855466
0.0116678681
0.0955334231
0.122674197
-0.174532533
-0.722679734
0.306258738
0.366084546
0.205718264
-0.00639194855
0.0357317179
-0.150232434
-0.223493397
-0.3556768
0.111040108
0.290603638
0.484957784
0.26339978
0.0238816869
-0.665940106
-0.795669913
-0.852607667
-0.928087771
-0.577169359
-0.156530842
1.06264758
0.758047163
-0.838579714
-1.49102008
-1.27800131
-1.43000829
-1.12339771
-0.743612885
2.03752947
3.46697736
2.3193984
0.953966618
0.46056971
-0.293487132
-0.911500335
-1.13418925
-0.120080858
1.88118422
2.94714952
2.29268289
1.96211565
1.35813892
0.547051311
-0.577330947
-1.54763389
-0.701179028
0.611116648
1.00257289
1.07678056
1.40383923
1.27985358
-0.33176887
-1.06831193
-1.42919254
-1.30707955
-1.03797317
-0.390135765
0.86045891
1.57285142
0.42081666
0.845221579
-1.33326972
-1.86655033
0.383240789
1.90687871
0.863349199
-1.56400156
-1.28670371
0.515170157
-2.47221947
-1.51996922
1.84799373
2.85380816
1.02886665
-2.36307716
-1.38820553
-0.790860415
-2.70891237
0.346647173
3.03399777
2.83610749
0.190172583
-3.05546117
-0.828896403
-1.9254179
-1.94321477
1.77940583
2.66486192
1.7430588
-1.32224393
-2.96395683
0.492093503
-1.58652747
-0.463224381
2.21836448
2.04687262
0.797282279
-2.20225048
-1.79964089
1.82187998
-1.61068273
-0.712451458
1.10496628
1.70516407
0.897450507
-1.85234308
-0.411836803
2.61420369
-1.27455521
-1.52964842
-0.42914632
1.50090384
1.11037421
-1.95551825
-0.235283032
2.46309114
-0.277463317
-0.840948403
-0.384337008
1.64175844
0.340438336
-3.20387888
-0.821329772
2.29290748
0.703049302
0.943735898
1.17179322
1.15660608
0.134411454
0.12884067
1.15932047
1.60504341
0.881029367
1.41406536
1.86569607
0.924248278
-0.390060514
0.263977468
1.5886656
2.30064964
1.21530378
2.19639969
2.35772967
0.306191236
-0.731725633
0.699417472
1.94149053
2.64795828
1.60803854
3.18971324
2.20026731
-0.283154517
-0.243166506
1.36895669
2.55695963
2.64064074
0.92446208
2.27003264
0.961534381
-0.932730258
-0.0994418114
1.77743626
2.93537116
1.84963965
-0.374335289
-0.273428798
-1.23190677
-1.81823075
-0.688975692
1.48694897
2.67823339
0.948073983
-0.000346644025
-0.508947611
-1.22296381
-1.46245277
-0.912394524
0.750779808
1.95263386
0.387007952
-0.120031685
-0.498973131
-0.74940604
-0.768792927
-0.673672318
0.472159505
1.82320428
0.556992352
1.49903047
-0.369143218
-3.19353986
-2.14700055
0.521611571
1.07268143
-0.119198628
-1.41260302
0.58953476
-3.57866096
-4.96506786
-0.455722958
1.99464405
1.29023981
-1.78467584
-2.87667537
-1.89830983
-5.68125153
-3.05816817
2.70907116
2.93059897
0.366046995
-4.19839478
-3.41597748
-3.91781688
-4.95424652
0.511277139
3.60219646
1.77767718
-2.32470345
-5.95925236
-2.24583697
-4.13695192
-2.88712025
1.09325027
0.148988694
-2.74858689
-6.28278875
-6.59324551
-0.708987951
-5.2220397
-3.01572084
-1.24514925
-2.61645555
-4.13531876
-5.43490171
-3.46472025
0.936373293
-5.68623543
-4.32938528
-2.72257209
-2.26532769
-2.25308418
-3.3390944
-2.06139112
0.749509096
-3.58307743
-3.31034017
-1.6081109
-0.972033381
-2.28499746
-5.07939911
-3.75006223
-0.236909673
0.996721566
0.974769056
0.686514199
0.313412249
0.300861627
0.851825595
0.77443397
0.925127149
0.795775414
0.36295262
0.024263043
-0.438773572
0.501829267
0.605971873
0.490959078
0.623063147
0.0627622008
-0.263528466
-0.458381861
-0.298904091
0.506258905
0.260001302
-0.0550330766
0.0767375082
0.153349027
0.713680744
0.824522376
0.873284042
0.845330179
0.207929835
-0.192680314
-0.0740001649
0.828363359
2.37747478
3.70177054
3.08560824
2.29752111
1.30872881
0.553999305
0.486672282
-1.0549134
-0.610771716
0.641244709
0.765525997
0.55306083
0.472422481
0.600235581
0.715323448
-1.13219774
-2.44443226
-2.38189554
-1.52382827
-0.975892186
-0.460546792
0.647208989
1.11700892
0.381834239
-0.494432449
-1.05550218
-0.481104463
-0.0781082138
-0.381211787
0.46194011
1.22366869
-2.60560799
-2.32515931
2.10051107
3.23736119
0.348597676
-3.17212033
-2.59314752
1.76767778
-3.34681845
-0.60423702
3.73472166
2.68107247
-0.866841555
-3.85432601
-1.89377546
3.34299421
-3.10366106
1.01118052
3.22085881
1.05289888
-2.04758072
-4.04851913
-0.274515241
4.24941874
-2.49263597
1.11696804
1.97065127
-0.131901115
-2.74022484
-3.14977407
1.74195504
4.35278702
-1.54268038
0.368850946
0.847119391
-0.608911812
-3.36898041
-2.96467257
2.06313109
3.7452085
-0.890996873
-0.0208715107
0.654058039
-0.421186745
-3.61657786
-2.68821597
2.71299696
3.87364244
0.0378979109
-0.209662601
0.648653328
-0.0812766179
-3.75610352
-2.27335668
3.52195001
3.92287993
1.06076312
1.09709311
1.74064493
0.93453449
-2.04250598
-0.244705409
3.95316672
2.82431054
-1.23114395
0.919994175
1.79330683
0.923152328
-1.17096961
-1.09200418
2.1668818
2.52155542
-1.03093147
0.724394977
1.4116025
0.51600486
-1.7662406
-1.39601469
2.3816185
3.06340528
-0.568244159
0.965004742
1.11985528
-0.278676063
-2.47638392
-1.576882
1.64065051
2.60240531
-0.339144349
1.82066953
1.05636442
-1.04159081
-2.68197656
-0.942293584
1.56242704
1.9672128
-0.796676755
2.33227301
1.65911686
-1.19192541
-2.03761148
0.709118545
2.3228569
1.52403927
-3.94225264
-0.640050888
-0.0070531331
-2.89044285
-2.64026856
1.92902827
3.21013451
1.16423774
-5.19429874
-3.46731687
-2.10492897
-4.40268183
-3.34337664
2.40561891
4.06838942
1.6656183
-3.48407531
-3.286479
-2.61630249
-4.82392406
-3.88670301
1.84710288
4.36475611
2.25669646
-2.10780096
-0.519299567
1.04095542
0.4611139
-2.02996659
-2.17047262
-1.37289214
-0.0537560023
-0.657248616
1.35705507
1.79006648
-0.684761405
-2.75183868
-1.69405329
-0.208977565
1.13493931
0.978469729
1.82327056
0.0616203435
-2.93520737
-3.15855217
-0.603914559
1.02860141
1.48079693
1.07990932
0.0952655971
-1.90400672
-3.55740619
-2.16369414
0.850857913
1.73176622
0.96544838
0.967293739
0.328958869
-0.423735529
-0.692542255
1.06940627
2.31352115
1.70483577
0.530529201
1.05882847
1.14226735
0.761988461
0.00381560624
0.686184347
0.384366065
0.313645691
-0.0648178086
1.10085571
0.684059918
-0.58639586
-2.10026217
-1.55235398
-0.905680299
0.423944682
0.35247308
0.693774045
0.824796975
-0.129152641
-0.646840096
1.27312112
2.45816088
2.99819851
1.15136302
0.176827773
0.376779646
0.194731459
-0.411681116
-0.632537127
0.516856313
0.479711294
-0.0241976958
0.28496325
0.27901715
-0.193665892
-0.905363619
-0.801260233
0.212508291
0.152491882
-0.0411657467
0.131155923
-0.096506834
-0.509809613
-0.92686826
-0.924007058
-0.16413343
-0.33730948
-0.404504925
0.590565622
0.429831684
-0.017882552
-0.930829108
-0.910467386
-0.372445613
-0.726116776
-0.59264195
1.07824731
2.37400961
2.47456789
1.67133999
1.6280458
1.28724718
0.333634228
-0.156116009
1.09738445
1.98796451
1.7722975
1.58057117
2.12173891
1.38784468
0.507309437
-0.116971314
0.144126117
-0.0891489908
-1.30948794
-1.83757496
-0.750799656
-0.572389603
-0.462257564
-0.429482937
0.232467994
0.477705806
-0.282564968
-0.357008636
0.969500065
1.21592987
0.869662225
0.331036538
