2.62253499
1.74268234
-3.2192564
1.38305771
2.54631972
4.18148899
-2.96734214
-0.178840518
1.51012599
0.777395487
-0.552034974
2.96825981
-4.02576113
-0.680475414
2.65823698
-1.41934896
-1.57808685
0.236732244
2.21001315
2.36475801
-3.60090399
-0.278086543
0.505586863
3.44658732
3.32397008
-3.01800585
4.43139553
-2.52734256
-3.45293856
1.70345688
2.41391969
-0.507685184
4.78325033
1.42002594
-1.25896263
-3.04407549
5.2577939
3.62153196
-1.20068848
2.00787377
-3.17347217
-3.70622087
-3.76578712
-5.23357868
1.21323061
1.99575353
-0.914283276
5.33309126
-2.15971088
-0.37233603
2.72206116
-3.31877851
-1.18606818
-3.06141472
-6.30023479
-4.14226294
-5.75140285
-3.89052248
1.29010856
-5.47156239
-2.93250132
2.06359625
5.11547661
-3.97087431
2.21360064
1.10421336
4.00755596
5.6736455
-3.64007545
-7.71895409
3.56895208
-2.60261321
2.43407941
2.97223568
2.68277287
0.402043939
-9.06776428
6.94518328
-4.10603333
0.910126686
0.161968172
-5.01016235
-0.709789932
-5.3744297
-3.09514308
1.1001811
2.97939444
2.05182028
-5.19408512
7.84423923
5.8392868
-4.65622377
4.61604404
-4.33823776
-3.44887543
4.08725977
-0.365581632
1.49482036
0.717534125
-2.69576526
3.16871619
-3.18881941
-4.78925753
-2.01197052
-7.06071329
2.10666442
-1.04579878
-3.19185543
-3.54560184
3.78413439
-2.9798646
2.22258234
0.164402366
-3.33729696
-3.37340546
-1.47523713
5.21094942
-4.683424
0.869354904
8.23308563
