-6.82820082
4.96324158
-3.03432226
1.98200011
1.25057912
8.31112099
0.510517597
-0.424116135
-0.0861293077
4.17261314
0.886948586
-3.66248274
-3.55294943
7.47777176
-1.53049493
2.59222126
1.31741965
-2.65590906
-1.164644
6.19567108
4.75612831
5.85476685
-4.07047892
5.14550495
3.52196693
1.69531262
1.92850614
4.14069843
5.35021639
5.97770739
2.4897294
-4.70016623
-1.3801825
-5.11027718
4.44391918
-2.42537832
6.54966593
1.91462779
3.64370084
-0.489857674
0.918538928
-5.8692379
3.44629574
2.65083504
0.308339119
-0.490320206
-3.77581573
-1.21461177
-1.7846365
4.20474148
4.44874716
6.10574436
1.86813152
4.69466114
5.54734135
-2.21595144
4.66240406
4.15837383
-0.763245106
-2.61540627
-4.89848185
3.85696316
-0.96012485
-0.31350404
-0.406903982
-4.10098171
4.50258207
1.23869228
1.64150739
2.34319568
-1.35038352
-0.229905844
0.564263344
5.39767838
2.81956768
-2.5853467
3.48584008
6.30053425
3.57055807
-3.94417071
2.60904908
2.59549809
-3.97549343
-4.44844055
