0
0
0
0
0
0
0
0
0
0
0
0
0
0
0
0
0
0
0
0
0
0
0
0
0
0
0
0
0
0
0
0
0
0
0
0
0
0
0
0
0
0
0
0
0
0
0
0
0
0
0
0
0
0
0
0
0
0
0
0
0
0
0
0
0
0
0
0
0
0
0
0
0
0
0
0
0
0
0
0
0
0
0
0
0
0
0
0
0
0
0
0
0
0
0
0
0
0
0
0
0
0
0
0
0
0
0
0
0
0
0
0
0
0
0
0
0
0
0
0
0
0
0
0
0
0
0
0
0
0
0
0
0
0
0
0
0
0
0
0
0
0
0
0
0
0
0
0
0
0
0.196078435
0.87843138
0
0
0
0
0
0
0
0.274509817
0.113725491
0
0
0
0
0
0
0
0
0
0
0
0
0
0
0
0
0
0.474509805
0.905882359
0
0
0
0
0
0
0
0.580392182
0.65882355
0
0
0
0
0
0
0
0
0
0
0
0
0
0
0
0
0.0156862754
0.764705896
0.905882359
0
0
0
0
0
0
0
0.376470596
0.823529422
0.0431372561
0
0
0
0
0
0
0
0
0
0
0
0
0
0
0
0.270588249
0.988235295
0.525490224
0
0
0
0
0
0
0
0.447058827
0.988235295
0.0823529437
0
0
0
0
0
0
0
0
0
0
0
0
0
0
0.176470593
0.925490201
0.850980401
0.0470588244
0
0
0
0
0
0
0
0.752941191
0.988235295
0.0823529437
0
0
0
0
0
0
0
0
0
0
0
0
0
0
0.65882355
0.968627453
0.20784314
0
0
0
0
0
0
0
0.0705882385
1
0.992156863
0.0823529437
0
0
0
0
0
0
0
0
0
0
0
0
0
0.329411775
0.949019611
0.827450991
0
0
0
0
0
0
0
0
0.552941203
0.992156863
0.741176486
0.0196078438
0
0
0
0
0
0
0
0
0
0
0
0
0
0.662745118
0.988235295
0.41568628
0
0
0
0
0
0
0
0.125490203
0.909803927
0.980392158
0.258823544
0
0
0
0
0
0
0
0
0
0
0
0
0
0.0588235296
0.882352948
0.988235295
0
0
0
0
0
0
0
0
0.525490224
0.988235295
0.827450991
0
0
0
0
0
0
0
0
0
0
0
0
0
0
0.0862745121
0.988235295
0.643137276
0
0
0
0
0
0
0
0
0.662745118
0.988235295
0.654901981
0
0
0
0
0
0
0
0
0
0
0
0
0
0
0.0352941193
0.800000012
0.819607854
0.0705882385
0
0
0
0
0
0
0.0862745121
0.992156863
0.992156863
0.419607848
0
0
0
0
0
0
0
0
0
0
0
0
0
0
0
0.662745118
0.988235295
0.78039217
0.333333343
0.333333343
0.333333343
0.333333343
0.505882382
0.643137276
0.764705896
0.988235295
0.988235295
0.41568628
0
0
0
0
0
0
0
0
0
0
0
0
0
0
0
0.160784319
0.666666687
0.960784316
0.988235295
0.988235295
0.988235295
0.988235295
0.909803927
0.905882359
0.984313726
0.988235295
0.988235295
0.0352941193
0
0
0
0
0
0
0
0
0
0
0
0
0
0
0
0
0
0.192156866
0.329411775
0.329411775
0.329411775
0.329411775
0
0
0.631372571
0.988235295
0.988235295
0
0
0
0
0
0
0
0
0
0
0
0
0
0
0
0
0
0
0
0
0
0
0
0
0
0.498039216
0.988235295
0.988235295
0.176470593
0
0
0
0
0
0
0
0
0
0
0
0
0
0
0
0
0
0
0
0
0
0
0
0
0.501960814
0.992156863
0.992156863
0
0
0
0
0
0
0
0
0
0
0
0
0
0
0
0
0
0
0
0
0
0
0
0
0
0.498039216
0.988235295
0.988235295
0
0
0
0
0
0
0
0
0
0
0
0
0
0
0
0
0
0
0
0
0
0
0
0
0
0.529411793
0.988235295
0.956862748
0
0
0
0
0
0
0
0
0
0
0
0
0
0
0
0
0
0
0
0
0
0
0
0
0
0.909803927
0.925490201
0.435294122
0
0
0
0
0
0
0
0
0
0
0
0
0
0
0
0
0
0
0
0
0
0
0
0
0
0.701960802
0.258823544
0
0
0
0
0
0
0
0
0
0
0
0
0
0
0
0
0
0
0
0
0
0
0
0
0
0
0
0
0
0
0
0
0
0
0
0
0
0
0
0
0
0
0
0
0
0
0
0
0
0
0
0
0
0
0
0
0
0
0
0
0
0
0
0
0
0
0
0
0
0
0
0
0
0
0
0
0
0
0
0
0
0
0
0
0
0
0
0
0
0
0
0
0
0
