0
0
0
0.000713745889
0.0412221886
0.170468509
0
0.000999244279
0.00777630322
0.0588490888
0.0220695846
0
0
0
5.70996708e-05
0
0
0
0
0
0
0.0645629168
0.100649625
0
0
0
0.000642371306
0
0
0
0
0.0377050601
0
0
0.00566351367
0
0
0.00119909307
0
0
0
0.19157654
0
0.0401971415
0.0309205297
0
0
0
0
0.000214123764
0
0.0117714917
0.0669434145
0.322293997
0.000456797366
0
0
0
0.00789309852
0
0
0
0.0650049448
0.0527186245
0.21291104
0.0579663105
0.000314048171
0
0.00654904218
0.0858582482
0.194522306
0
0
0.131524876
0.184821561
0.0839545056
0.273890287
0.0887133032
0.0850892514
0.167341411
0.107160084
0
0.0721844658
0
0
0.204433545
0.37101239
0.270229191
0
0
0
0
0
0.103832945
0
0
0
0.138443142
0.645910144
1.11484563
1.34373474
1.28828251
1.15102935
0.846606791
0.0472446643
0.0710434616
0
0
0
0
0.0346876308
0.15711084
0.362189472
0.34100461
0.287163317
0.166959792
0.0446148179
0.0492166802
0
0
0
0
0
0
0
0
0.0924765691
0.195621714
0.065453276
0.00710992981
0
0
0
0
0
0
0
0
0.458959937
0.713249624
0.662019134
0.233816266
0
0
0
0
0
0
0
0.104562357
0
0
0
0
0.0135370912
0
0
0
0
0
0
0.430896878
0
0
0
0
0.21909669
0
0
0
0
0
0.157654271
0.797310352
0
0
0
0
0.547437787
0
0
0
0
0.0945631191
1.22176158
0.88482976
0
0
0
0.452173501
0.602284133
0
0
0
0
0.696391284
1.27662408
0.31229189
0
0
0.153131232
1.05206954
0.517429292
0
0
0
0.171167985
0.930949867
1.07013738
0
0
0
0.697365403
1.13453186
0.153551966
0
0
0.287965357
0.396009505
0.0752658099
0.0256537087
0
0
0
0.788226366
0.896700203
0
0
0
0.45593375
1.10876441
0.931643128
0.359317243
0.640990794
0.550708413
0.236811191
0.848660409
0.874361515
0
0
0
0.250240445
1.2845614
1.58458757
1.51650965
1.69014966
1.54294872
0.533670425
0.627661169
0.709891617
0
0
0
0
0.0624307394
0.280203104
0.409017205
0.288095236
0.109225124
0
0.772046268
0.626677454
0
0
0
0
0
0
0
0
0.512073219
1.27342677
1.26317465
0.392175198
0
0
0
0
0
0
0
0
1.02030969
1.43802261
1.0902456
0.00738388766
0
0
0
0
0
0
0
0.255174309
0
0
0
0.0876003727
0.024908673
0
0
0
0
0.358219057
0.705529928
0.742345452
0
0.132448703
0.302253306
0.531243205
0.242678836
0
0
0
0
0.75702709
1.23648906
0.851501226
0
0.146018073
0.657063723
0.918784618
0.445399404
0
0
0
0.368157953
1.37927973
1.42698836
0.514163017
0
0.218248501
1.15198314
1.27665055
0.57569617
0
0
0.10420493
0.978411794
1.33793807
0.937137246
0.190742269
0
0.603594959
1.51739109
1.42215753
0.425837576
0
0
0.339988083
1.05932403
1.27800024
0.616644144
0.0380659625
0.129347965
1.07039118
1.42677677
1.10608673
0.18488045
0
0
0.351629764
1.00118756
0.967288136
0.830549717
0.581652701
1.05716848
1.84764624
1.67057598
0.951720655
0.047402896
0
0
0.18512547
1.15911818
1.65486097
1.52967215
1.56482995
1.6598767
1.75201273
1.65906453
0.690589368
0
0
0
0.0121087013
0.1208639
0.62396282
0.72056675
0.575107098
0.900154173
1.61302781
1.58844471
0.641088426
0
0
0
0
0.00276366947
0
0.0422490165
0.0766668543
0.656440437
1.54245138
1.5906893
0.583696067
0
0
0
0
0
0
0
0
0.780634344
1.56691194
1.30188072
0.325077653
0
0
0
0
0
0
0
0
0.413319558
0.416362256
0.351738423
0.141255021
0
0
0
0
0
0.101882435
0.141958863
0
0
0.0369102061
0.0337697119
0.0231717229
0
0
0
0
0.00210915459
0.0638269931
0.546465218
0.0680504888
0
0.078073822
0.0407694131
0.235001698
0
0
0
0
0.103814147
0
0.698373377
0
0
0
0.429669589
0.638666332
0
0
0
0.0442922451
0.0886070579
0.722674668
0.797707736
0
0
0.0743567273
0.665208519
0.830885828
0
0
0
0.0891539007
0
1.04493833
0.269381672
0.0259891674
0.0706727281
0.084774144
1.05791008
0.781153858
0
0
0
0.0116078714
0.819452584
1.15292716
0
0.0129934838
0.0407519825
0.073473759
1.11858678
0.154143468
0.00726181036
0
0
0
1.05881417
0.826203704
0.0102837803
0.00927614048
0.0414157137
0.466919929
1.004408
0
0.0161805656
0
0
0.00566459727
0.418049395
0.50835371
0.0757456571
0.186143175
0.31492269
0.973351657
0.951726019
0
0
0
0
0.0599579401
0.0985596403
0.272574097
0.291561872
0.327783257
0
0.959080756
0.819853604
0.0476374179
0
0
0
0
0.030840585
0.0664645508
0.0781779513
0.0511772186
0
1.08962226
0.866156578
0.0110322032
0
0
0
0
0
0
0
0
0
1.11631644
0.632642925
0
0
0
0
0
0
0
0
0
0.250509113
0.809273243
0
0.0272127688
0
0
0
0
0
0.203985542
0.212662488
0.176299065
0
0.0479174592
0.0907610655
0.0449614786
0.00346722221
0
0
0
0.00273814052
0.402795017
0.75255239
0.401315808
0
0.0713942647
0.689943552
0.406833351
0.209815219
0
0
0
0.177386776
1.01454651
1.6251173
0.299720436
0
0.181738257
1.25892425
0.888920188
0.252371758
0
0
0.057500951
0.49553746
1.74282515
1.75507009
0.0208287537
0
0.319581062
1.87161493
1.27584565
0.141486898
0
0
0.0915553346
1.36041522
1.86365712
0.792568505
0
0.0780513957
0.84656173
2.01068568
1.32158947
0
0
0
0.179993019
1.97462451
1.70978332
0.0580657944
0
0.129365623
1.68562984
2.17598438
0.717271328
0
0
0
0.243295565
2.10430098
1.41805053
1.01009083
0.875895739
1.20767748
2.62235093
2.00875473
0.165967345
0
0
0
0.229685366
1.1726166
1.11075127
1.20486665
1.17966878
1.70070839
2.63834524
1.6990416
0.0785568133
0
0
0
0.107919432
0.75015974
0.920963049
0.71388799
0.746722817
1.19354534
2.11031914
1.23071742
0.110058978
0
0
0
0
0.0257975776
0.130639225
0.150617316
0.0730753839
1.00841129
2.2319181
1.22984743
0.0506410226
0
0
0
0
0
0
0
0
0.964371562
1.90670848
0.998527288
0
0
0
0
0
0
0
0
0
0.72586906
1.22902298
0
0
0
0
0
0
0
0.235760465
0.159552157
0
0
0.0636866614
0.0711328834
0.00624590972
0
0
0
0
0.00363923796
0.731893241
0.583382726
0
0
0.162517995
0.495545566
0
0
0
0
0
0.249962136
1.36193919
0.589900851
0
0
0.485958159
1.09849942
0
0
0
0
0.0764239952
0.905117095
1.26689208
0
0
0
0.729279995
1.59548867
0
0
0
0
0.304197311
1.3818444
0.986443102
0
0
0.123069085
1.42381012
1.60326147
0
0
0
0
0.703825831
1.5985868
0.0596368872
0
0
0.419888049
1.56924856
1.01619184
0
0
0
0
0.810846925
1.58212686
0.445064723
0.120964684
0.29095155
0.882844448
1.57748425
0.307267725
0
0
0
0
0.580802739
1.07043469
0.740630865
0
0
0.665156007
1.11008811
0
0
0
0
0
0.15589422
0.879868269
0.90920794
0.628794551
0.441488653
1.59852517
1.91933346
0
0
0
0
0
0
0.0318792462
0.164147004
0.198858991
0.111905947
1.46228921
1.93558133
0
0
0
0
0
0
0
0
0
0
1.37664199
1.50951684
0
0
0
0
0
0
0
0
0
0
0.857859373
0.584758162
0
0
0
0
