2.07254505
0
2.92547584
0.887686968
2.30104208
0.342433453
2.76607394
0.164218709
0.566524744
0
3.17276883
0
0
0.502954423
3.74092293
0
1.08109593
1.7965486
0.555562317
1.47662568
0.00599925499
0.485217065
1.22281861
1.29423714
1.40238464
1.6595329
1.37057436
0.263907015
0
0
0
0.179210961
0
0
0
0
0
0
0
0
2.22303414
2.92172623
0.242935166
0
2.86263299
3.75049257
1.21465707
0
3.03008747
1.15748656
1.16514266
2.60673571
3.10776711
0
2.64463925
3.27414918
2.68843913
0
3.45503664
0.780862927
0
0
2.67299652
0
1.04315281
0.946810484
0.480305761
1.30467331
1.24487686
0.9937976
0.933796167
1.7729845
1.66988432
0.977813721
1.5836668
1.85117006
0.20789519
0.124612711
3.05831337
2.89524317
0
1.46260071
0.211261272
0.31801483
1.98683023
2.16185546
0
1.36106288
1.06780279
0
1.54280245
2.03495121
1.69069266
0.821505189
0.0642356575
0.743043959
2.7153182
0.493349999
2.28594446
1.70289874
3.2061851
0.539940834
3.71307802
1.76938021
0.612322152
1.58015561
3.69312644
0.205713406
0.235374987
1.67252266
3.28831363
0
0.0955334231
0.122674197
0.306258738
0.484957784
1.06264758
0
0
0
3.46697736
2.94714952
1.96211565
0.547051311
0
1.00257289
1.40383923
1.57285142
0.845221579
1.84799373
2.85380816
0
0
3.03399777
2.83610749
0.492093503
0
2.21836448
0.897450507
2.61420369
0
1.64175844
1.11037421
2.46309114
1.41406536
1.86569607
0.263977468
2.30064964
3.18971324
2.35772967
1.36895669
2.64795828
2.27003264
0.961534381
1.77743626
2.93537116
0
0
0.750779808
1.95263386
1.49903047
0
1.99464405
0
0
3.60219646
2.93059897
0
0
1.09325027
0
0.936373293
0
0
0
0.749509096
0.996721566
0.686514199
0.851825595
0.925127149
0.713680744
0.873284042
0.845330179
0.0767375082
2.37747478
3.70177054
2.29752111
0.715323448
0.381834239
0
0
1.22366869
0
3.73472166
0.348597676
3.34299421
1.11696804
3.22085881
0
4.35278702
0.368850946
0.847119391
0
3.87364244
1.09709311
1.74064493
0
3.95316672
0.919994175
1.79330683
0
3.06340528
1.82066953
1.11985528
0
2.60240531
2.33227301
1.65911686
1.92902827
3.21013451
0
0
2.40561891
4.36475611
1.35705507
1.79006648
0
1.13493931
1.82327056
0.0616203435
0.850857913
1.73176622
1.14226735
0.761988461
2.31352115
1.70483577
1.10085571
0
2.45816088
2.99819851
0.376779646
0.194731459
0.516856313
0.479711294
0.590565622
0
0
0
2.37400961
2.47456789
2.12173891
0.507309437
0.477705806
0
1.21592987
0.869662225
