2.62253499
1.74268234
0
1.38305771
2.54631972
4.18148899
0
0
1.51012599
0.777395487
0
2.96825981
0
0
2.65823698
0
0
0.236732244
2.21001315
2.36475801
0
0
0.505586863
3.44658732
3.32397008
0
4.43139553
0
0
1.70345688
2.41391969
0
4.78325033
1.42002594
0
0
5.2577939
3.62153196
0
2.00787377
0
0
0
0
1.21323061
1.99575353
0
5.33309126
0
0
2.72206116
0
0
0
0
0
0
0
1.29010856
0
0
2.06359625
5.11547661
0
2.21360064
1.10421336
4.00755596
5.6736455
0
0
3.56895208
0
2.43407941
2.97223568
2.68277287
0.402043939
0
6.94518328
0
0.910126686
0.161968172
0
0
0
0
1.1001811
2.97939444
2.05182028
0
7.84423923
5.8392868
0
4.61604404
0
0
4.08725977
0
1.49482036
0.717534125
0
3.16871619
0
0
0
0
2.10666442
0
0
0
3.78413439
0
2.22258234
0.164402366
0
0
0
5.21094942
0
0.869354904
8.23308563
