1.43888354
0.7261464
0
0
0.874353826
2.30791283
0.887686968
0
2.07254505
0
0
0
1.72292423
2.92547584
0.87719667
0
2.30104208
0
0
0.342433453
1.98421681
2.76607394
0.164218709
0
1.61097836
0
0
0
1.86871707
2.35809851
0
0
0.566524744
0
0
0
1.52667975
1.37215054
0
0
0
0
0
0
3.17276883
2.1742208
0
0
0
0
0
0.502954423
3.74092293
1.98179269
0
0
0
0
0
0
1.93636382
0.017497737
0
0
0.759368598
1.08109593
1.55462039
1.7965486
0.405431986
0.485504329
0.943741083
1.356848
0.864217043
0.555393219
1.47886181
0.682982504
0
0.555562317
0.677668154
1.47662568
0.00599925499
0
0.485217065
0
0
0.527081966
0.30834946
1.29423714
0
0
0.0339812599
0
0.621332943
1.22281861
0.661247373
0.868800163
0.0965114832
0.703652382
0.643681109
0.599836111
1.16399479
0.891445756
0.263907015
0.0513444878
0.577930272
1.40238464
1.6595329
1.63441241
1.37057436
0.547554195
0
0
0
0
0
0
0
0
0
0.179210961
0
0
0
0
0
0
0
0
0
0
0
0
0
0
0
0
0
0
0
0
0
0
0
0
0
0
0
0
0
0
0
0
0
0
0
0
0
0
0
0
0
0
0
0
0
0
0
0
1.70381212
2.22303414
2.92172623
1.74547708
0.242935166
0
0
0
2.06552958
2.86263299
3.75049257
2.79904342
1.21465707
0
0
0
0
0
0
0
0
0
0
0
0
1.8940841
1.15748656
0
0
0.420990884
1.38601267
0.615546584
1.09921944
3.03008747
0.0451937355
0
0
1.16514266
2.60673571
0.307730973
2.47749949
2.37699437
0
0
0
1.98253644
3.27414918
0
3.10776711
0.332226336
0
0
0
2.64463925
2.40642738
0
2.68843913
0
0
0
0
2.71815872
0.780862927
0
0.846197367
0
0
0
1.33702314
3.45503664
0.349888533
0
0
0
0
0
1.05851102
2.67299652
0
0
0
0
0
0
0
0.630966604
0
0
0
0.783360004
0.946810484
0.0552414209
0
0.151474997
0.675537527
0.620403826
0.0264937542
1.04315281
0.919022322
0.0384638719
0
0.480305761
1.30467331
1.27607262
0.361880183
1.0019058
0.670405388
0.29630515
0
0.595498383
1.70546758
1.58373463
0.91225636
1.24487686
0.9937976
0.45608604
0.103528149
0.933796167
1.7729845
1.58847129
1.17928064
1.66988432
0.977813721
0
0
0.959724784
1.53245592
1.62665927
0.788688421
1.33364499
0.772509277
0
0
1.5836668
1.85117006
1.64937854
0
0.20789519
0.124612711
0
1.30663145
3.05831337
2.89524317
1.81437314
0
0
0
0
0.937941194
2.61747622
1.93902445
0.950891018
0
0
0
1.16450882
0.211261272
0
0
0
0
0
1.46260071
1.42387366
0
0
0
0.31801483
0
1.36279953
2.16185546
0
0
0
0
1.17349041
0.393909931
1.98683023
0.465935498
0
0
0
0.822096944
1.36106288
0.670933843
1.06780279
0
0
0
1.29386389
2.03495121
0.758924782
0.741739392
0.408513099
0
0
0.80509603
1.54280245
1.079983
0
1.69069266
1.34737933
0.821505189
0.544485867
0.0642356575
0
0.0280936472
0
1.25584686
0.876838386
0.108784832
0
0
0
0.743043959
0.663157105
1.34455776
2.10179186
0.493349999
0
0
1.00904942
0.977465987
0.446468353
2.7153182
2.19351959
0
0
0.4748272
2.28594446
1.70289874
0.0377384983
3.2061851
0.721229613
0
0
1.95602608
3.44869113
1.76938021
0
1.88362527
0
0
0.539940834
3.4278748
3.71307802
1.16427815
0
0.612322152
0
0.00678101508
1.58015561
3.69312644
2.49000883
0.205713406
0
0.0884038061
0
0
0.634023964
1.90300751
0.752682507
0
0
0.186153829
0
0
0.272655547
2.0222342
0.976335883
0
0
0.235374987
0
0
1.67252266
3.28831363
1.23492527
0
0
0.0116678681
0.0955334231
0.122674197
0
0
0.306258738
0.366084546
0.205718264
0
0.0357317179
0
0
0
0.111040108
0.290603638
0.484957784
0.26339978
0.0238816869
0
0
0
0
0
0
1.06264758
0.758047163
0
0
0
0
0
0
2.03752947
3.46697736
2.3193984
0.953966618
0.46056971
0
0
0
0
1.88118422
2.94714952
2.29268289
1.96211565
1.35813892
0.547051311
0
0
0
0.611116648
1.00257289
1.07678056
1.40383923
1.27985358
0
0
0
0
0
0
0.86045891
1.57285142
0.42081666
0.845221579
0
0
0.383240789
1.90687871
0.863349199
0
0
0.515170157
0
0
1.84799373
2.85380816
1.02886665
0
0
0
0
0.346647173
3.03399777
2.83610749
0.190172583
0
0
0
0
1.77940583
2.66486192
1.7430588
0
0
0.492093503
0
0
2.21836448
2.04687262
0.797282279
0
0
1.82187998
0
0
1.10496628
1.70516407
0.897450507
0
0
2.61420369
0
0
0
1.50090384
1.11037421
0
0
2.46309114
0
0
0
1.64175844
0.340438336
0
0
2.29290748
0.703049302
0.943735898
1.17179322
1.15660608
0.134411454
0.12884067
1.15932047
1.60504341
0.881029367
1.41406536
1.86569607
0.924248278
0
0.263977468
1.5886656
2.30064964
1.21530378
2.19639969
2.35772967
0.306191236
0
0.699417472
1.94149053
2.64795828
1.60803854
3.18971324
2.20026731
0
0
1.36895669
2.55695963
2.64064074
0.92446208
2.27003264
0.961534381
0
0
1.77743626
2.93537116
1.84963965
0
0
0
0
0
1.48694897
2.67823339
0.948073983
0
0
0
0
0
0.750779808
1.95263386
0.387007952
0
0
0
0
0
0.472159505
1.82320428
0.556992352
1.49903047
0
0
0
0.521611571
1.07268143
0
0
0.58953476
0
0
0
1.99464405
1.29023981
0
0
0
0
0
2.70907116
2.93059897
0.366046995
0
0
0
0
0.511277139
3.60219646
1.77767718
0
0
0
0
0
1.09325027
0.148988694
0
0
0
0
0
0
0
0
0
0
0
0.936373293
0
0
0
0
0
0
0
0.749509096
0
0
0
0
0
0
0
0
0.996721566
0.974769056
0.686514199
0.313412249
0.300861627
0.851825595
0.77443397
0.925127149
0.795775414
0.36295262
0.024263043
0
0.501829267
0.605971873
0.490959078
0.623063147
0.0627622008
0
0
0
0.506258905
0.260001302
0
0.0767375082
0.153349027
0.713680744
0.824522376
0.873284042
0.845330179
0.207929835
0
0
0.828363359
2.37747478
3.70177054
3.08560824
2.29752111
1.30872881
0.553999305
0.486672282
0
0
0.641244709
0.765525997
0.55306083
0.472422481
0.600235581
0.715323448
0
0
0
0
0
0
0.647208989
1.11700892
0.381834239
0
0
0
0
0
0.46194011
1.22366869
0
0
2.10051107
3.23736119
0.348597676
0
0
1.76767778
0
0
3.73472166
2.68107247
0
0
0
3.34299421
0
1.01118052
3.22085881
1.05289888
0
0
0
4.24941874
0
1.11696804
1.97065127
0
0
0
1.74195504
4.35278702
0
0.368850946
0.847119391
0
0
0
2.06313109
3.7452085
0
0
0.654058039
0
0
0
2.71299696
3.87364244
0.0378979109
0
0.648653328
0
0
0
3.52195001
3.92287993
1.06076312
1.09709311
1.74064493
0.93453449
0
0
3.95316672
2.82431054
0
0.919994175
1.79330683
0.923152328
0
0
2.1668818
2.52155542
0
0.724394977
1.4116025
0.51600486
0
0
2.3816185
3.06340528
0
0.965004742
1.11985528
0
0
0
1.64065051
2.60240531
0
1.82066953
1.05636442
0
0
0
1.56242704
1.9672128
0
2.33227301
1.65911686
0
0
0.709118545
2.3228569
1.52403927
0
0
0
0
0
1.92902827
3.21013451
1.16423774
0
0
0
0
0
2.40561891
4.06838942
1.6656183
0
0
0
0
0
1.84710288
4.36475611
2.25669646
0
0
1.04095542
0.4611139
0
0
0
0
0
1.35705507
1.79006648
0
0
0
0
1.13493931
0.978469729
1.82327056
0.0616203435
0
0
0
1.02860141
1.48079693
1.07990932
0.0952655971
0
0
0
0.850857913
1.73176622
0.96544838
0.967293739
0.328958869
0
0
1.06940627
2.31352115
1.70483577
0.530529201
1.05882847
1.14226735
0.761988461
0.00381560624
0.686184347
0.384366065
0.313645691
0
1.10085571
0.684059918
0
0
0
0
0.423944682
0.35247308
0.693774045
0.824796975
0
0
1.27312112
2.45816088
2.99819851
1.15136302
0.176827773
0.376779646
0.194731459
0
0
0.516856313
0.479711294
0
0.28496325
0.27901715
0
0
0
0.212508291
0.152491882
0
0.131155923
0
0
0
0
0
0
0
0.590565622
0.429831684
0
0
0
0
0
0
1.07824731
2.37400961
2.47456789
1.67133999
1.6280458
1.28724718
0.333634228
0
1.09738445
1.98796451
1.7722975
1.58057117
2.12173891
1.38784468
0.507309437
0
0.144126117
0
0
0
0
0
0
0
0.232467994
0.477705806
0
0
0.969500065
1.21592987
0.869662225
0.331036538
