0
4.96324158
0
1.98200011
1.25057912
8.31112099
0.510517597
0
0
4.17261314
0.886948586
0
0
7.47777176
0
2.59222126
1.31741965
0
0
6.19567108
4.75612831
5.85476685
0
5.14550495
3.52196693
1.69531262
1.92850614
4.14069843
5.35021639
5.97770739
2.4897294
0
0
0
4.44391918
0
6.54966593
1.91462779
3.64370084
0
0.918538928
0
3.44629574
2.65083504
0.308339119
0
0
0
0
4.20474148
4.44874716
6.10574436
1.86813152
4.69466114
5.54734135
0
4.66240406
4.15837383
0
0
0
3.85696316
0
0
0
0
4.50258207
1.23869228
1.64150739
2.34319568
0
0
0.564263344
5.39767838
2.81956768
0
3.48584008
6.30053425
3.57055807
0
2.60904908
2.59549809
0
0
