0
0
0
0
0
0
0
0
0
0
0
0
0
0
0
0
0
0
0
0
0
0
0
0
0
0
0
0
0
0
0.000713745889
0
0
0.0412221886
0.0811337456
0.170468509
0
0
0
0.000999244279
0
0.00777630322
0.0175551418
0.0588490888
0.0220695846
0
0
0
0
0
0
0
0
0
0
0
0
0
0
0
0
0
0
0
0
0
0
0.0645629168
0.100649625
0
0
0
0
0
0
0
0
5.70996708e-05
0
0
0
0
0
0
0
0
0
0
0
0
0
0
0
0.00837122183
0
0
0
0
0
0
0
6.63167593e-05
0
0
0
0
0
0
0
0
0
0
0
0
0
0
0
0.00566351367
0
0
0
0
0
0
0.000642371306
0
0
0
0
0
0
0
0
0
0
0.0377050601
0
0
0
0
0
0
0
0
0
0
0
0
0
0
0
0
0
0
0
0
0
0
0.000256948522
0.0401971415
0.0309205297
0
0
0
0
0
0
0
0
0
0
0.00119909307
0
0
0
0
0
0
0.0900615454
0.19157654
0
0
0
0
0
0
0
0
0
0
0
0
0
0
0
0
0
0
0
0.0117714917
0
0
0.322293997
0.142983645
0
0.000456797366
0
0
0
0
0
0
0
0
0
0
0
0
0.000214123764
0
0
0
0
0
0
0.0669434145
0.239463389
0.0131244482
0
0
0
0
0
0
0
0
0
0.00789309852
0
0
0
0
0
0
0
0
0
0
0
0.0993872061
0.0579663105
0
0
0
0
0
0
0
0
0.0858582482
0.137329996
0.0214791577
0
0
0
0
0
0
0
0.0650049448
0.0527186245
0
0.111163147
0.21291104
0
0
0.000314048171
0
0
0
0.00654904218
0
0
0.0670643598
0.194522306
0.00546851987
0
0
0
0
0
0.0181412697
0.120805778
0.119665273
0.0839545056
0
0.101331279
0.273890287
0.0887133032
0.0860260874
0.0850892514
0.0261876173
0.115155987
0.167341411
0.107160084
0
0
0
0.0721844658
0
0
0
0
0
0.0154322637
0.131524876
0.184821561
0.054723043
0.0102907894
0
0
0
0.0404969864
0.0282214098
0
0
0
0
0
0
0
0
0
0
0
0
0
0
0.0197022315
0.18411769
0.183774918
0.00420054048
0
0
0
0
0
0
0
0
0
0
0
0
0
0
0
0
0
0
0
0
0.00637119776
0.204433545
0.37101239
0.315309733
0.270229191
0
0
0
0
0
0
0
0
0
0
0
0
0.103832945
0
0
0
0
0
0
0
0.138443142
0.400532335
0.645910144
0.911125839
1.11484563
0.951680362
0.576322496
0.459030241
0.577954173
0.600087941
0.610222578
0.642206073
0.38718164
0.0109232264
0
0
0.0710434616
0
0
0
0
0
0
0
0.0290243439
0.150154427
0.350116521
0.608571112
0.953576744
1.25178945
1.34373474
1.28828251
1.22941852
1.15102935
0.990988553
0.846606791
0.526340663
0.0472446643
0
0
0
0
0
0
0
0
0
0
0
0
0.0346876308
0.0950906053
0.15711084
0.256363153
0.362189472
0.34100461
0.279931307
0.287163317
0.228831828
0.161031276
0.166959792
0.0182001647
0
0
0
0
0
0
0
0
0
0
0
0
0
0
0
0
0
0
0
0.046452105
0.106388755
0.148887902
0.154776275
0.0446148179
0
0
0.0492166802
0
0
0
0
0
0
0
0
0
0
0
0
0
0
0
0
0.0189762879
0.0924765691
0.118780524
0.0743798167
0
0
0
0
0
0
0
0
0
0
0
0
0
0
0
0
0
0
0
0
0
0.0781778395
0.194981217
0.195621714
0
0.065453276
0.00710992981
0
0
0
0
0
0
0
0
0
0
0
0
0
0
0
0
0
0.0970192552
0.310997009
0.565377951
0.591154933
0.402238935
0.497632951
0.233816266
0
0
0
0
0
0
0
0
0
0
0
0
0
0
0
0
0
0.246340469
0.458959937
0.561342061
0.713249624
0.662019134
0.404123217
0.121401146
0
0
0
0
0
0
0
0
0
0
0
0
0
0
0
0
0
0
0
0
0
0
0
0
0
0
0
0
0
0
0
0
0
0
0
0
0
0
0
0
0.104562357
0
0
0
0
0
0
0
0
0.0135370912
0
0
0
0
0
0
0
0
0
0
0
0
0
0
0.260747731
0
0
0
0
0
0
0
0
0.0982191637
0
0
0
0
0
0
0
0
0
0
0
0
0
0
0.430896878
0
0
0
0
0
0
0
0
0.21909669
0.00513475854
0
0
0
0
0
0
0
0
0
0
0
0
0.149260744
0.601207495
0
0
0
0
0
0
0
0
0.374591082
0.0173120778
0
0
0
0
0
0
0
0
0
0
0
0.157654271
0.797310352
0.395669013
0
0
0
0
0
0
0
0
0.547437787
0.0322596356
0
0
0
0
0
0
0
0
0
0
0.291874468
0.80994302
0.88482976
0.232391
0
0
0
0
0
0
0
0.114455171
0.569468677
0.0499754697
0
0
0
0
0
0
0
0
0
0.0945631191
0.762757182
1.22176158
0.693731248
0.0430109054
0
0
0
0
0
0
0
0.452173501
0.602284133
0.0475326777
0
0
0
0
0
0
0
0
0
0.431211978
1.01651931
1.15378881
0.31229189
0
0
0
0
0
0
0
0.261591643
0.867335975
0.517429292
0.0303051881
0
0
0
0
0
0
0
0
0.0245404206
0.696391284
1.27662408
0.669083118
0
0
0
0
0
0
0
0.153131232
0.813117623
1.05206954
0.357118607
0.0150796697
0
0
0
0
0
0
0
0
0.215718329
0.930949867
1.07013738
0.243555784
0
0
0
0
0
0
0
0.510704517
1.13453186
0.970348239
0.153551966
0
0
0
0
0
0
0
0
0.171167985
0.219792262
0.890747726
0.811811566
0.0241929647
0
0
0
0
0
0
0
0.697365403
1.09508705
0.718314707
0
0
0
0
0
0
0
0.00184759405
0.0700426772
0
0
0.0752658099
0.0256537087
0
0
0
0
0
0
0
0
0.725670993
0.896700203
0.425909281
0
0
0
0
0
0
0.0359902605
0.287965357
0.396009505
0
0
0
0
0
0
0
0
0
0
0
0.283194125
0.788226366
0.860049486
0.228651017
0
0
0
0
0
0
0.035695076
0.45593375
0.742326498
0.409491986
0
0
0
0
0
0
0
0
0
0
0.501550317
0.848660409
0.874361515
0.118601255
0
0
0
0
0
0
0.011466871
0.407190681
0.979105949
1.10876441
0.931643128
0.562046289
0.337547481
0.359317243
0.425587177
0.640990794
0.550708413
0.449765921
0.223406509
0.236811191
0.595775366
0.651174128
0.724684
0.0847372264
0
0
0
0
0
0
0
0.250240445
0.750351906
1.2845614
1.58458757
1.55133367
1.47821629
1.47564137
1.60968912
1.69014966
1.54294872
1.11095226
0.533670425
0.201510102
0.344620824
0.627661169
0.709891617
0
0
0
0
0
0
0
0
0.0522379689
0.270385087
0.629606903
1.05797374
1.38857615
1.47819328
1.51650965
1.44958699
1.29344583
1.11034107
0.750567079
0.280586302
0
0.130172223
0.541904092
0.633417249
0.0296480171
0
0
0
0
0
0
0
0
0
0.0624307394
0.171308115
0.280203104
0.385437965
0.409017205
0.288095236
0.17789413
0.109225124
0
0
0
0.215009898
0.559775412
0.626677454
0.0422722735
0
0
0
0
0
0
0
0
0
0
0
0
0
0
0
0
0
0
0
0
0.514295697
0.772046268
0.5973593
0
0
0
0
0
0
0
0
0
0
0
0
0
0
0
0
0
0
0
0.421274245
0.577190101
1.02805674
0.882029831
0.392175198
0
0
0
0
0
0
0
0
0
0
0
0
0
0
0
0
0
0.0252848715
0.512073219
1.25968659
1.27342677
1.26317465
0.782586992
0.211092263
0
0
0
0
0
0
0
0
0
0
0
0
0
0
0
0
0
0.332640231
1.02030969
1.43802261
1.25991106
1.0902456
0.513067901
0.00738388766
0
0
0
0
0
0
0
0
0
0
0
0
0
0
0
0
0
0.448037684
0.935363054
0.956552088
0.842236519
0.534260452
0.104774445
0
0
0
0
0
0
0
0
0
0
0
0
0
0
0
0
0
0
0
0
0
0
0
0
0
0
0
0
0
0
0
0
0
0
0
0
0
0
0
0
0.255174309
0.192398027
0
0
0
0
0
0
0.050289996
0.0876003727
0.024908673
0
0
0
0
0
0
0
0
0
0
0.0887359083
0.114159249
0.288352937
0.550458372
0.235557228
0
0
0
0
0
0
0.148588464
0.326301217
0.14910771
0
0
0
0
0
0
0
0
0
0.0571811274
0.358219057
0.500313282
0.705529928
0.742345452
0.422280192
0
0
0
0.132448703
0.269004911
0.302253306
0.358317673
0.531243205
0.242678836
0.00944811758
0
0
0
0
0
0
0
0
0.126037598
0.549898624
0.88089329
1.01101255
0.851501226
0.276167214
0
0
0
0.146018073
0.469159454
0.546439528
0.566574633
0.7236166
0.412233055
0.0198614877
0
0
0
0
0
0
0
0
0.22012715
0.75702709
1.23648906
1.21049547
0.744272768
0.314032048
0
0
0
0.10146185
0.49698928
0.657063723
0.818518341
0.918784618
0.445399404
0.0306322519
0
0
0
0
0
0
0
0.118242092
0.532455921
1.14682949
1.42698836
0.933932662
0.514163017
0.208165839
0
0
0
0.14622353
0.558144331
0.803695202
1.03714061
1.14447308
0.57569617
0.0355476961
0
0
0
0
0
0
0.0391707793
0.368157953
0.904286265
1.37927973
1.19245887
0.6854949
0.358416319
0.134815514
0
0
0
0.218248501
0.720566869
1.15198314
1.27665055
1.15107059
0.529477537
0.0266431123
0
0
0
0
0
0.00266797142
0.234636962
0.698475003
1.23339081
1.33793807
0.937137246
0.466380686
0.190742269
0.0925674289
0
0
0.0237158034
0.358415306
0.978545845
1.44034994
1.42215753
1.00366783
0.425837576
0.0268774312
0
0
0
0
0
0.10420493
0.464668781
0.978411794
1.33491659
1.29917812
0.75998354
0.352542371
0.142064929
0.0086187087
0
0
0.168366134
0.603594959
1.2522949
1.51739109
1.35392332
0.77910316
0.285653561
0.0127938222
0
0
0
0
0.00357249449
0.218002319
0.729142129
1.05932403
1.27800024
1.10798788
0.608756781
0.211375311
0.0380659625
0
0
0.0658203587
0.386271358
0.923960745
1.34740198
1.40851593
1.10608673
0.642466486
0.18488045
0.0135515667
0
0
0
0
0.0250551514
0.339988083
0.831374526
0.978171587
1.00933921
0.999471068
0.616644144
0.134545282
0
0
0
0.129347965
0.546453178
1.07039118
1.42464948
1.42677677
0.986797631
0.46568808
0.116549991
0.00359112862
0
0
0
0
0.024227839
0.351629764
0.805366755
0.812585294
0.763068438
0.932070374
0.603395402
0.215456188
0.0217658114
0
0
0.283508897
0.930719972
1.45490694
1.57340503
1.35001385
0.951720655
0.37549597
0.047402896
0
0
0
0
0
0.0088333413
0.318296611
0.839372754
1.00118756
0.953668952
0.967288136
0.830549717
0.486682683
0.501358986
0.581652701
0.710638106
1.05716848
1.56176925
1.84764624
1.67057598
1.4783895
0.829731405
0.214352116
0
0
0
0
0
0
0.00180648384
0.18512547
0.671024919
1.15911818
1.44382966
1.65486097
1.52967215
1.47869241
1.46921027
1.56482995
1.6598767
1.64771843
1.73257995
1.75201273
1.65906453
1.36709714
0.690589368
0.176479727
0
0
0
0
0
0
0.000507612771
0.0507133789
0.267454863
0.615825653
1.06519806
1.37977839
1.5126282
1.44674861
1.40177834
1.32030332
1.32338774
1.44295061
1.58258438
1.59253728
1.50080931
1.28427231
0.683245778
0.0904962718
0
0
0
0
0
0
0
0.0121087013
0.0204452313
0.1208639
0.315617383
0.62396282
0.72056675
0.690552831
0.575107098
0.452982754
0.523877144
0.900154173
1.30527985
1.53657353
1.52520835
1.34271252
0.641088426
0.0808383375
0
0
0
0
0
0
0
0.00231245812
0.00274628843
0
0.0138180079
0.0919596255
0.223277092
0.278279215
0.266181111
0.220804289
0.37217778
0.804366708
1.32508695
1.61302781
1.58844471
1.34187901
0.586529553
0.0437421389
0
0
0
0
0
0
0
0
0
0.00276366947
0
0
0
0.0422490165
0.0626491979
0.0766668543
0.238063231
0.656440437
1.10828948
1.39435613
1.51675248
1.28764272
0.583696067
0
0
0
0
0
0
0
0
0
0
0
0
0
0
0
0
0
0.127687708
0.573411822
1.11237299
1.54245138
1.5906893
1.13494277
0.457227916
0.0323201567
0
0
0
0
0
0
0
0
0
0
0
0
0
0
0
0
0.230574101
0.753058255
1.24575579
1.56691194
1.30188072
0.749620318
0.325077653
0
0
0
0
0
0
0
0
0
0
0
0
0
0
0
0
0
0.327916145
0.780634344
1.04736614
0.924023747
0.707675695
0.497951299
0.198224261
0
0
0
0
0
0
0
0
0
0
0
0
0
0
0
0
0
0.153553873
0.413319558
0.416362256
0.294219762
0.351738423
0.259691805
0.141255021
0
0
0
0
0
0
0
0
0
0
0
0
0
0
0
0
0
0.0243353304
0.0824312121
0.0177347548
0.107242867
0.186572194
0.171863467
0.0797230527
0
0
0
0
0
0
0
0
0
0
0
0
0
0
0
0
0
0
0
0
0
0
0
0
0
0
0
0
0
0
0
0
0
0
0
0.0263644326
0.101882435
0
0.141958863
0
0
0
0
0
0.0369102061
0
0.0337697119
0.0231717229
0
0
0
0
0
0
0
0
0
0
0
0.0638269931
0.0623248853
0
0.144650161
0
0
0
0
0
0.078073822
0.012118022
0.0263387412
0.0995291993
0
0
0
0
0
0
0
0
0
0
0.00210915459
0.0259163696
0
0.0204658117
0.546465218
0.0680504888
0
0
0
0
0
0
0.0407694131
0.235001698
0
0
0
0
0
0
0
0
0
0
0.0363849215
0
0
0.522677898
0.645679235
0
0
0
0
0
0
0
0.229433626
0.571950197
0
0
0
0
0
0
0
0
0
0.0237279888
0.103814147
0
0
0.698373377
0.595005691
0
0
0
0
0
0
0
0.429669589
0.638666332
0
0
0
0
0
0
0
0
0
0.0886070579
0
0
0.052617982
0.775770426
0.495723128
0
0
0
0
0.0094911959
0
0
0.50421381
0.830885828
0
0
0
0
0
0
0
0
0.0442922451
0.0323208794
0
0
0.722674668
0.797707736
0.0888247192
0
0
0
0
0.0743567273
0
0
0.665208519
0.825821519
0
0
0
0
0
0
0
0
0.0891539007
0
0
0.433735579
0.980030179
0.269381672
0
0
0.0259891674
0
0.0168732367
0.084774144
0
0
0.85903883
0.781153858
0
0
0
0
0
0
0
0.00790932961
0
0
0
1.04493833
0.669965267
0
0
0.0196971912
0.00294192089
0
0.0706727281
0
0
0.0815154314
1.05791008
0.536890864
0
0
0
0
0
0
0
0.0116078714
0
0
0.343279749
1.15292716
0.286502451
0
0
0.0129934838
0
0
0.0407519825
0
0
0.62174499
1.09098637
0.154143468
0
0
0.0022890768
0
0
0
0
0
0
0
0.819452584
1.08247709
0.0480952822
0
0
0
0
0.01160035
0
0
0.073473759
1.11858678
0.646657705
0
0
0.00726181036
0.00122580037
0
0
0
0
0
0
0
1.05881417
0.826203704
0
0
0
0.00510363095
0.00927614048
0.0414157137
0
0
0.166792169
0.95526433
0.430483431
0
0
0.0161805656
0
0
0
0
0
0
0
0
0.763793528
0.716224015
0.118704505
0
0.0102837803
0
0
0
0
0
0.466919929
1.004408
0.184565455
0
0
0
0
0
0
0
0
0.00365909818
0
0
0.418049395
0.50835371
0.147659481
0.0356089696
0
0
0
0
0
0.351316541
0.973351657
0.951726019
0.0626894608
0
0
0
0
0
0
0
0
0.00566459727
0
0
0
0.241306588
0.0935613215
0.0466071032
0.0757456571
0.133801818
0.186143175
0.244954228
0.31492269
0.329777718
0.887828052
0.794132292
0
0
0
0
0
0
0
0
0
0
0.0599579401
0
0.0720004365
0.125274315
0.190614179
0.165051445
0.15135552
0.276942313
0.270811856
0
0
0.0830435157
0.94484514
0.710137427
0
0
0.0476374179
0
0
0
0
0
0
0
0.0258053876
0.0985596403
0.0895895362
0.170767978
0.272574097
0.291561872
0.263584942
0.327783257
0.225951463
0
0
0.245263711
0.959080756
0.819853604
0
0
0
0
0
0
0
0
0
0
0
0
0.030840585
0.0427847691
0.0664645508
0.0754813105
0.0781779513
0.033888977
0.0511772186
0
0
0.169024527
0.960481405
0.866156578
0
0
0
0
0
0
0
0
0
0
0
0
0
0
0
0
0
0
0
0
0
0.143499628
1.08962226
0.603476405
0
0
0.0110322032
0
0
0
0
0
0
0
0
0
0
0
0
0
0
0
0
0
0
0.140745327
1.02916455
0.632642925
0
0
0
0
0
0
0
0
0
0
0
0
0
0
0
0
0
0
0
0
0
0.489654899
1.11631644
0.533895969
0
0
0
0
0
0
0
0
0
0
0
0
0
0
0
0
0
0
0
0
0.0443652198
0.809273243
0.60248065
0
0
0
0
0
0
0
0
0
0
0
0
0
0
0
0
0
0
0
0
0
0.250509113
0.383159578
0.0288640372
0
0
0.0272127688
0
0
0
0
0
0
0
0
0
0
0
0
0
0
0
0
0
0
0
0
0
0
0
0
0
0
0
0
0
0
0
0
0
0
0
0.0342267565
0.203985542
0.212662488
0
0.176299065
0.0267813019
0
0
0
0.0479174592
0.0907610655
0.00942955352
0.0449614786
0.0304196551
0.00346722221
0
0
0
0
0
0
0
0
0
0.0614595115
0.24536705
0.534549773
0.342609972
0.367710918
0.265621781
0
0
0
0.0713942647
0.337092727
0.253243893
0.14092809
0.235926777
0.0508989394
0
0
0
0
0
0
0
0
0.00273814052
0.0825894699
0.402795017
0.75255239
0.738870561
0.401315808
0.256383717
0
0
0
0
0.367550403
0.689943552
0.346282542
0.406833351
0.209815219
0.00131515332
0
0
0
0
0
0
0
0.0455233864
0.179169476
0.663435042
1.23476589
1.03786325
0.299720436
0.163478687
0
0
0
0.0597811081
0.457940906
0.963715136
0.565022171
0.346286625
0.252371758
0.0141984224
0
0
0
0
0
0
0.0308040809
0.177386776
0.421287805
1.01454651
1.6251173
1.07837403
0.196105614
0
0
0
0
0.181738257
0.76849854
1.25892425
0.888920188
0.309381217
0.232895464
0.0240046866
0
0
0
0
0
0
0.0957695842
0.290147811
0.653074861
1.46168864
1.75507009
0.795988321
0.0208287537
0
0
0
0.0123216324
0.225636706
1.01319337
1.55067754
1.16719317
0.405473202
0.141486898
0.0192930344
0
0
0
0
0
0.057500951
0.17603834
0.49553746
1.13690066
1.74282515
1.45190787
0.366999775
0
0
0
0
0.0888265297
0.319581062
1.07661927
1.87161493
1.27584565
0.445238262
0.0856883526
0.00849954505
0
0
0
0
0
0.0797861144
0.351674438
0.832568765
1.73230886
1.79279125
0.792568505
0.10270562
0
0
0
0.0219051242
0.129802704
0.596988797
1.35913634
2.01068568
1.32158947
0.264067948
0
0
0
0
0
0
0.010268026
0.0915553346
0.604001045
1.36041522
1.86365712
1.39710367
0.279564887
0
0
0
0
0.0780513957
0.246946633
0.84656173
1.86972225
1.94109964
1.12867165
0.0638051778
0
0
0
0
0
0
0.00864900183
0.144631341
0.895480573
1.79082966
1.70978332
0.822177827
0.0580657944
0
0
0
0
0.0563475676
0.467297435
1.2661525
2.17598438
1.76038349
0.717271328
0
0
0
0
0
0
0
0
0.179993019
1.23009181
1.97462451
1.35108089
0.467529118
0
0
0
0
0.0150597729
0.129365623
0.769662976
1.68562984
2.15265274
1.42338562
0.324764401
0
0
0
0
0
0
0
0.00166165817
0.243295565
1.32445681
2.10430098
1.22351038
0.418999344
0.330729783
0.176794514
0.224981129
0.293511569
0.328246176
0.417834282
1.22321784
2.21966839
2.00875473
1.09685147
0.165967345
0
0
0
0
0
0
0
0.0174803585
0.223301128
1.08629632
1.82898271
1.41805053
0.882803738
0.917188644
1.01009083
0.85864538
0.875895739
0.978580654
1.20767748
1.92221844
2.62235093
1.94405878
0.8689785
0.0848506987
0
0
0
0
0
0
0
0.0157410502
0.229685366
0.705416799
1.1726166
1.11075127
0.770400047
0.90437609
1.20486665
1.17966878
1.0820564
1.25895357
1.70070839
2.31509733
2.63834524
1.6990416
0.631248355
0.0389723517
0
0
0
0
0
0
0
0.00473833084
0.19056049
0.637188375
0.909855366
0.886612773
0.60181582
0.499888211
0.716317117
0.860252738
0.829153419
0.823815763
1.37958491
2.00808716
2.20834708
1.49087369
0.41811043
0.0785568133
0
0
0
0
0
0
0
0
0.107919432
0.412395924
0.75015974
0.920963049
0.83126539
0.71388799
0.675236702
0.744120419
0.746722817
0.705385149
1.19354534
1.92060637
2.0421164
1.23071742
0.390485585
0.110058978
0
0
0
0
0
0
0
0
0.021585729
0.124683917
0.309499562
0.506712854
0.632605672
0.599826336
0.533778071
0.468457043
0.335719407
0.362475276
1.01782775
1.94962275
2.11031914
1.10502803
0.357522309
0.0600516684
0
0
0
0
0
0
0
0
0
0
0.0257975776
0.0862713456
0.130639225
0.150617316
0.134080693
0.0730753839
0.000994945411
0.149722904
0.898750365
1.9498316
2.2319181
1.20194757
0.326570749
0.0486308187
0
0
0
0
0
0
0
0
0
0
0
0
0
0
0
0
0
0.218908325
1.00841129
1.81985986
2.16687179
1.22984743
0.191362485
0.0506410226
0
0
0
0
0
0
0
0
0
0
0
0
0
0
0
0
0
0.140718758
0.964371562
1.75954258
1.90670848
0.998527288
0
0
0
0
0
0
0
0
0
0
0
0
0
0
0
0
0
0
0
0.037735682
0.786810994
1.65393281
1.30699086
0.439907253
0
0
0
0
0
0
0
0
0
0
0
0
0
0
0
0
0
0
0
0.166695714
0.72586906
1.22902298
0.630935788
0
0
0
0
0
0
0
0
0
0
0
0
0
0
0
0
0
0
0
0
0.204850867
0.598988533
0.58004576
0.199080765
0
0
0
0
0
0
0
0
0
0
0
0
0
0
0
0
0
0
0
0
0
0
0
0
0
0
0
0
0
0
0
0
0
0
0
0
0
0
0.0454904735
0.235760465
0.159552157
0.0709653422
0
0
0
0
0
0.0636866614
0.0711328834
0.0414387994
0.00624590972
0
0
0
0
0
0
0
0
0
0
0
0.111891031
0.345622182
0.398411274
0
0
0
0
0
0
0.137177527
0.318537623
0.166701987
0
0
0
0
0
0
0
0
0
0
0
0.00363923796
0.234218791
0.731893241
0.583382726
0
0
0
0
0
0
0.162517995
0.495545566
0.302512407
0
0
0
0
0
0
0
0
0
0
0
0.0629211813
0.461164206
1.12111509
0.589900851
0
0
0
0
0
0
0.333275676
0.771861315
0.465621889
0
0
0
0
0
0
0
0
0
0
0.0409414247
0.249962136
0.807234824
1.36193919
0.446171254
0
0
0
0
0
0
0.485958159
1.09849942
0.732458413
0
0
0
0
0
0
0
0
0
0
0.154471666
0.458975971
1.10343444
1.14309692
0
0
0
0
0
0
0.0163765699
0.568032086
1.43610799
1.01376021
0
0
0
0
0
0
0
0
0
0.0764239952
0.324828386
0.905117095
1.26689208
0.49926877
0
0
0
0
0
0
0.12893261
0.729279995
1.59548867
0.887346029
0
0
0
0
0
0
0
0
0
0.156788662
0.648110509
1.2657764
0.986443102
0
0
0
0
0
0
0.0291139036
0.254577607
1.09558702
1.60326147
0.612784863
0
0
0
0
0
0
0
0
0.0136471419
0.304197311
1.08721519
1.3818444
0.462072015
0
0
0
0
0
0
0.123069085
0.516159296
1.42381012
1.42573047
0.209164664
0
0
0
0
0
0
0
0
0.0205570348
0.529193461
1.37150919
1.21037257
0.0596368872
0
0
0
0
0
0
0.190517873
0.909083366
1.56786537
1.01619184
0
0
0
0
0
0
0
0
0
0.0239469819
0.703825831
1.5985868
0.965752602
0
0
0
0
0
0
0.0200158078
0.419888049
1.31319678
1.56924856
0.644916058
0
0
0
0
0
0
0
0
0
0.0390817933
0.810846925
1.58212686
1.01588142
0.0572312959
0
0
0.0251965169
0.163171574
0.223142475
0.288908958
0.739922941
1.57748425
1.40283215
0.307267725
0
0
0
0
0
0
0
0
0
0.0433904231
0.704643965
1.36759996
1.0457108
0.445064723
0
0
0.120964684
0.259363413
0.29095155
0.34865585
0.882844448
1.40604913
0.914513767
0
0
0
0
0
0
0
0
0
0
0.0243982561
0.580802739
1.07043469
0.984224081
0.406748205
0
0
0
0
0
0
0.600507379
0.981411576
0.421116203
0
0
0
0
0
0
0
0
0
0
0.00585537171
0.368384004
0.850208759
1.02693999
0.740630865
0.149703428
0
0
0
0
0
0.665156007
1.11008811
0.526111066
0
0
0
0
0
0
0
0
0
0
0
0.15589422
0.478360564
0.879868269
0.90920794
0.67450583
0.390743494
0.27733928
0.178324729
0.14307408
0.585405409
1.29701936
1.70758498
0.682302892
0
0
0
0
0
0
0
0
0
0
0
0.0266744718
0.135119125
0.365552276
0.631136835
0.685026646
0.628794551
0.575196028
0.441488653
0.382057905
0.84443742
1.59852517
1.91933346
0.789916456
0
0
0
0
0
0
0
0
0
0
0
0
0
0.0318792462
0.083951734
0.164147004
0.198858991
0.177747607
0.111905947
0.0616746396
0.462242067
1.40048361
1.93558133
0.866342485
0
0
0
0
0
0
0
0
0
0
0
0
0
0
0
0
0
0
0
0
0.56870836
1.46228921
1.79225969
0.742623568
0
0
0
0
0
0
0
0
0
0
0
0
0
0
0
0
0
0
0
0
0.531499684
1.37664199
1.50951684
0.383576483
0
0
0
0
0
0
0
0
0
0
0
0
0
0
0
0
0
0
0
0
0.471818447
1.21347404
1.0476054
0.163494334
0
0
0
0
0
0
0
0
0
0
0
0
0
0
0
0
0
0
0
0
0.526383817
0.857859373
0.584758162
0.253569603
0
0
0
0
0
0
0
0
0
0
0
0
0
0
0
0
0
0
0
0
0.351520389
0.466004342
0.430841655
0.307203889
0
0
0
0
0
0
0
0
