22
21
21
20
21
22
21
20
21
21
22
21
21
21
21
21
21
21
21
21
21
21
21
20
22
21
20
21
21
21
21
22
22
22
20
20
21
21
22
21
21
22
20
21
22
21
20
21
21
21
22
21
21
21
21
22
21
22
22
21
21
21
22
21
21
21
21
22
21
21
21
21
21
19
19
22
21
19
21
21
20
20
21
21
21
22
22
21
21
21
21
21
21
20
21
21
21
20
21
21
21
20
21
21
21
21
20
21
21
21
21
21
21
21
21
21
22
21
20
22
21
21
21
22
21
20
21
21
22
21
21
21
21
21
22
21
22
21
21
21
21
21
22
22
22
21
21
21
21
21
22
21
21
21
20
21
21
20
21
21
21
22
21
21
20
21
21
21
22
22
21
21
21
21
21
21
22
20
21
21
21
22
21
21
21
20
21
21
21
20
20
20
21
21
21
21
21
21
21
21
22
22
21
21
19
19
21
20
21
21
21
20
21
20
21
21
20
19
21
17
21
21
21
21
21
22
21
21
22
22
22
21
1
2
0
1
1
8
11
5
3
14
6
20
20
20
20
20
21
21
21
20
21
21
21
22
21
21
21
20
13
2
10
3
0
5
3
1
1
2
2
12
21
20
21
21
22
21
21
21
21
22
21
20
21
20
20
20
17
2
22
21
20
20
21
22
21
1
1
21
20
21
21
20
20
21
20
20
22
22
21
22
22
19
19
20
19
1
21
21
21
21
21
20
19
2
2
21
20
21
22
21
21
22
20
22
21
22
22
22
21
21
21
22
21
10
12
22
21
20
22
20
16
2
18
21
21
21
20
21
21
21
22
21
21
22
21
22
22
22
21
21
22
20
21
21
20
21
21
21
0
1
21
21
20
22
20
21
21
21
20
21
22
22
21
21
21
21
21
22
21
20
21
21
19
21
21
20
3
9
21
21
20
21
21
21
21
20
21
20
23
22
22
21
22
22
21
22
20
21
22
22
21
21
22
17
1
19
21
21
21
21
21
21
22
20
21
21
22
22
21
22
21
22
22
21
21
21
21
22
21
21
21
1
1
20
22
21
21
21
21
20
20
21
22
21
21
22
21
20
21
21
22
21
19
20
21
21
20
22
23
2
4
21
21
21
21
18
21
20
20
21
21
21
22
22
20
21
20
21
21
21
21
22
21
21
21
21
22
1
17
21
20
20
20
22
21
21
20
21
21
21
22
22
22
21
21
21
21
22
21
21
21
21
21
21
8
2
20
21
22
22
21
20
20
20
20
20
21
21
22
21
21
21
21
21
21
21
20
21
21
21
21
20
20
9
21
22
21
21
20
20
21
21
22
21
20
21
21
20
22
22
21
21
22
21
22
21
21
21
21
21
21
21
22
22
20
21
21
22
21
20
21
22
21
21
21
21
22
21
21
21
21
21
19
21
21
21
21
21
21
21
21
21
21
22
19
20
21
21
20
21
21
21
22
21
22
22
22
21
22
21
21
21
21
22
21
21
20
21
20
21
21
21
20
20
21
21
20
20
21
21
21
21
22
21
21
21
20
22
21
21
20
21
20
21
20
21
21
21
20
21
21
21
21
21
20
20
21
21
21
21
21
21
21
21
21
21
21
21
22
21
21
21
21
21
21
20
20
21
21
21
21
20
21
21
21
20
22
21
22
21
21
21
21
21
21
21
21
21
21
21
21
21
21
20
21
21
22
21
20
22
21
21
21
21
21
22
22
21
22
21
21
21
21
21
21
21
21
21
21
20
20
20
21
21
21
20
21
21
21
21
21
21
