20
19
21
20
19
20
21
20
20
20
21
20
19
19
19
20
20
20
19
19
19
20
21
20
20
20
19
20
20
20
19
21
20
20
20
20
20
20
20
21
20
20
20
21
20
20
21
20
20
20
20
20
19
20
20
20
21
20
20
20
19
20
21
19
19
21
20
21
20
20
20
20
20
20
20
20
20
20
20
21
21
20
20
20
20
20
20
21
20
21
20
21
20
20
20
20
19
20
19
20
20
20
20
20
21
20
20
18
19
21
20
19
20
19
19
21
21
20
20
20
20
20
19
21
21
20
18
20
20
19
20
18
21
21
19
20
20
20
19
19
20
19
20
20
20
19
20
20
21
20
21
20
20
20
20
20
20
20
21
20
20
19
20
20
21
20
20
20
19
21
20
20
20
21
21
20
20
20
20
20
20
19
20
20
20
19
21
20
20
19
19
20
21
20
20
19
20
20
21
20
20
19
20
20
19
15
13
19
20
19
20
18
21
20
20
19
20
19
19
19
19
21
20
20
19
20
20
20
18
20
20
19
20
1
1
3
19
20
20
19
20
20
18
19
19
19
20
21
20
20
20
20
19
20
21
19
20
20
21
21
19
4
17
1
1
0
0
1
1
2
2
18
19
21
20
19
21
20
20
19
20
19
19
21
19
21
20
19
20
4
21
20
19
20
18
19
1
2
1
19
20
18
20
21
20
20
20
20
20
20
19
21
20
21
21
20
20
10
12
3
20
20
20
1
3
0
20
20
20
19
20
20
21
20
20
20
20
20
21
20
20
19
19
19
19
20
20
19
20
19
15
2
0
20
19
19
20
20
19
20
20
18
19
19
20
21
21
21
20
21
21
20
18
19
21
20
20
21
0
2
15
20
19
20
21
21
19
20
20
20
20
19
20
20
20
20
20
20
18
19
19
20
21
20
19
19
2
14
21
20
19
21
20
21
20
20
20
20
20
18
20
20
20
20
21
21
17
20
19
20
20
20
20
1
1
21
20
19
20
19
21
19
21
20
21
20
21
19
20
19
20
20
20
20
20
20
20
20
20
20
21
3
2
21
20
20
20
21
19
19
20
21
20
20
18
21
20
21
21
20
20
21
21
19
20
20
21
20
19
5
19
19
19
20
21
21
21
18
20
20
21
20
20
20
21
21
21
20
20
22
20
20
20
20
20
20
9
2
20
21
20
20
19
20
20
17
20
21
20
18
20
19
20
20
20
20
19
21
21
20
21
20
20
21
1
1
20
21
19
19
20
21
20
19
19
20
20
20
20
19
19
20
20
20
21
21
20
20
21
20
20
20
21
8
20
19
21
20
19
20
21
19
20
20
20
20
20
21
21
20
20
21
21
21
20
20
20
20
20
21
19
20
20
21
20
20
20
20
20
20
20
20
21
20
20
20
20
20
20
21
21
19
20
20
19
20
21
20
20
20
20
20
21
20
20
20
21
19
20
19
20
19
20
20
20
21
20
20
20
22
19
20
20
20
20
20
20
20
20
19
20
18
20
19
20
20
19
20
20
20
19
19
20
20
20
20
20
20
20
20
20
21
20
20
20
21
20
20
20
20
20
20
20
21
18
20
21
19
20
20
20
21
21
20
20
20
21
19
20
21
21
20
20
21
20
20
20
20
20
20
19
18
20
20
20
20
19
20
20
20
20
19
20
21
20
20
19
20
20
20
21
20
20
20
20
20
20
20
21
20
20
19
20
19
20
19
20
20
20
20
20
20
20
20
20
20
19
20
20
19
21
20
20
20
19
19
20
20
20
20
20
20
20
20
