21
22
22
22
21
22
22
22
21
22
22
22
22
22
21
21
22
21
21
22
22
21
22
22
22
21
21
22
22
21
21
22
21
21
21
22
22
22
22
21
21
22
21
21
21
21
22
22
21
22
21
22
22
21
21
22
22
22
22
22
21
21
22
22
21
22
22
21
21
22
22
22
22
21
22
21
21
22
21
21
22
21
21
21
21
21
22
21
22
22
22
21
22
22
22
22
21
22
22
22
21
23
21
21
21
21
22
22
22
22
22
21
22
22
22
22
22
21
22
22
22
21
22
22
21
22
22
21
20
22
21
21
21
22
21
22
21
22
22
22
22
22
21
22
22
22
22
21
21
21
22
22
21
21
21
21
21
22
21
22
21
22
21
21
21
21
21
21
21
21
21
22
21
22
21
21
22
22
22
22
22
21
22
21
22
21
22
21
21
22
21
22
21
21
22
21
21
22
22
21
22
21
21
21
10
2
2
1
2
10
15
21
22
21
21
21
21
22
21
21
22
22
22
22
21
21
22
22
21
21
21
22
19
14
1
1
1
0
1
2
1
1
4
14
23
22
22
21
21
21
21
21
22
22
22
22
21
22
22
21
21
20
15
4
21
21
20
21
21
3
4
23
20
21
22
21
22
21
21
22
22
22
21
22
21
21
21
21
22
20
22
21
21
22
21
22
22
3
5
21
21
21
22
21
21
22
21
21
21
21
21
22
21
21
21
22
21
21
21
21
21
21
21
21
2
3
12
21
22
22
22
22
22
22
22
21
21
21
22
21
21
21
21
21
22
22
22
22
21
22
22
21
2
3
22
21
22
22
22
22
21
22
22
22
21
22
22
22
22
22
21
21
21
21
21
21
21
20
21
20
6
14
21
21
21
21
21
22
21
21
22
21
22
21
21
22
21
21
21
21
21
21
21
20
21
21
20
12
3
19
21
21
21
21
21
21
21
22
21
21
21
21
21
21
21
22
21
22
22
21
21
21
21
21
21
3
4
22
21
22
21
22
22
22
22
22
22
22
21
21
21
21
21
22
22
22
21
21
21
21
21
20
22
4
6
22
22
21
22
22
22
22
22
22
21
21
21
21
21
21
21
21
22
22
22
22
21
21
22
20
17
5
19
22
21
21
21
21
21
22
21
21
21
21
22
21
21
21
21
21
21
22
22
21
21
22
21
19
8
5
22
21
22
22
21
21
21
21
21
22
21
21
21
22
21
21
21
21
22
22
21
21
21
21
21
19
5
10
22
21
21
21
21
22
21
21
21
22
21
21
21
22
22
21
21
21
22
22
21
21
21
21
21
20
3
21
21
21
22
22
21
22
21
22
21
22
21
21
22
21
22
21
21
22
22
21
21
21
21
21
21
22
22
22
21
21
22
21
21
21
21
21
22
21
21
21
21
22
22
22
21
21
22
21
21
21
22
21
21
21
21
21
21
21
21
21
22
21
21
21
22
21
21
21
21
22
22
21
21
21
22
21
22
21
21
21
21
21
21
21
21
21
21
21
21
22
21
22
21
21
21
21
22
22
22
21
21
21
22
21
21
21
22
22
21
21
21
21
21
21
21
21
21
21
22
21
22
21
21
20
21
22
22
21
22
21
22
21
22
21
22
21
21
21
21
21
21
21
21
21
22
21
20
21
21
21
21
21
21
21
21
21
22
21
21
22
22
21
22
21
20
21
21
21
21
21
21
21
21
21
21
21
21
21
21
21
21
21
21
21
21
21
21
21
21
22
21
21
21
21
22
21
21
21
22
21
21
21
21
22
22
21
21
21
