21
22
21
22
22
22
21
21
22
21
21
22
22
22
22
22
22
22
22
22
21
21
21
22
22
21
22
21
22
21
21
22
21
22
21
22
22
21
22
22
21
22
21
21
22
22
21
22
22
22
22
23
22
22
23
22
22
21
21
21
22
21
21
22
21
21
22
22
22
21
22
21
22
21
22
21
22
22
22
23
22
22
22
22
21
22
22
22
22
22
22
22
22
22
22
22
22
21
21
21
22
21
21
22
21
22
21
22
21
22
22
21
22
22
21
22
22
22
21
22
22
21
22
21
22
21
22
22
22
22
21
22
22
22
20
23
21
22
22
21
21
22
21
21
21
20
21
22
22
21
21
22
22
22
22
22
22
22
21
21
21
21
22
21
22
22
22
22
22
22
22
21
22
22
22
22
19
21
23
22
22
21
22
22
22
22
22
23
22
23
22
20
22
21
22
22
22
21
21
22
22
22
22
21
2
9
21
23
22
21
21
22
22
22
21
22
21
22
22
22
21
22
22
21
22
21
21
21
21
21
22
21
1
3
4
19
21
22
21
21
22
21
22
22
21
22
22
22
22
21
22
22
21
21
21
21
21
21
20
21
2
8
0
1
2
1
1
1
11
20
20
21
22
22
22
22
22
22
21
22
21
22
21
22
22
21
20
21
2
2
21
20
16
4
1
2
2
2
2
2
22
21
22
21
21
22
22
22
22
21
22
22
22
21
22
21
1
7
17
22
22
22
22
20
4
2
3
21
22
22
22
22
20
21
22
22
21
21
22
21
22
22
22
22
22
10
11
21
21
22
21
21
2
2
21
22
21
21
22
22
21
21
22
21
22
21
21
22
22
21
21
22
22
22
22
22
22
22
22
19
2
5
22
22
22
22
21
22
21
21
22
22
22
22
22
22
22
22
21
22
22
22
21
21
22
22
22
2
2
20
22
22
21
21
22
21
22
22
22
21
22
21
21
22
21
22
22
21
22
21
21
22
22
21
21
3
3
23
22
20
22
22
22
22
22
22
22
21
22
22
22
21
21
21
22
22
20
21
22
22
22
22
16
4
16
22
22
21
22
22
22
21
22
21
22
21
22
21
21
22
22
21
22
21
21
21
21
22
22
21
1
3
22
22
22
21
22
22
22
21
22
21
22
22
22
21
21
21
22
22
22
22
21
22
22
22
22
21
2
3
20
21
22
22
22
22
21
22
21
22
22
21
22
21
22
22
22
22
22
22
21
22
22
22
22
20
2
8
21
22
22
22
22
22
22
22
22
22
22
22
22
21
21
22
22
21
22
22
22
22
21
21
22
21
1
22
22
22
22
22
21
22
22
22
22
22
22
22
22
22
21
22
21
21
21
22
22
21
22
22
23
23
22
22
22
22
22
22
21
23
22
22
21
22
22
22
21
22
22
22
21
22
21
22
21
21
22
22
21
22
22
21
21
22
22
22
22
21
22
19
21
22
22
22
22
20
21
21
22
21
22
21
22
22
22
22
21
21
21
21
22
22
21
21
21
22
22
22
22
21
22
21
21
21
22
22
21
21
21
22
22
21
22
21
22
22
23
21
22
23
22
21
22
22
22
22
22
22
22
21
21
21
22
21
21
22
21
22
22
22
22
22
21
22
22
21
22
22
22
21
22
22
21
21
22
22
21
22
22
21
21
21
21
21
22
22
21
22
22
21
22
21
22
21
22
21
21
21
21
22
22
21
22
22
21
21
22
21
22
21
21
21
21
22
22
21
22
21
22
22
22
22
20
22
22
21
21
21
21
22
21
21
21
22
