20
20
20
20
19
19
20
20
19
20
20
19
20
20
20
20
20
21
19
19
19
20
20
20
20
20
20
20
20
20
20
20
20
20
20
20
20
20
20
20
20
20
20
20
20
20
19
20
20
20
20
20
20
20
20
20
20
20
20
20
21
20
20
20
20
19
19
19
20
19
20
20
20
19
20
21
20
20
21
20
21
20
21
20
20
20
20
19
20
20
20
20
20
20
20
20
21
20
20
20
20
19
19
20
19
20
20
20
21
20
20
20
20
20
19
19
20
20
20
21
19
20
20
19
19
20
20
20
20
21
19
19
20
20
20
20
20
20
20
20
20
20
20
20
20
20
20
20
19
20
20
19
20
19
20
21
20
20
20
19
20
20
21
20
19
20
20
19
20
20
20
20
21
20
20
20
20
21
19
20
19
20
20
19
20
20
19
19
20
20
20
20
20
20
20
20
21
20
19
20
20
20
19
20
20
1
1
19
19
19
19
19
19
19
14
7
20
20
20
20
20
19
19
20
20
21
20
19
19
19
19
19
12
3
2
2
1
1
0
1
0
0
2
1
20
19
20
20
21
20
20
20
20
21
19
20
20
20
20
20
10
0
20
19
19
20
20
20
13
2
0
19
20
20
21
19
20
20
20
20
20
20
20
19
20
20
21
20
22
20
20
18
20
21
20
18
2
1
20
19
20
19
20
20
20
20
20
20
20
20
20
20
19
20
21
21
20
20
19
20
20
20
20
9
1
2
19
19
20
20
20
20
20
20
19
20
20
19
20
20
21
21
20
20
20
20
21
20
20
20
21
2
1
19
19
20
19
20
20
20
20
20
20
20
20
20
19
20
20
21
21
20
20
20
18
21
20
20
7
4
15
20
20
19
20
20
20
19
20
19
20
20
20
20
19
20
20
19
20
20
20
20
20
19
19
19
2
1
19
20
19
20
19
20
20
20
20
19
20
20
20
20
20
20
20
18
21
19
19
20
20
21
20
3
8
17
20
20
20
20
19
20
20
20
19
20
20
20
20
19
20
20
20
20
20
19
20
20
19
20
20
3
1
19
19
20
20
19
20
19
19
20
21
20
20
20
20
20
20
20
20
20
20
20
20
20
21
21
14
2
15
19
20
20
19
20
19
20
20
20
20
19
19
20
20
19
20
20
20
21
19
20
20
19
21
21
1
0
19
19
20
20
20
20
20
21
20
20
20
20
21
20
20
19
21
20
20
20
20
20
20
19
20
20
5
10
20
19
20
21
20
20
19
20
20
19
20
20
20
20
19
20
19
20
20
20
19
20
20
20
19
20
0
19
19
20
20
19
20
19
20
20
20
20
20
21
19
19
20
20
20
20
20
19
20
20
20
21
20
19
20
20
19
20
20
20
19
19
20
20
19
20
20
19
20
20
20
20
20
20
20
19
20
20
21
20
20
20
20
20
20
20
20
21
20
20
20
20
19
20
19
20
20
20
20
20
19
20
20
20
20
20
21
20
20
20
19
19
19
21
21
20
19
20
20
20
20
20
20
20
21
20
20
20
20
20
20
20
19
20
20
20
19
20
20
19
19
20
20
19
20
19
19
19
20
19
19
20
20
20
19
19
20
20
20
20
20
19
20
19
20
20
20
20
20
20
20
20
20
19
20
20
20
19
20
19
20
21
19
19
20
20
20
20
19
20
20
20
20
20
20
20
19
19
20
20
19
20
20
20
19
20
19
20
20
20
21
20
20
20
20
20
19
20
19
21
20
20
20
19
19
20
19
20
19
19
20
19
19
20
20
20
19
20
