21
20
20
20
21
20
21
20
20
21
21
21
20
20
20
20
20
20
20
20
20
20
19
20
19
19
20
20
20
19
20
20
19
21
20
20
20
21
22
20
20
20
20
20
20
19
20
19
21
19
20
19
20
19
19
19
21
20
20
20
20
20
21
20
20
20
20
20
21
21
20
20
20
20
20
20
19
20
20
20
20
19
20
20
20
20
21
20
20
21
20
21
21
21
21
20
20
20
20
20
19
20
20
20
20
19
20
20
21
21
20
20
20
21
21
20
20
20
21
20
20
20
20
19
20
20
21
20
20
20
20
20
20
20
20
20
20
20
20
20
21
20
21
21
20
20
20
21
20
21
21
20
20
20
20
20
20
21
20
19
20
19
19
20
19
20
20
20
20
20
21
20
20
21
21
20
19
21
20
20
20
20
21
19
21
20
21
20
19
20
20
21
20
20
20
20
20
21
20
21
20
20
21
20
20
20
21
19
20
13
4
1
1
2
20
19
20
20
20
20
20
20
20
20
21
21
20
20
20
20
20
20
20
20
4
6
3
1
13
16
1
0
20
19
20
20
20
21
20
20
20
20
21
21
20
20
20
20
21
20
20
21
18
18
18
20
20
20
1
1
20
19
20
21
21
20
20
20
20
20
20
20
21
20
20
21
20
20
19
20
21
20
20
19
21
21
1
1
20
20
20
20
20
20
19
19
20
20
21
20
21
20
20
20
20
21
20
22
21
20
20
20
21
20
1
0
19
19
20
20
20
19
20
20
20
19
21
20
20
21
21
21
21
21
21
21
20
21
20
20
21
21
10
8
20
19
21
20
20
20
21
19
20
20
21
21
20
20
20
20
21
21
21
20
21
20
21
21
20
20
5
22
20
20
21
21
20
21
20
21
21
20
19
20
20
20
20
20
21
21
21
21
21
21
20
20
20
19
4
20
20
20
21
20
20
21
20
20
20
21
21
20
21
20
20
22
21
20
20
21
22
21
21
21
20
12
1
20
20
20
21
20
20
20
20
20
21
20
20
21
20
20
20
20
21
20
21
20
21
20
21
21
20
3
7
21
20
21
21
20
21
20
21
21
20
20
20
20
20
20
20
20
20
20
20
21
20
21
21
20
21
2
18
21
20
20
21
20
20
20
20
20
20
20
21
20
20
20
20
20
20
20
21
22
20
20
20
21
22
3
21
20
21
21
20
20
20
19
21
20
20
20
20
20
20
20
20
21
20
21
20
21
19
21
20
21
21
4
20
21
21
20
21
20
21
20
20
21
21
22
21
21
20
20
20
20
20
21
20
21
20
20
20
21
21
8
20
21
21
21
21
21
21
21
20
20
20
21
21
20
20
20
21
20
20
20
20
20
21
20
21
21
21
19
20
20
21
20
20
21
20
21
20
20
20
21
20
21
20
20
20
21
20
20
20
20
20
20
21
21
20
21
21
21
20
20
20
21
21
21
20
20
20
20
20
20
21
21
21
20
20
21
20
21
20
21
20
20
21
20
21
20
20
20
20
21
21
20
20
20
19
19
21
20
20
21
20
20
20
21
21
20
20
20
21
20
20
21
20
21
20
20
21
21
21
20
20
20
20
20
21
20
20
20
21
20
20
20
21
21
20
21
21
20
20
20
21
21
20
20
21
20
21
20
20
20
20
20
20
21
21
21
20
20
20
20
20
20
21
20
20
20
21
21
20
21
21
20
20
21
20
20
20
20
20
20
20
20
20
20
20
20
20
20
20
21
20
20
20
20
20
19
20
20
20
20
21
21
21
20
20
20
20
20
