20
20
20
20
20
20
20
20
20
20
20
20
19
21
20
21
20
21
20
21
20
20
21
20
21
20
21
21
20
20
20
20
20
20
20
20
20
20
20
20
20
20
20
21
20
20
20
20
21
20
20
21
20
21
21
21
20
20
19
20
20
20
20
20
20
20
20
20
20
20
20
20
20
20
21
20
21
20
21
20
21
21
22
21
20
20
20
20
20
20
20
20
20
20
20
21
21
21
20
20
21
21
20
20
21
20
21
20
21
21
21
21
19
19
20
19
20
20
20
20
20
20
20
20
21
20
20
20
20
21
21
20
20
21
21
21
21
21
21
21
19
20
20
20
20
20
20
20
20
20
20
21
21
20
20
20
20
21
20
20
21
20
21
20
21
21
21
21
20
20
20
19
20
20
20
20
20
19
20
20
20
20
20
21
20
19
20
20
21
21
21
20
20
21
20
20
20
20
20
20
19
20
20
20
20
19
20
20
20
19
19
11
6
14
20
20
21
20
20
20
20
21
21
21
19
19
19
19
19
19
20
20
20
20
19
19
6
1
2
0
4
5
16
20
20
20
21
20
21
20
21
21
20
20
20
20
20
20
19
20
19
19
16
3
1
18
19
20
16
6
20
21
21
20
20
21
21
21
21
21
20
19
20
20
20
19
20
21
19
16
3
15
21
20
20
19
12
8
19
20
20
20
21
20
20
21
21
21
20
19
20
20
20
20
20
20
19
20
20
20
20
20
19
17
1
14
21
20
20
20
20
21
21
21
20
21
20
20
19
20
19
20
20
20
20
20
19
20
20
20
18
15
4
19
20
21
21
20
20
20
21
21
21
21
20
19
19
20
20
19
19
20
19
19
20
19
19
20
18
14
8
20
20
21
20
20
20
21
21
21
20
20
19
19
19
19
19
20
20
20
20
20
19
20
19
19
18
2
7
20
20
20
20
20
20
20
21
21
20
19
19
20
20
19
19
20
20
20
20
20
20
20
20
19
17
2
12
20
20
20
20
20
21
21
20
20
21
20
20
19
20
19
20
19
20
20
20
20
20
19
20
20
15
7
20
20
20
20
20
21
20
21
20
21
21
21
20
19
20
19
19
19
19
19
20
20
20
20
19
19
13
9
20
20
21
20
20
20
21
21
21
21
21
21
20
20
19
20
20
19
19
20
20
20
20
19
19
18
8
16
20
20
20
20
20
20
21
20
20
21
21
21
19
20
20
19
19
20
20
20
20
20
19
20
20
18
5
20
20
20
21
20
20
20
20
20
21
20
21
21
20
19
19
20
19
19
19
20
19
20
20
20
19
19
12
16
19
20
20
20
20
20
20
20
20
20
21
21
19
19
19
19
19
19
19
20
19
20
19
20
20
19
19
19
19
20
20
20
20
20
20
20
20
21
20
20
19
19
19
19
19
20
20
20
20
20
19
19
20
20
19
20
19
20
20
20
20
20
20
20
20
20
20
21
19
19
19
19
19
20
19
19
19
19
19
20
20
20
19
20
19
20
20
20
20
20
20
20
20
20
20
21
19
19
19
19
20
20
19
20
19
20
20
20
20
20
20
20
20
19
20
20
20
20
20
20
21
21
21
21
19
19
19
19
19
19
19
20
19
19
20
19
20
20
20
20
20
20
20
20
20
20
21
20
20
21
20
20
19
19
20
19
19
20
19
20
19
19
20
20
20
19
20
20
20
20
20
20
20
20
20
20
20
20
20
20
19
19
19
20
19
19
19
19
19
19
19
19
19
19
19
19
19
20
20
20
20
19
20
20
20
20
20
20
