21
20
21
20
20
20
21
21
20
21
21
20
21
21
21
20
20
20
21
20
20
20
20
21
21
21
19
18
21
21
21
20
20
21
21
20
21
20
21
21
21
21
21
20
21
20
20
20
20
20
21
20
21
20
20
20
21
20
21
21
21
21
21
21
21
21
21
20
21
21
21
21
20
20
20
20
20
20
21
20
20
19
20
20
21
21
21
21
21
20
20
21
20
21
21
20
21
21
22
20
20
20
20
21
20
21
20
20
20
21
20
20
21
21
21
21
20
21
21
20
20
20
21
20
20
21
21
20
20
20
20
21
20
20
20
21
20
21
20
21
20
21
21
20
20
21
21
21
20
20
21
20
21
20
21
20
20
21
19
21
20
21
20
21
20
21
19
21
21
22
21
21
21
21
20
20
22
21
21
20
19
20
20
20
20
21
20
21
20
21
20
20
21
21
21
20
20
22
20
21
20
20
20
20
21
20
21
20
14
7
5
4
5
16
21
21
20
20
20
20
20
20
20
21
21
20
20
20
21
20
21
21
20
22
3
2
0
1
7
15
1
2
20
20
20
21
21
20
20
20
20
21
21
21
21
21
21
20
20
20
21
20
10
20
20
20
20
20
9
1
21
19
20
21
20
20
21
20
20
20
21
21
21
20
21
21
20
20
21
20
21
21
21
21
20
21
4
1
21
21
20
20
21
20
21
21
19
21
21
21
21
20
21
20
21
21
21
21
21
20
21
21
21
19
3
2
21
20
21
21
20
20
21
21
20
20
21
21
21
21
21
21
21
21
21
21
22
19
21
21
21
21
0
3
19
20
21
20
20
21
21
21
20
21
21
21
21
21
21
21
21
21
21
21
21
20
21
20
21
21
2
12
21
20
21
20
21
21
19
21
21
21
20
21
21
21
20
21
20
21
21
21
21
20
21
21
20
18
4
16
20
20
20
20
21
21
19
20
21
20
21
20
21
21
20
21
21
20
21
21
20
21
21
21
21
18
9
19
21
21
20
20
20
21
20
20
20
20
21
21
21
21
21
21
21
21
21
20
21
21
21
21
22
18
2
21
20
20
20
20
21
21
21
21
20
20
21
21
22
20
20
21
21
21
21
21
20
21
21
21
21
17
4
20
20
20
21
21
21
21
20
21
20
20
21
21
21
21
20
21
21
21
21
21
21
21
21
21
22
16
4
18
17
21
20
21
21
20
20
21
20
21
21
21
21
21
21
21
22
21
21
21
20
21
21
21
20
16
4
20
17
20
21
21
21
21
20
21
21
21
21
21
21
21
21
21
22
22
21
21
21
21
21
21
21
19
4
20
21
17
18
21
21
20
21
21
21
21
21
21
21
21
21
21
21
21
22
21
21
21
21
21
21
21
21
20
21
20
16
19
21
20
20
21
21
21
21
20
22
21
22
21
21
21
21
21
20
21
21
21
21
21
21
21
21
20
19
19
20
20
20
20
20
20
21
21
21
21
21
21
21
22
21
21
22
21
20
21
22
20
20
21
21
21
20
20
19
21
20
20
21
21
21
21
21
21
21
21
21
21
21
21
21
21
20
21
21
20
21
21
21
21
21
21
20
17
21
21
21
21
21
21
21
21
20
21
21
21
21
21
21
21
21
21
21
20
21
21
20
21
21
21
21
20
20
19
20
20
21
22
21
21
21
21
22
21
21
21
21
21
20
21
21
21
21
21
22
21
21
21
21
21
21
20
21
21
21
21
21
20
20
21
21
21
21
21
21
21
20
21
21
21
20
21
20
21
21
21
21
20
20
20
21
20
