21
21
21
21
21
20
21
21
21
21
20
22
22
21
21
21
21
21
21
21
20
21
21
21
20
21
21
21
21
21
21
21
21
21
20
21
21
20
21
21
21
22
22
21
21
21
21
20
21
21
21
21
21
21
20
21
21
20
20
21
21
21
21
21
21
21
21
21
20
21
21
21
21
21
21
20
21
21
21
21
21
21
21
21
21
21
21
21
21
20
21
21
21
21
21
21
21
21
21
20
21
21
21
20
21
21
21
21
21
20
21
21
21
21
21
21
21
21
22
21
20
21
21
21
21
21
20
22
21
21
21
20
20
21
21
21
21
21
21
21
21
21
21
21
21
21
21
21
20
21
20
21
21
20
20
20
21
20
20
21
21
20
21
21
21
20
21
20
21
21
21
21
21
21
21
21
20
21
21
22
21
21
22
21
21
21
21
21
22
20
21
20
22
20
20
21
21
21
20
20
21
20
20
20
21
21
21
16
21
21
22
20
10
5
8
20
21
21
21
21
22
20
21
21
20
21
21
21
21
21
21
20
21
18
4
7
6
5
3
1
0
2
9
20
21
20
21
21
21
21
21
21
21
21
20
21
21
21
20
20
20
16
11
9
16
17
18
19
19
3
15
21
20
21
21
20
21
20
21
21
21
20
21
21
21
20
21
21
20
20
20
21
21
21
21
21
18
6
19
20
20
21
20
21
21
21
21
21
21
21
21
21
21
21
21
21
20
21
21
21
21
21
21
20
17
4
20
20
21
21
20
21
21
21
21
21
21
21
21
20
21
21
21
20
21
21
21
22
21
21
22
21
14
6
21
20
21
21
21
21
21
21
21
21
21
21
21
21
21
21
21
21
21
21
21
21
21
21
21
20
5
9
21
21
21
21
22
21
21
22
21
21
21
21
22
21
21
21
21
21
20
21
21
20
21
20
21
21
1
15
21
20
20
20
21
21
21
21
21
21
21
21
20
21
21
21
21
21
21
21
21
20
21
21
20
20
5
19
21
21
21
21
21
21
20
21
21
21
21
20
21
21
21
20
21
21
21
21
21
21
20
21
21
17
12
21
21
21
21
21
21
21
21
21
21
21
21
21
21
21
21
21
21
21
21
21
21
21
21
21
20
16
8
20
21
20
21
21
21
20
21
21
21
21
21
21
21
21
21
21
21
21
21
21
21
21
21
20
19
12
8
21
21
21
21
21
21
21
21
21
21
21
21
21
21
21
21
21
21
21
21
20
21
21
21
21
20
7
7
21
21
21
21
21
21
21
21
21
21
21
21
21
21
21
21
21
21
21
21
20
21
21
21
21
20
14
8
21
21
21
21
21
21
21
21
22
21
21
21
21
21
21
21
21
21
21
20
20
21
21
21
21
20
20
21
21
21
21
22
21
22
21
21
21
21
21
21
21
21
21
21
21
21
21
21
20
21
21
21
21
21
21
20
20
21
21
21
21
21
21
21
21
20
21
21
21
21
21
21
21
21
21
21
20
21
21
21
21
21
21
20
20
21
21
21
21
21
21
21
21
20
21
21
22
21
20
21
21
21
21
21
21
21
21
21
21
21
20
21
21
21
21
21
21
21
21
21
21
21
21
21
21
21
21
21
21
21
21
21
21
21
20
21
20
21
21
20
20
21
21
21
20
21
21
21
21
21
21
21
21
21
21
21
21
21
21
21
21
21
21
21
21
21
21
21
20
21
21
21
21
21
21
21
22
21
21
21
21
21
21
21
21
21
21
21
21
21
21
21
20
21
21
20
21
21
21
21
22
21
21
21
21
22
21
