25
26
25
26
27
26
27
26
26
27
24
27
24
27
24
25
26
26
25
28
26
25
26
26
27
27
27
27
26
27
26
25
25
27
26
26
27
26
26
27
25
26
26
27
26
25
26
27
27
26
26
26
25
27
26
27
23
26
26
26
26
26
26
26
26
25
25
25
25
26
26
26
26
27
26
26
26
26
27
25
26
26
27
26
25
26
26
26
27
26
26
25
25
25
25
25
25
26
26
26
25
26
27
26
27
26
26
26
26
26
26
27
24
26
26
25
26
27
26
26
26
25
26
26
26
27
25
25
26
26
28
26
27
25
26
25
26
27
25
26
27
26
27
25
26
26
26
26
26
25
26
25
26
26
27
26
26
27
26
26
25
26
26
27
27
26
26
26
25
27
26
25
25
26
27
27
25
25
26
25
26
26
25
26
26
26
26
27
25
27
27
26
25
25
25
26
27
26
26
25
26
27
26
26
25
26
25
24
26
27
28
27
26
26
26
28
25
26
26
25
26
23
25
26
27
26
27
26
27
26
27
26
26
25
11
12
12
12
13
12
27
26
26
26
26
26
27
27
26
27
27
26
25
26
26
27
27
25
26
27
28
11
8
29
26
26
30
12
27
27
26
26
25
27
26
25
26
26
26
27
27
26
26
26
26
26
27
26
26
26
25
26
25
25
30
13
27
26
27
25
26
26
26
27
26
25
26
27
27
25
26
26
24
27
27
27
26
26
25
26
26
26
11
12
25
26
26
25
27
27
26
25
25
26
26
26
28
24
26
26
26
27
26
26
25
26
26
26
26
26
12
3
26
26
27
25
26
25
27
26
26
26
26
26
26
26
27
26
27
26
26
26
25
26
26
26
26
27
15
30
26
26
26
26
26
26
27
25
26
27
27
27
27
26
26
26
26
27
26
27
25
27
26
26
26
28
13
26
26
27
26
25
26
26
26
27
26
26
26
26
26
27
26
25
27
26
26
26
26
26
26
26
26
22
12
26
27
26
26
26
26
26
25
27
26
27
27
26
26
26
26
26
26
26
26
26
25
26
26
26
26
9
13
26
27
26
26
27
26
26
26
26
25
25
27
27
26
25
26
26
26
26
27
26
27
26
26
26
26
13
28
27
26
26
26
26
25
26
25
26
26
26
25
27
27
26
26
26
26
26
27
26
26
26
26
26
26
12
25
27
26
26
26
25
26
26
25
26
25
25
27
26
26
28
26
26
26
26
27
25
26
26
27
26
26
11
25
27
26
27
27
27
26
26
27
26
26
24
27
26
25
26
26
27
25
26
27
26
26
25
27
26
26
24
26
26
27
26
26
27
28
26
26
25
28
25
26
25
27
25
26
26
27
26
25
26
24
26
26
26
26
26
26
26
26
27
27
26
26
26
26
25
26
26
26
26
25
26
26
28
27
27
26
25
26
26
26
26
26
26
26
26
26
27
26
26
27
27
26
26
25
26
26
27
26
26
26
26
27
26
26
26
25
27
26
26
26
26
27
27
25
27
26
26
27
26
26
26
26
26
27
26
27
26
26
23
27
26
27
27
26
26
26
25
26
26
27
27
27
25
26
26
26
26
26
26
26
27
27
28
26
25
25
25
26
26
27
24
26
27
27
26
25
25
26
27
26
28
25
26
27
26
25
26
27
26
26
26
27
26
26
28
27
27
24
25
26
27
25
27
26
25
27
26
26
25
26
27
26
27
27
25
27
27
26
27
26
25
26
27
26
26
26
26
26
26
27
25
27
25
24
27
26
26
26
26
26
26
27
26
25
27
27
27
