25
25
26
25
28
26
25
26
27
26
25
26
26
26
25
25
27
25
26
25
26
25
24
25
26
26
26
26
25
25
26
26
26
25
26
26
26
25
26
28
26
25
25
25
25
26
26
25
25
26
26
25
27
26
26
25
25
25
25
24
26
24
26
26
26
25
26
26
26
26
25
25
27
26
27
25
27
26
27
26
28
26
25
26
27
26
26
25
25
26
26
27
26
26
26
26
26
26
26
25
26
25
26
26
25
27
26
25
26
27
25
26
25
25
26
26
25
25
25
25
26
26
26
26
26
25
25
27
26
27
25
26
26
26
27
26
25
26
27
26
25
26
26
26
26
26
25
26
26
26
26
26
25
25
25
27
26
26
26
26
26
27
25
26
26
26
26
26
25
25
25
26
25
26
26
27
26
26
25
25
26
26
26
26
26
26
25
27
27
27
26
25
26
25
26
26
25
25
25
27
26
26
26
25
25
26
26
26
25
26
26
26
26
26
26
26
25
27
27
26
26
26
26
26
25
25
25
27
26
25
25
25
26
26
26
25
25
25
27
26
27
26
26
26
25
27
27
27
26
25
27
26
26
25
26
24
26
23
26
25
24
23
16
7
6
6
7
26
26
26
26
26
25
25
26
27
26
27
26
27
25
25
25
26
25
25
25
6
12
10
11
8
6
10
18
26
25
26
25
25
26
27
26
27
26
26
26
25
26
25
27
26
24
26
25
23
25
25
26
25
28
11
31
26
26
27
25
26
25
26
27
26
26
25
26
26
26
27
25
23
25
25
25
25
26
26
26
25
31
11
27
26
26
27
26
25
26
26
27
27
27
25
26
25
25
26
26
26
25
25
25
24
25
26
26
26
3
5
26
25
25
26
25
26
25
26
26
26
26
26
26
26
27
26
25
26
25
25
26
25
26
26
26
26
11
28
26
26
26
26
26
26
26
26
27
23
26
26
27
26
25
26
25
26
26
25
24
25
27
27
25
26
12
26
26
26
26
26
27
26
26
27
26
25
26
27
26
27
25
25
25
25
25
26
26
25
26
26
26
27
5
26
26
25
26
26
26
27
26
26
26
26
26
25
26
26
28
26
26
25
25
26
26
25
25
26
26
27
30
26
26
26
26
26
26
26
26
27
26
26
26
26
26
26
26
25
25
25
25
25
26
25
26
26
26
24
25
26
26
24
24
26
25
26
25
26
27
26
26
26
25
26
26
26
26
24
25
25
26
25
25
25
26
25
25
26
25
25
26
26
26
26
24
26
25
25
26
27
26
26
25
26
25
26
25
25
25
26
26
24
26
25
26
26
26
25
25
26
25
26
26
26
27
25
26
26
26
26
25
25
25
26
25
25
25
26
25
26
25
25
26
27
26
26
26
26
26
26
26
26
26
25
26
26
26
26
25
24
26
26
26
25
26
26
26
25
25
25
24
26
26
25
27
25
25
25
26
27
25
25
26
24
27
27
23
25
24
25
25
25
25
26
25
25
25
25
26
26
26
27
26
26
25
26
25
26
26
25
26
26
27
27
26
24
24
25
25
25
26
25
25
25
26
25
28
25
25
26
25
26
25
26
26
26
26
25
26
26
26
26
26
25
25
25
26
27
25
25
25
25
25
26
25
25
25
27
26
25
25
26
26
25
25
26
27
25
26
26
25
26
24
26
25
26
25
24
25
25
25
25
26
26
26
26
26
26
26
26
26
26
26
26
26
26
25
26
24
25
24
25
26
26
25
25
25
26
25
26
24
26
26
26
26
25
26
26
26
26
26
26
27
27
26
26
