23
24
27
26
25
26
27
28
26
26
26
26
27
26
26
26
26
27
25
25
26
27
27
26
27
27
26
25
26
27
27
26
26
27
26
25
26
27
26
25
26
26
28
27
26
26
24
27
24
24
26
27
25
26
25
26
25
26
27
25
26
27
27
26
26
28
27
26
26
26
25
27
27
26
27
25
26
26
24
26
27
25
26
25
26
26
26
26
25
26
26
26
26
26
27
26
26
26
26
26
27
28
25
26
26
26
26
27
26
26
26
26
26
26
26
26
25
26
27
26
26
27
26
26
26
26
26
26
26
25
25
25
26
26
24
25
28
25
25
26
26
26
26
26
25
26
26
27
26
26
26
26
26
25
27
26
25
24
26
25
27
25
26
26
26
27
26
26
26
26
26
26
26
26
26
26
26
27
25
26
26
26
26
26
26
26
26
25
27
25
26
25
27
26
26
28
26
25
25
26
26
26
25
26
26
26
26
25
25
27
26
27
27
27
26
26
26
27
26
26
26
25
26
25
27
26
24
25
26
26
26
25
26
27
26
26
26
26
24
27
26
27
26
27
27
27
25
26
25
27
27
26
27
26
26
26
25
26
26
25
26
26
25
26
26
16
10
27
27
26
26
26
27
27
27
26
26
26
26
27
26
27
27
25
26
26
28
24
8
10
11
12
12
12
11
30
27
26
27
26
28
26
26
27
26
25
27
26
27
26
25
27
19
15
11
10
10
5
29
28
26
24
11
18
27
26
26
26
26
26
27
26
26
27
27
27
27
26
26
28
26
26
27
27
26
26
26
26
25
29
12
23
27
26
26
27
26
27
27
26
26
26
26
26
27
25
27
27
26
27
27
27
26
26
26
26
26
28
13
30
26
26
26
26
27
27
27
28
26
26
28
27
27
26
25
26
27
26
26
28
26
26
26
26
26
29
15
30
26
26
26
27
26
26
27
24
26
27
26
27
26
26
26
26
26
26
24
27
26
26
27
27
26
21
13
27
27
26
27
25
26
26
26
26
28
26
26
24
26
26
26
26
27
27
26
27
25
26
26
26
26
6
10
26
27
27
26
26
26
26
27
27
27
27
27
26
25
26
26
27
26
26
26
26
27
26
26
27
26
11
4
26
27
26
26
27
26
26
26
26
25
27
26
27
26
27
27
26
26
27
25
27
25
25
27
27
28
13
26
26
27
27
27
26
27
26
26
27
26
26
27
25
25
25
26
25
27
26
26
26
27
25
26
26
30
9
26
27
27
27
27
25
26
27
27
27
25
28
27
25
26
26
28
25
26
27
25
26
26
26
27
27
28
9
26
27
26
27
27
27
27
27
26
28
26
26
26
25
25
25
26
27
27
26
26
26
26
27
26
26
32
28
27
27
25
26
28
26
27
26
25
27
26
27
27
26
26
26
27
25
26
26
26
27
26
27
26
27
26
27
27
27
26
27
27
26
26
26
27
25
26
28
26
26
25
26
26
27
27
26
26
26
26
26
27
27
26
27
27
27
27
26
26
27
26
26
26
26
26
27
25
26
25
27
24
26
26
26
27
25
27
27
27
27
27
27
28
27
26
27
27
26
25
26
27
26
26
27
26
25
28
26
25
27
27
26
26
27
27
27
27
26
27
27
27
26
26
26
27
26
26
26
27
26
27
27
27
27
27
26
27
26
27
26
26
26
26
27
28
26
27
28
27
26
26
27
26
26
26
27
28
28
26
26
24
26
27
25
25
25
27
27
26
26
27
26
27
26
26
25
26
27
26
26
26
26
25
27
27
26
26
27
26
26
