26
26
26
25
27
27
26
27
26
26
26
26
25
25
28
27
26
28
25
26
25
26
27
25
26
27
25
25
26
26
26
26
28
25
26
25
27
25
24
27
27
25
25
26
25
25
26
26
25
26
26
25
27
25
24
25
27
27
27
29
27
27
26
26
24
25
27
26
25
26
26
25
25
25
27
26
25
26
24
25
25
26
26
24
27
27
28
28
28
26
26
26
26
25
25
26
26
26
26
25
25
25
26
27
25
26
25
25
25
25
25
25
26
26
24
26
25
26
26
25
26
25
26
25
27
27
27
27
26
27
28
27
27
26
27
26
26
27
26
25
25
26
28
27
27
26
26
27
26
26
26
26
27
26
25
26
27
27
26
26
25
25
26
25
26
27
28
26
26
26
27
26
24
26
26
25
25
25
25
25
26
27
25
25
23
26
25
27
26
26
25
26
26
26
25
25
27
27
26
26
26
26
25
27
26
26
25
26
25
26
24
26
25
27
25
26
26
26
25
25
26
25
26
26
26
26
26
27
26
26
26
26
25
26
26
25
25
25
26
25
25
26
26
26
26
26
25
25
25
26
25
26
27
27
28
26
25
26
25
27
26
19
17
8
9
7
9
7
9
20
26
27
26
26
25
23
27
27
25
26
26
25
25
26
26
26
26
25
26
28
11
9
7
10
7
10
9
8
26
26
25
27
26
25
25
26
26
26
25
26
27
25
25
26
27
25
26
25
26
26
25
26
26
14
12
17
25
26
25
26
24
26
27
26
26
26
26
26
26
26
26
26
27
27
25
26
26
25
26
26
26
12
7
26
26
26
27
26
26
25
26
25
25
26
26
26
26
26
25
26
26
26
25
26
25
26
26
26
29
15
29
26
26
27
27
26
24
26
26
27
27
26
26
26
26
25
25
27
25
25
26
27
25
25
26
26
1
11
26
26
27
26
26
26
24
27
27
26
27
27
26
26
27
25
26
26
27
25
26
27
26
26
26
30
21
30
26
26
27
26
27
26
26
26
27
26
26
26
27
26
25
26
25
26
26
26
26
26
26
26
28
10
1
26
26
26
26
26
26
27
26
26
26
27
26
28
26
26
26
26
26
26
27
26
26
26
25
26
31
12
27
26
26
26
26
27
27
26
24
26
27
26
26
27
26
26
25
26
26
27
26
27
26
27
27
27
3
6
26
26
26
26
27
26
26
25
26
26
27
26
25
26
26
24
25
27
26
26
27
26
25
26
27
26
12
31
26
26
27
26
26
28
27
27
27
26
26
26
25
26
25
26
24
25
26
26
25
26
25
26
27
26
29
27
26
26
26
27
27
27
25
28
26
27
27
26
26
25
26
25
26
25
26
24
25
26
27
27
25
26
26
27
26
26
28
26
25
27
26
24
24
25
24
25
26
27
26
26
26
26
26
26
27
26
27
27
25
26
26
26
26
25
26
26
27
27
27
25
27
26
27
25
26
27
23
26
24
26
26
26
26
26
26
27
25
26
27
27
26
27
27
26
24
25
26
27
27
27
27
27
27
27
26
26
25
26
26
27
26
25
26
27
24
26
26
27
26
26
25
27
26
26
26
27
26
27
25
26
27
27
26
26
26
26
26
25
26
26
26
26
26
27
26
26
26
27
25
26
26
25
27
26
25
27
26
25
25
27
27
27
26
26
26
26
28
25
26
27
27
26
25
26
25
26
24
27
26
27
26
26
25
27
25
26
25
27
27
25
28
25
27
27
26
27
27
26
26
26
25
26
26
26
26
26
26
27
27
26
26
26
27
27
26
27
