27
26
26
27
27
26
26
26
24
27
26
26
26
24
26
25
26
26
25
25
26
27
27
27
26
25
26
26
26
26
26
25
27
27
26
27
27
25
27
28
27
26
27
26
27
26
25
25
26
26
26
25
28
25
27
26
26
26
25
26
26
26
26
26
25
26
27
26
27
25
25
26
26
25
25
28
26
27
26
27
27
27
26
26
26
26
26
26
27
26
27
25
26
26
26
27
26
26
26
26
26
26
26
26
26
26
26
27
26
27
27
26
25
26
26
26
26
25
26
26
27
27
27
25
27
27
26
26
27
25
27
26
26
25
26
26
26
25
26
26
27
26
26
26
26
25
26
25
26
26
26
25
25
26
26
27
26
25
26
26
27
26
26
26
27
26
27
27
26
26
26
26
26
25
26
26
26
26
27
25
25
26
26
26
27
27
27
26
27
26
27
26
26
26
27
26
27
26
26
26
27
26
26
25
26
26
26
26
25
26
26
26
27
26
25
27
28
27
26
26
26
27
26
26
26
26
26
26
27
26
26
25
25
25
26
25
25
26
25
26
26
26
24
27
28
26
26
26
27
26
26
27
27
27
25
26
26
27
17
11
12
12
13
12
11
11
11
31
24
26
26
26
26
26
25
26
27
27
27
26
26
26
26
26
27
26
26
28
28
26
25
25
25
18
11
29
25
26
26
27
27
28
26
26
27
26
27
24
26
27
27
26
26
26
26
26
26
26
26
26
26
8
9
27
26
25
26
26
27
26
26
27
27
27
26
25
27
26
27
27
26
27
27
26
25
27
26
23
28
11
29
27
27
26
26
27
27
26
26
25
26
27
26
25
26
26
26
28
27
26
27
26
26
26
27
25
3
12
27
27
26
26
26
26
26
26
26
26
26
26
26
27
26
27
27
26
26
28
26
25
26
26
26
28
15
1
26
26
26
27
26
25
27
27
27
26
26
27
27
25
26
26
25
26
26
26
26
25
27
27
26
27
18
29
26
27
26
27
25
27
27
26
24
26
26
27
26
26
26
26
26
26
26
27
26
25
26
26
26
11
3
26
26
27
27
27
22
26
25
26
26
26
26
26
26
26
26
27
26
26
27
26
26
26
26
25
20
16
29
26
27
27
27
27
26
26
27
27
26
26
27
28
26
26
26
27
26
26
26
26
26
26
26
26
12
7
27
26
26
27
27
26
27
25
26
25
27
26
27
27
26
26
25
26
26
26
25
26
26
25
26
25
12
30
26
26
26
26
26
27
27
27
27
26
27
26
26
26
26
26
25
26
26
26
26
25
25
26
26
29
11
12
29
27
26
25
27
26
27
28
26
27
26
26
27
27
25
27
26
26
28
26
25
26
26
26
26
26
25
25
27
26
27
26
27
26
26
28
26
28
26
26
26
26
26
26
27
26
26
26
26
26
26
26
27
27
26
27
26
26
27
27
27
27
26
26
26
27
27
26
27
25
27
26
26
26
26
25
26
27
26
26
27
26
26
26
27
26
27
26
26
26
27
26
26
26
26
27
27
28
26
26
26
26
26
27
26
27
26
26
26
26
26
26
26
27
26
26
26
27
26
26
26
26
27
27
27
27
26
26
27
25
26
27
27
26
27
26
27
26
26
27
27
27
25
26
27
27
27
27
26
27
26
25
27
28
27
26
26
27
26
26
26
27
27
25
26
27
26
26
26
26
27
27
26
27
26
27
26
27
26
25
26
28
26
26
25
26
26
26
27
27
26
27
26
26
26
25
26
26
26
27
26
26
28
27
27
28
27
26
28
28
26
25
