23
23
22
22
22
23
22
23
22
22
23
23
22
22
22
22
23
23
23
23
23
23
24
23
23
23
22
23
23
23
23
23
22
22
22
23
22
22
23
22
22
22
23
23
23
23
23
23
23
23
23
23
23
23
22
23
22
22
23
22
22
23
23
22
22
22
23
23
23
23
23
22
22
23
23
23
23
23
23
23
22
23
23
23
23
23
23
22
23
22
23
22
23
22
22
23
22
22
23
23
23
23
23
23
23
23
23
22
23
23
22
23
22
22
23
22
23
22
22
22
22
23
22
23
22
23
22
22
24
22
23
23
23
23
23
22
23
22
22
23
23
23
23
22
22
22
22
22
22
22
23
22
23
24
16
1
0
23
23
23
23
23
23
22
22
23
23
22
23
22
22
22
22
22
23
23
23
23
1
1
0
0
1
2
1
23
23
23
22
23
23
23
23
23
22
22
23
22
22
23
23
23
23
22
22
23
24
16
26
25
22
1
17
23
23
23
23
23
23
23
23
23
22
22
22
22
22
22
23
22
23
22
23
23
22
22
22
23
23
1
27
23
23
23
23
23
23
23
23
22
22
23
23
22
23
22
22
22
22
22
22
23
22
23
23
23
22
0
25
23
23
23
23
22
23
23
23
23
23
22
22
23
22
23
23
23
23
23
22
22
23
23
23
23
23
0
23
23
23
23
23
23
23
23
23
22
22
23
23
22
22
23
23
23
22
22
22
23
22
23
22
22
25
1
23
23
23
23
22
22
23
22
23
22
22
23
23
22
22
23
22
22
22
23
23
23
23
23
23
23
21
3
23
23
23
23
23
23
23
23
23
22
22
22
22
23
23
23
23
23
23
22
23
23
23
23
23
23
1
25
23
23
23
23
22
23
23
22
23
23
22
22
23
22
22
23
23
22
23
23
23
22
23
23
23
23
1
26
23
23
22
23
22
22
23
22
22
22
22
22
23
22
22
23
23
22
22
22
23
22
23
22
23
22
5
23
23
22
23
22
23
23
23
23
22
22
22
22
22
22
22
23
23
23
22
23
23
23
23
22
23
23
0
23
23
22
23
22
23
23
23
22
22
22
22
22
22
22
22
23
22
22
22
22
23
22
22
22
22
24
2
23
23
23
23
23
22
22
23
22
22
22
22
22
22
22
23
23
22
22
22
22
23
23
22
22
23
26
17
23
23
23
23
23
23
23
22
22
22
22
22
22
22
22
22
22
23
22
22
23
22
23
23
22
23
6
26
23
23
22
23
22
23
22
22
23
22
22
22
22
22
22
22
22
22
22
22
23
23
22
22
23
22
1
22
23
23
23
23
23
23
23
22
22
22
22
22
22
22
22
22
23
22
22
22
23
23
23
22
22
23
1
22
22
22
22
22
23
23
22
22
22
22
22
22
22
22
22
22
22
22
23
23
23
22
23
22
22
22
23
22
23
23
22
22
23
22
22
22
22
23
22
22
22
22
22
22
22
23
23
22
22
22
22
23
22
22
22
22
22
23
23
22
22
22
22
22
22
22
22
22
22
22
22
23
22
22
22
22
22
22
22
22
22
22
22
22
22
22
23
23
22
22
22
22
22
22
22
22
22
22
22
22
22
22
22
22
22
22
22
22
22
22
23
22
23
22
22
22
22
22
22
22
22
22
22
22
22
22
22
22
22
23
22
22
22
22
22
22
22
22
22
22
22
22
22
22
22
22
22
22
22
22
22
22
22
22
22
22
22
23
22
23
22
22
22
22
22
22
22
22
22
22
22
22
22
22
22
22
22
22
22
22
22
