22
22
22
22
22
22
22
22
22
22
23
22
22
22
22
22
22
22
22
22
22
22
22
22
22
22
22
22
22
22
22
22
22
21
22
22
22
22
22
22
22
22
22
22
22
22
22
22
22
22
22
22
22
22
22
22
22
22
22
22
22
22
22
22
22
22
22
22
22
22
22
22
22
22
22
22
22
22
22
22
22
22
22
22
22
22
22
22
22
22
22
22
22
23
22
22
22
22
22
22
22
22
21
22
22
22
22
22
22
22
22
22
22
22
22
22
22
22
22
22
22
22
22
22
22
22
22
22
22
22
21
21
22
22
22
22
22
22
22
22
22
22
22
22
22
22
22
22
22
22
22
22
22
22
22
23
22
22
22
22
22
22
22
22
22
22
22
22
22
22
22
22
21
22
22
22
22
22
25
2
6
6
7
2
22
22
22
22
22
22
22
22
22
22
22
22
22
22
22
22
22
22
22
22
22
22
26
0
1
1
1
0
22
22
22
22
22
22
22
22
22
22
22
22
22
22
22
22
22
22
22
22
22
22
23
25
23
23
27
0
22
22
22
22
22
22
22
22
22
22
22
22
22
22
21
21
22
22
21
22
21
21
22
22
22
23
26
2
23
22
22
22
22
22
22
22
22
22
22
22
22
21
22
22
22
22
22
22
22
22
22
22
22
22
24
1
23
22
22
21
22
22
21
22
22
21
22
22
22
22
22
22
22
22
22
22
22
22
22
22
22
22
6
15
22
22
21
22
22
22
22
22
22
21
21
21
22
22
22
22
21
22
22
22
22
22
22
22
22
22
17
24
22
22
22
21
22
22
21
22
22
21
22
21
22
21
21
21
21
22
22
22
21
22
22
22
21
22
1
25
22
22
22
21
22
22
22
22
22
22
21
22
21
22
21
22
21
22
22
22
22
21
21
22
22
22
1
27
22
22
22
22
21
22
22
22
21
21
21
21
22
22
21
21
22
22
21
22
22
22
22
22
22
22
0
23
22
22
22
22
22
21
21
22
21
21
21
21
22
22
22
22
21
22
21
21
22
21
21
21
22
22
0
23
22
22
22
21
22
22
22
21
22
21
21
21
22
21
21
21
21
21
21
22
21
21
22
21
21
22
0
22
21
21
21
22
21
21
22
21
21
21
21
22
22
21
21
21
21
21
21
22
22
22
22
22
22
21
0
22
22
21
22
21
21
21
21
21
21
21
21
22
21
22
21
22
21
21
21
21
22
21
21
22
22
22
1
22
22
22
21
22
21
21
21
21
21
21
21
21
21
21
21
22
22
22
21
21
22
21
21
21
21
23
25
22
21
21
21
22
21
21
21
21
21
21
21
21
21
21
21
21
22
21
21
21
22
21
21
21
21
21
24
21
21
22
21
21
21
21
21
21
21
21
21
21
21
21
21
21
21
21
21
22
22
21
21
21
21
21
21
21
21
21
21
22
21
21
21
21
21
21
22
21
21
21
21
21
21
21
21
21
22
21
21
21
21
21
21
21
21
21
21
21
21
21
21
21
21
21
22
21
21
21
21
21
21
22
21
21
21
21
21
21
21
21
21
21
21
21
21
21
21
21
21
21
21
20
21
21
22
21
21
21
21
21
21
21
21
21
21
21
21
21
21
21
21
20
21
21
21
20
20
21
21
21
20
21
21
21
21
21
21
21
21
21
21
21
20
21
21
21
21
21
21
21
21
21
21
21
21
21
21
21
21
21
20
21
21
21
21
21
21
20
21
21
21
21
21
20
21
21
21
21
21
21
21
21
21
22
20
21
21
21
