22
22
22
22
22
22
22
22
22
22
22
22
22
22
22
22
22
22
22
22
22
23
22
22
22
22
22
22
22
22
22
23
22
22
22
22
22
22
22
22
23
22
22
22
22
22
22
22
22
22
23
22
22
22
22
22
22
22
22
22
22
22
22
22
22
22
23
17
23
23
22
22
22
22
22
22
23
22
22
22
22
22
22
22
22
22
22
22
22
22
22
22
22
22
26
0
0
1
2
14
26
22
23
22
22
22
22
22
22
22
22
22
22
22
22
22
22
22
22
22
22
22
23
26
26
1
0
0
1
26
22
22
22
22
22
22
22
22
22
22
22
22
22
22
22
22
22
22
22
22
22
22
23
23
23
26
0
22
22
22
22
22
22
22
22
22
22
22
22
22
22
22
22
22
22
22
22
22
22
22
22
22
23
9
1
23
22
22
22
23
22
22
22
22
22
23
22
22
22
22
22
22
23
23
22
22
22
22
22
22
23
0
20
23
23
22
22
22
22
22
22
22
22
22
22
22
22
22
22
22
22
22
22
22
22
22
22
22
22
0
26
23
22
22
22
22
22
22
22
22
22
22
22
22
22
22
22
22
22
22
22
22
22
22
22
21
21
0
23
23
22
22
22
22
22
22
22
22
22
22
22
22
22
22
22
22
22
22
22
22
22
22
22
22
27
1
23
22
22
22
22
22
22
22
22
22
22
22
22
22
22
22
22
22
22
22
22
22
22
22
22
22
3
24
22
23
22
22
22
22
22
22
22
22
22
22
21
22
22
22
22
22
22
22
22
22
23
22
22
22
0
27
22
22
22
22
22
22
22
22
22
22
22
22
22
22
22
21
22
22
22
22
21
22
22
22
22
20
0
23
22
22
22
22
22
22
22
22
22
22
22
22
22
22
22
21
22
22
22
22
21
22
21
22
22
27
1
22
22
22
22
22
22
22
21
21
22
22
22
21
22
22
22
22
22
21
22
22
22
22
22
22
22
18
24
22
22
22
22
22
22
21
22
22
22
22
22
21
22
22
22
22
22
22
22
22
22
22
22
22
22
1
24
22
22
22
22
22
21
22
22
21
22
22
21
22
22
22
22
22
21
22
22
21
21
21
22
22
22
0
23
22
22
22
22
22
22
22
22
22
22
22
21
22
22
22
22
22
21
22
22
22
22
22
22
22
25
1
22
22
22
22
22
22
22
22
21
22
21
21
22
22
21
22
22
22
22
22
22
22
22
21
22
22
6
24
22
22
22
22
22
21
22
23
22
22
22
22
22
21
21
22
22
22
22
21
22
22
22
22
21
21
0
25
22
22
22
22
22
22
22
21
21
21
22
22
21
21
21
21
22
21
22
22
21
22
22
21
21
21
0
22
22
22
22
21
22
22
21
21
21
21
21
22
21
21
22
22
22
21
22
21
21
21
21
21
22
26
24
22
22
21
21
21
21
21
22
22
21
21
21
22
21
21
22
21
22
21
22
21
20
21
21
21
22
1
23
21
22
22
21
21
21
21
21
21
21
22
22
21
22
21
22
22
21
21
22
21
21
21
22
21
21
1
22
21
22
21
21
21
21
21
22
21
21
22
22
21
22
22
21
21
21
21
22
21
21
21
22
21
22
21
21
21
21
22
21
21
21
21
21
21
21
22
22
21
22
21
21
21
21
22
21
21
22
22
21
21
21
22
21
21
21
21
21
21
21
21
21
21
21
21
21
21
21
21
21
21
21
21
21
21
21
21
21
21
21
21
21
21
21
21
22
21
21
21
21
21
21
21
21
21
22
21
