24
24
24
24
24
24
24
24
24
24
23
24
24
24
23
24
24
24
24
24
24
24
24
24
24
24
23
24
24
24
24
24
24
24
24
24
24
24
23
24
24
23
23
24
24
23
24
24
24
24
24
24
24
23
24
24
24
24
24
24
24
24
24
24
24
24
23
24
23
24
23
23
23
22
23
23
23
23
22
19
22
24
24
24
24
24
24
24
23
22
21
18
15
14
13
15
13
13
14
16
14
18
13
13
16
14
14
13
18
24
24
24
24
24
23
15
13
13
9
10
10
11
10
10
11
13
15
21
22
22
22
22
22
21
10
10
22
23
24
24
24
24
24
22
15
21
22
23
23
24
23
24
23
23
24
24
24
24
23
23
23
23
10
12
23
24
24
24
23
23
24
24
23
24
24
24
24
24
24
25
24
24
23
24
23
24
24
23
23
22
12
12
23
24
24
24
24
24
23
24
24
24
23
23
24
23
24
24
24
24
23
25
24
24
24
24
23
22
11
21
23
24
24
26
24
23
24
24
24
24
23
24
24
24
23
24
24
24
24
24
23
24
23
24
23
11
13
23
24
24
23
24
24
24
25
24
24
24
24
24
24
23
23
24
24
24
24
24
24
24
24
23
23
11
14
23
24
24
24
24
24
25
24
25
24
24
24
24
25
24
24
24
24
24
24
23
24
24
24
23
20
11
21
24
24
24
24
24
24
24
24
24
24
24
24
24
24
24
23
24
24
24
24
24
23
24
24
23
13
13
23
24
24
24
24
24
24
24
24
24
24
24
24
24
24
25
25
24
24
24
24
24
24
23
24
23
14
14
23
24
24
24
24
24
24
25
24
24
25
24
24
24
24
24
24
24
24
24
24
23
24
23
24
22
11
21
24
24
24
23
24
24
24
24
25
24
24
24
24
24
24
24
24
24
24
24
23
24
25
23
23
16
13
23
23
24
24
24
24
24
24
24
24
24
24
25
24
24
24
24
25
25
24
24
24
24
23
23
23
12
13
23
24
24
25
24
24
24
25
24
24
24
24
24
24
24
24
24
24
24
24
24
24
23
23
23
22
8
17
24
25
23
24
24
24
24
25
24
24
25
24
24
24
24
24
24
24
24
24
24
24
24
23
23
22
11
19
23
24
24
24
24
24
24
25
24
24
25
24
24
24
24
24
24
24
24
24
24
24
24
23
23
15
14
23
24
23
24
24
24
24
24
24
24
24
25
25
24
24
24
24
24
24
24
24
24
24
24
24
23
12
12
24
24
24
24
24
24
24
24
24
24
24
24
24
24
24
24
24
24
24
24
23
24
24
23
23
23
12
17
24
24
24
24
24
24
24
24
24
24
24
24
24
24
24
24
24
24
24
24
24
24
23
24
24
14
13
22
23
23
24
23
24
24
24
24
24
25
24
24
24
24
25
24
24
24
25
24
24
24
23
24
23
14
12
24
24
24
23
24
24
24
24
24
24
24
24
25
25
24
25
24
25
24
24
24
24
24
24
23
22
11
16
24
24
24
23
24
24
24
24
25
26
24
25
25
24
26
25
25
24
24
24
24
24
24
24
24
13
10
12
23
23
24
24
24
24
24
24
24
24
25
25
25
24
24
24
25
24
25
24
24
24
24
24
24
23
21
23
24
24
24
25
24
24
25
25
24
24
24
24
25
24
25
25
24
24
25
24
24
24
24
24
24
24
24
25
24
24
24
24
24
24
25
24
24
24
24
24
25
24
24
24
24
24
24
24
24
24
24
25
24
24
25
24
24
24
24
24
24
24
24
24
24
