1.4388836622238159
0.72614598274230957
-1.7843712568283081
-1.2474907636642456
0.87435388565063477
2.307913064956665
0.88768726587295532
-1.7620534896850586
2.0725448131561279
-0.079434134066104889
-1.7929234504699707
-0.47348108887672424
1.7229239940643311
2.9254755973815918
0.87719666957855225
-2.0626277923583984
2.3010420799255371
-0.86926674842834473
-1.2854444980621338
0.34243333339691162
1.9842171669006348
2.7660739421844482
0.1642187237739563
-1.837681770324707
1.610978364944458
-1.566182017326355
-1.5911158323287964
-0.22823193669319153
1.8687161207199097
2.3580989837646484
-0.69374179840087891
-1.3729099035263062
0.5665242075920105
-1.8699178695678711
-2.27036452293396
-1.0381342172622681
1.5266802310943604
1.3721504211425781
-1.5105741024017334
-1.151671290397644
-0.31950262188911438
-1.4140799045562744
-1.8909468650817871
-0.15132293105125427
3.1727666854858398
2.1742208003997803
-1.2000107765197754
-1.023739218711853
-0.45314136147499084
-0.6927143931388855
-1.0394600629806519
0.50295466184616089
3.7409224510192871
1.9817918539047241
-1.8123551607131958
-1.1635406017303467
-0.85787397623062134
-0.99568867683410645
-1.6506736278533936
-0.5782020092010498
1.9363639354705811
0.017497576773166656
-2.4799830913543701
-0.80025637149810791
0.759368896484375
1.0810959339141846
1.5546205043792725
1.7965489625930786
0.40543186664581299
0.48550394177436829
0.94374102354049683
1.3568481206893921
0.86421728134155273
0.55539309978485107
1.4788613319396973
0.68298208713531494
-0.76987302303314209
0.55556225776672363
0.67766809463500977
1.4766253232955933
0.0059995888732373714
-0.36539867520332336
0.48521676659584045
-0.93420052528381348
-0.92372959852218628
0.52708208560943604
0.30834928154945374
1.2942368984222412
-0.58592647314071655
-0.11470477283000946
0.033981237560510635
-0.50496625900268555
0.62133288383483887
1.22281813621521
0.6612473726272583
0.86880034208297729
0.096511796116828918
0.70365291833877563
0.64368093013763428
0.59983551502227783
1.1639949083328247
0.89144587516784668
0.26390719413757324
0.051345869898796082
0.57793033123016357
1.4023844003677368
1.6595331430435181
1.634412407875061
1.3705744743347168
0.54755425453186035
-0.016488462686538696
-0.03307698667049408
-2.1678290367126465
-2.0063831806182861
-1.8056336641311646
-1.3108726739883423
-0.35639846324920654
-0.53513234853744507
-0.13724967837333679
0.17921163141727448
-2.5182328224182129
-3.0026264190673828
-3.1001987457275391
-2.5112240314483643
-1.1366405487060547
-1.1947985887527466
-0.3247063159942627
-0.21218280494213104
-1.0146204233169556
-1.697368860244751
-2.2173027992248535
-1.506266713142395
-0.75198400020599365
-0.66779851913452148
-1.7391195297241211
-2.5995082855224609
-0.98069649934768677
-1.7446852922439575
-1.7885830402374268
-0.52552920579910278
-0.17657239735126495
-0.75023919343948364
-2.0739145278930664
-2.5761528015136719
-0.58094942569732666
-2.0406167507171631
-1.5103776454925537
-0.37918195128440857
-0.33941426873207092
-1.4021080732345581
-2.3544185161590576
-2.1055281162261963
-1.2539135217666626
-2.853273868560791
-2.9084639549255371
-2.2001311779022217
-2.2180368900299072
-2.9947795867919922
-3.3001706600189209
-2.0026655197143555
-1.7609306573867798
-2.7998378276824951
-3.4833443164825439
-3.7739255428314209
-3.4588549137115479
-3.8807015419006348
-4.1087541580200195
-1.9588692188262939
1.7038118839263916
2.2230348587036133
2.9217267036437988
1.7454764842987061
0.24293547868728638
-1.2550227642059326
-2.5350120067596436
-1.4165027141571045
2.0655291080474854
2.8626334667205811
3.7504923343658447
2.7990431785583496
1.2146574258804321
-0.57566285133361816
-1.9013381004333496
-1.198188304901123
-0.53433430194854736
-0.60985410213470459
-0.95124006271362305
-1.0200618505477905
-1.0626761913299561
-1.9281208515167236
-2.1850006580352783
-0.92973947525024414
-0.054640218615531921
1.8940844535827637
1.1574864387512207
-1.8856315612792969
-1.9874696731567383
0.42099094390869141
1.3860130310058594
0.61554670333862305
1.0992194414138794
3.030087947845459
0.045193653553724289
-3.0012433528900146
-1.6619935035705566
1.1651431322097778
2.6067357063293457
0.30773112177848816
2.4774999618530273
2.3769938945770264
-1.8381929397583008
-3.116649866104126
-1.3772245645523071
1.9825359582901001
3.2741494178771973
-0.70205545425415039
3.1077675819396973
0.33222696185112
-3.3958854675292969
-3.3917412757873535
-1.2127573490142822
2.644639253616333
2.4064276218414307
-2.0446383953094482
2.6884391307830811
-0.87285548448562622
-3.1548347473144531
-2.9321281909942627
-0.54821473360061646
2.7181587219238281
0.78086292743682861
-2.662818431854248
0.84619748592376709
-1.5891531705856323
-2.6967511177062988
-1.9551323652267456
1.3370225429534912
3.4550361633300781
0.34988850355148315
-2.3693027496337891
-0.80802178382873535
-2.1972150802612305
-3.2533326148986816
-2.6081323623657227
1.0585112571716309
2.6729955673217773
-0.83836811780929565
-2.9545648097991943
-1.4513771533966064
-2.8036625385284424
-4.7017793655395508
-4.771385669708252
-0.65494972467422485
0.63096565008163452
-2.8523726463317871
-3.5456948280334473
-0.14013916254043579
0.78335970640182495
0.94681066274642944
0.055241420865058899
-0.74588882923126221
0.15147487819194794
0.67553752660751343
0.6204037070274353
0.026493847370147705
1.0431525707244873
0.9190220832824707
0.038463771343231201
-0.41264736652374268
0.48030573129653931
1.3046727180480957
1.2760729789733887
0.36187988519668579
1.0019060373306274
0.67040520906448364
0.29630500078201294
-0.047137424349784851
0.59549832344055176
1.7054671049118042
1.5837346315383911
0.91225641965866089
1.2448766231536865
0.99379819631576538
0.45608597993850708
0.10352802276611328
0.93379628658294678
1.7729847431182861
1.5884712934494019
1.1792807579040527
1.6698839664459229
0.97781336307525635
-0.23688238859176636
-0.29233598709106445
0.95972490310668945
1.5324558019638062
1.6266592741012573
0.78868818283081055
1.3336447477340698
0.77250874042510986
-0.86097514629364014
-0.042257525026798248
1.5836668014526367
1.8511710166931152
1.6493786573410034
-0.56765002012252808
0.20789498090744019
0.12461303174495697
-0.45764791965484619
1.306631326675415
3.0583131313323975
2.8952438831329346
1.8143730163574219
-0.65685242414474487
-0.41200470924377441
-0.67169284820556641
-0.88477998971939087
0.93794107437133789
2.6174759864807129
1.9390244483947754
0.95089095830917358
-1.1378698348999023
-1.4647907018661499
-0.28031626343727112
1.1645088195800781
0.21126127243041992
-0.96640223264694214
-1.0501654148101807
-0.46962586045265198
-1.3135194778442383
-0.52194398641586304
1.4626020193099976
1.4238735437393188
-0.92531567811965942
-1.5198159217834473
-1.0370142459869385
0.31801441311836243
-0.56585389375686646
1.3627994060516357
2.1618561744689941
-0.43988916277885437
-2.2264442443847656
-1.5529519319534302
-0.46933448314666748
1.1734906435012817
0.39390987157821655
1.9868301153182983
0.46593520045280457
-2.4932835102081299
-2.6654858589172363
-0.81709164381027222
0.82209795713424683
1.3610625267028809
0.67093396186828613
1.067802906036377
-0.75233656167984009
-1.9487414360046387
-0.66307127475738525
1.2938637733459473
2.0349516868591309
0.75892460346221924
0.74173945188522339
0.40851300954818726
-0.38424104452133179
-0.25173500180244446
0.80509626865386963
1.5428023338317871
1.079983115196228
-0.11435568332672119
1.6906932592391968
1.3473794460296631
0.82150471210479736
0.54448562860488892
0.064235635101795197
-0.033642619848251343
0.028093792498111725
-0.13303707540035248
1.255846381187439
0.87683826684951782
0.10878489911556244
-0.87199807167053223
-1.5601327419281006
-0.70285791158676147
0.74304449558258057
0.66315674781799316
1.3445580005645752
2.101792573928833
0.49334999918937683
-1.1991398334503174
-0.34715944528579712
1.0090492963790894
0.97746574878692627
0.4464682936668396
2.715317964553833
2.193519115447998
-0.74941879510879517
-1.4935575723648071
0.47482690215110779
2.2859442234039307
1.7028989791870117
0.037738464772701263
3.2061855792999268
0.7212294340133667
-1.4636927843093872
-0.86740541458129883
1.956026554107666
3.4486916065216064
1.7693800926208496
-0.80186468362808228
1.8836250305175781
-0.87298542261123657
-0.84697246551513672
0.53994083404541016
3.4278740882873535
3.7130780220031738
1.1642781496047974
-0.89419311285018921
0.61232227087020874
-0.87576067447662354
0.0067809820175170898
1.5801553726196289
3.6931262016296387
2.490009069442749
0.20571324229240417
-0.72061055898666382
0.088403582572937012
-0.88951510190963745
-0.67006397247314453
0.63402426242828369
1.9030070304870605
0.75268280506134033
-0.30978024005889893
-0.43639850616455078
0.18615347146987915
-0.68368595838546753
-1.0795043706893921
0.27265563607215881
2.0222344398498535
0.97633576393127441
-0.097712546586990356
-0.22754424810409546
0.23537507653236389
-0.13732567429542542
-0.31071296334266663
1.6725224256515503
3.2883129119873047
1.2349250316619873
-0.58218222856521606
-0.38585537672042847
0.01166776567697525
0.095533326268196106
0.1226741150021553
-0.1745324581861496
-0.72267961502075195
0.30625864863395691
0.36608469486236572
0.20571808516979218
-0.0063919415697455406
0.035731721669435501
-0.15023277699947357
-0.22349336743354797
-0.35567688941955566
0.11103996634483337
0.2906036376953125
0.48495772480964661
0.26339992880821228
0.023881793022155762
-0.66594016551971436
-0.79567021131515503
-0.85260772705078125
-0.92808747291564941
-0.57716935873031616
-0.15653041005134583
1.0626474618911743
0.75804692506790161
-0.83857983350753784
-1.4910200834274292
-1.2780013084411621
-1.4300082921981812
-1.1233979463577271
-0.74361252784729004
2.0375304222106934
3.466977596282959
2.3193984031677246
0.95396655797958374
0.46056920289993286
-0.29348710179328918
-0.91150063276290894
-1.1341891288757324
-0.12008079141378403
1.8811839818954468
2.9471495151519775
2.2926840782165527
1.9621151685714722
1.3581383228302002
0.54705119132995605
-0.57733112573623657
-1.5476335287094116
-0.7011791467666626
0.61111712455749512
1.0025734901428223
1.0767806768417358
1.4038392305374146
1.279853343963623
-0.33176890015602112
-1.0683125257492065
-1.4291923046112061
-1.3070799112319946
-1.0379730463027954
-0.39013543725013733
0.8604588508605957
1.5728516578674316
0.42081654071807861
0.84522163867950439
-1.3332697153091431
-1.8665510416030884
0.38324081897735596
1.9068790674209595
0.86334937810897827
-1.5640015602111816
-1.2867040634155273
0.51516991853713989
-2.4722189903259277
-1.51996910572052
1.8479933738708496
2.8538079261779785
1.0288664102554321
-2.3630778789520264
-1.3882052898406982
-0.79086071252822876
-2.7089128494262695
0.34664720296859741
3.0339977741241455
2.8361070156097412
0.19017273187637329
-3.0554614067077637
-0.82889646291732788
-1.9254182577133179
-1.9432145357131958
1.7794058322906494
2.6648616790771484
1.7430590391159058
-1.3222435712814331
-2.9639565944671631
0.49209356307983398
-1.5865278244018555
-0.46322426199913025
2.2183644771575928
2.0468723773956299
0.79728180170059204
-2.2022504806518555
-1.7996410131454468
1.821879506111145
-1.6106828451156616
-0.71245139837265015
1.1049659252166748
1.7051634788513184
0.89744997024536133
-1.8523428440093994
-0.41183680295944214
2.6142032146453857
-1.2745556831359863
-1.5296480655670166
-0.42914664745330811
1.5009044408798218
1.1103736162185669
-1.9555186033248901
-0.23528338968753815
2.4630904197692871
-0.27746301889419556
-0.84094816446304321
-0.38433703780174255
1.6417580842971802
0.34043809771537781
-3.2038788795471191
-0.82132989168167114
2.2929072380065918
0.70304948091506958
0.94373601675033569
1.1717934608459473
1.1566060781478882
0.13441117107868195
0.1288406103849411
1.1593203544616699
1.6050430536270142
0.88102906942367554
1.4140645265579224
1.8656964302062988
0.92424827814102173
-0.39006057381629944
0.26397749781608582
1.5886653661727905
2.3006501197814941
1.2153033018112183
2.1963992118835449
2.357729434967041
0.30619138479232788
-0.73172545433044434
0.69941747188568115
1.9414907693862915
2.6479597091674805
1.6080385446548462
3.1897127628326416
2.2002670764923096
-0.28315430879592896
-0.24316668510437012
1.3689569234848022
2.556959867477417
2.6406402587890625
0.92446190118789673
2.2700326442718506
0.96153503656387329
-0.93273019790649414
-0.099441841244697571
1.7774370908737183
2.9353706836700439
1.849639892578125
-0.37433546781539917
-0.27342909574508667
-1.2319067716598511
-1.8182309865951538
-0.6889762282371521
1.4869482517242432
2.6782331466674805
0.94807350635528564
-0.00034662522375583649
-0.50894719362258911
-1.2229645252227783
-1.4624519348144531
-0.91239488124847412
0.75078010559082031
1.9526336193084717
0.38700741529464722
-0.12003183364868164
-0.49897295236587524
-0.74940586090087891
-0.76879298686981201
-0.67367225885391235
0.47215908765792847
1.8232036828994751
0.55699217319488525
1.499030590057373
-0.36914330720901489
-3.1935396194458008
-2.1470012664794922
0.52161157131195068
1.0726814270019531
-0.11919866502285004
-1.4126033782958984
0.58953458070755005
-3.5786590576171875
-4.9650688171386719
-0.45572292804718018
1.9946439266204834
1.290239691734314
-1.7846755981445312
-2.8766756057739258
-1.8983098268508911
-5.681251049041748
-3.0581676959991455
2.7090706825256348
2.9305987358093262
0.36604633927345276
-4.1983942985534668
-3.4159777164459229
-3.9178166389465332
-4.9542465209960938
0.51127737760543823
3.6021959781646729
1.777677059173584
-2.3247036933898926
-5.9592509269714355
-2.2458376884460449
-4.1369514465332031
-2.887120246887207
1.0932507514953613
0.14898806810379028
-2.748586893081665
-6.2827897071838379
-6.5932469367980957
-0.70898789167404175
-5.2220392227172852
-3.0157217979431152
-1.2451499700546265
-2.6164555549621582
-4.1353182792663574
-5.434901237487793
-3.4647200107574463
0.93637388944625854
-5.6862378120422363
-4.329383373260498
-2.7225723266601562
-2.2653274536132812
-2.2530848979949951
-3.3390965461730957
-2.061392068862915
0.74950945377349854
-3.5830776691436768
-3.3103406429290771
-1.6081109046936035
-0.97203409671783447
-2.2849977016448975
-5.0793991088867188
-3.7500636577606201
-0.23691001534461975
0.99672138690948486
0.97476881742477417
0.68651413917541504
0.31341207027435303
0.30086156725883484
0.8518255352973938
0.77443403005599976
0.92512720823287964
0.79577529430389404
0.36295264959335327
0.024262785911560059
-0.43877357244491577
0.50182932615280151
0.60597193241119385
0.49095910787582397
0.62306332588195801
0.062762483954429626
-0.26352804899215698
-0.45838159322738647
-0.29890412092208862
0.50625890493392944
0.26000139117240906
-0.055032871663570404
0.076737627387046814
0.1533484011888504
0.71368098258972168
0.82452213764190674
0.87328416109085083
0.84533029794692993
0.20792996883392334
-0.19268015027046204
-0.074000030755996704
0.82836389541625977
2.3774752616882324
3.701770544052124
3.0856072902679443
2.297520637512207
1.3087296485900879
0.55399900674819946
0.48667216300964355
-1.0549135208129883
-0.61077195405960083
0.64124464988708496
0.76552605628967285
0.55306100845336914
0.47242242097854614
0.60023581981658936
0.71532344818115234
-1.1321974992752075
-2.4444329738616943
-2.3818957805633545
-1.5238287448883057
-0.97589242458343506
-0.46054685115814209
0.6472092866897583
1.1170089244842529
0.38183426856994629
-0.49443238973617554
-1.0555018186569214
-0.48110449314117432
-0.07810799777507782
-0.38121211528778076
0.46194031834602356
1.2236685752868652
-2.6056082248687744
-2.3251590728759766
2.1005110740661621
3.2373614311218262
0.34859788417816162
-3.1721205711364746
-2.5931482315063477
1.7676774263381958
-3.3468174934387207
-0.60423684120178223
3.7347209453582764
2.6810715198516846
-0.86684131622314453
-3.854325532913208
-1.8937764167785645
3.3429932594299316
-3.1036612987518311
1.0111802816390991
3.2208578586578369
1.0528984069824219
-2.0475807189941406
-4.048518180847168
-0.27451515197753906
4.2494192123413086
-2.49263596534729
1.1169679164886475
1.9706510305404663
-0.13190138339996338
-2.7402245998382568
-3.1497735977172852
1.7419548034667969
4.3527865409851074
-1.5426802635192871
0.36885079741477966
0.84711909294128418
-0.60891222953796387
-3.3689804077148438
-2.9646728038787842
2.0631320476531982
3.745208740234375
-0.89099687337875366
-0.020871635526418686
0.65405833721160889
-0.42118686437606812
-3.6165781021118164
-2.6882169246673584
2.712996244430542
3.8736419677734375
0.037897959351539612
-0.20966255664825439
0.64865303039550781
-0.081276915967464447
-3.7561044692993164
-2.2733571529388428
3.5219502449035645
3.9228792190551758
1.0607633590698242
1.0970927476882935
1.7406446933746338
0.93453389406204224
-2.042506217956543
-0.2447056770324707
3.9531667232513428
2.8243105411529541
-1.231143593788147
0.91999417543411255
1.7933065891265869
0.92315232753753662
-1.1709697246551514
-1.0920042991638184
2.1668820381164551
2.5215554237365723
-1.0309317111968994
0.72439467906951904
1.4116024971008301
0.51600486040115356
-1.7662404775619507
-1.3960148096084595
2.3816182613372803
3.0634050369262695
-0.56824404001235962
0.96500468254089355
1.1198552846908569
-0.27867603302001953
-2.4763834476470947
-1.5768826007843018
1.6406503915786743
2.6024055480957031
-0.33914467692375183
1.8206689357757568
1.0563644170761108
-1.0415908098220825
-2.6819772720336914
-0.94229376316070557
1.5624270439147949
1.9672122001647949
-0.79667681455612183
2.3322734832763672
1.6591168642044067
-1.191925048828125
-2.0376112461090088
0.70911800861358643
2.3228569030761719
1.5240398645401001
-3.9422521591186523
-0.64005118608474731
-0.0070525072515010834
-2.8904428482055664
-2.640268087387085
1.9290282726287842
3.2101337909698486
1.1642382144927979
-5.1942992210388184
-3.4673168659210205
-2.1049296855926514
-4.4026827812194824
-3.3433778285980225
2.4056189060211182
4.0683884620666504
1.665618896484375
-3.4840753078460693
-3.2864789962768555
-2.6163027286529541
-4.8239245414733887
-3.8867032527923584
1.8471025228500366
4.3647575378417969
2.2566964626312256
-2.1078009605407715
-0.51929932832717896
1.040955662727356
0.46111384034156799
-2.0299665927886963
-2.1704728603363037
-1.3728921413421631
-0.053756043314933777
-0.65724837779998779
1.3570560216903687
1.7900664806365967
-0.68476134538650513
-2.7518389225006104
-1.6940536499023438
-0.20897784829139709
1.134939432144165
0.97846859693527222
1.8232700824737549
0.061619970947504044
-2.9352076053619385
-3.158552885055542
-0.60391426086425781
1.0286012887954712
1.480797290802002
1.079909086227417
0.095264866948127747
-1.9040069580078125
-3.5574054718017578
-2.163693904876709
0.85085791349411011
1.7317651510238647
0.96544802188873291
0.96729308366775513
0.3289591372013092
-0.42373532056808472
-0.69254189729690552
1.0694072246551514
2.3135209083557129
1.7048348188400269
0.53052914142608643
1.0588284730911255
1.1422668695449829
0.76198869943618774
0.0038152262568473816
0.68618404865264893
0.3843669593334198
0.31364530324935913
-0.064817860722541809
1.1008554697036743
0.6840592622756958
-0.5863959789276123
-2.1002624034881592
-1.5523535013198853
-0.90568077564239502
0.4239446222782135
0.35247316956520081
0.69377410411834717
0.82479721307754517
-0.12915264070034027
-0.64684021472930908
1.2731213569641113
2.4581618309020996
2.9981989860534668
1.1513633728027344
0.17682774364948273
0.37677988409996033
0.19473110139369965
-0.41168114542961121
-0.63253718614578247
0.51685631275177002
0.47971147298812866
-0.02419763058423996
0.28496310114860535
0.27901709079742432
-0.19366586208343506
-0.90536361932754517
-0.80126047134399414
0.21250823140144348
0.15249174833297729
-0.04116588830947876
0.13115553557872772
-0.096506953239440918
-0.50980961322784424
-0.92686837911605835
-0.92400705814361572
-0.16413351893424988
-0.33730921149253845
-0.40450465679168701
0.59056550264358521
0.42983174324035645
-0.017882570624351501
-0.93082910776138306
-0.91046732664108276
-0.37244552373886108
-0.7261168360710144
-0.59264183044433594
1.0782468318939209
2.3740096092224121
2.4745676517486572
1.6713395118713379
1.6280449628829956
1.2872473001480103
0.33363446593284607
-0.15611599385738373
1.0973846912384033
1.9879657030105591
1.772297739982605
1.5805704593658447
2.1217396259307861
1.3878452777862549
0.50731009244918823
-0.11697135865688324
0.14412583410739899
-0.089148588478565216
-1.3094878196716309
-1.8375744819641113
-0.75079911947250366
-0.57239007949829102
-0.46225753426551819
-0.42948263883590698
0.23246803879737854
0.47770574688911438
-0.28256517648696899
-0.35700878500938416
0.96950119733810425
1.2159299850463867
0.86966240406036377
0.33103665709495544
