0
0
0
0
0
0
0
0
0
0
0
0
0
0
0
0
0
0
0
0
0
0
0
0
0
0
0
0
0
0
0.00071374588878825307
-0.00042382907122373581
-0.0091691184788942337
0.041222192347049713
0.081133745610713959
0.17046850919723511
0
0
0
0.00099924427922815084
-0.0046560028567910194
0.0077763032168149948
0.01755513995885849
0.058849088847637177
0.022069584578275681
0
0
0
0
0
0
0
0
0
-0.009755890816450119
-0.063355930149555206
-0.062005728483200073
-0.11947603523731232
-0.024091716855764389
-0.034314513206481934
0
0
0
-0.013963731937110424
-0.024004537612199783
-0.041886717081069946
-0.0027777962386608124
0.064562931656837463
0.1006496250629425
0
0
0
0
0
0
0
0
5.7099670812021941e-05
-0.054614990949630737
-0.253714919090271
-0.33352988958358765
-0.3794589638710022
-0.39032948017120361
-0.43612650036811829
0
0
0
-0.073667258024215698
-0.1394544392824173
-0.20293578505516052
-0.24584357440471649
-0.26681721210479736
-0.046822976320981979
0.0083712218329310417
0
0
0
0
0
0
0
6.6316744778305292e-05
-0.09471932053565979
-0.19937269389629364
-0.27461102604866028
-0.31340265274047852
-0.49346056580543518
-0.58898729085922241
0
0
0
-0.075098305940628052
-0.24274776875972748
-0.30342158675193787
-0.3975689709186554
-0.53429198265075684
-0.31181445717811584
0.0056635132059454918
0
0
0
0
0
0
0.00064237130573019385
-0.018082717433571815
-0.10134139657020569
-0.027425678446888924
-0.081408858299255371
-0.055164005607366562
-0.30769935250282288
-0.34794095158576965
0
0
0
0.037705060094594955
-0.064120762050151825
-0.12319482862949371
-0.1646268218755722
-0.33387774229049683
-0.45303425192832947
-0.023125810548663139
0
0
0
0
0
0
-0.0079366546124219894
-0.10726946592330933
-0.13436940312385559
-0.039485983550548553
-0.030747927725315094
-0.10253448039293289
-0.26016581058502197
-0.063826635479927063
0
0
0.00025694852229207754
0.040197141468524933
0.030920537188649178
-0.063772536814212799
-0.012153276242315769
-0.11664178222417831
-0.39423647522926331
-0.044045701622962952
0
0
0
0
0
0.0011990930652245879
-0.067600533366203308
-0.22406023740768433
-0.19710835814476013
-0.012404384091496468
-0.071055978536605835
-0.15370543301105499
0.090061545372009277
0.19157654047012329
0
0
-0.0021211730781942606
-0.059822719544172287
-0.02014356292784214
-0.1129254624247551
-0.06982170045375824
-0.29863473773002625
-0.39309245347976685
-0.047168530523777008
0
0
0
0
0
-0.016879241913557053
-0.1529223620891571
-0.23915864527225494
-0.073656931519508362
0.011771482415497303
-0.14978966116905212
-0.040152378380298615
0.32229399681091309
0.14298364520072937
0
0.00045679736649617553
-0.041943501681089401
-0.081402413547039032
-0.05636189877986908
-0.087608262896537781
-0.097626842558383942
-0.32593831419944763
-0.36041104793548584
-0.025028720498085022
0
0
0
0
0.00021412376372609288
-0.085944637656211853
-0.19623300433158875
-0.1539013534784317
-0.043456617742776871
-0.090852275490760803
-0.12221862375736237
0.066943414509296417
0.23946338891983032
0.013124448247253895
0
-0.0054363813251256943
-0.13793981075286865
-0.1137387603521347
-0.038490928709506989
-0.04005046933889389
-0.11316505074501038
-0.14106921851634979
-0.16122777760028839
0.0078930966556072235
0
0
0
0
-0.0031308985780924559
-0.11217446625232697
-0.13081926107406616
-0.0098196277394890785
-0.073773980140686035
-0.12695841491222382
-0.076594196259975433
0.099387198686599731
0.057966310530900955
0
0
-0.047126971185207367
-0.17022603750228882
-0.15339283645153046
-0.0078523578122258186
-0.060124658048152924
-0.099958077073097229
0.085858240723609924
0.13732999563217163
0.021479157730937004
0
0
0
0
-0.013720008544623852
-0.066441915929317474
-0.014868087135255337
0.065004974603652954
0.052718676626682281
-0.092974387109279633
0.11116307228803635
0.21291103959083557
0
0
0.00031404817127622664
-0.10069356858730316
-0.13264438509941101
-0.074498459696769714
0.0065490747801959515
-0.0397920161485672
-0.055423296988010406
0.067064359784126282
0.19452230632305145
0.0054685198701918125
0
0
0
0
-0.00808729138225317
0.018141262233257294
0.12080573290586472
0.11966536194086075
0.083954393863677979
-0.073061361908912659
0.10133127868175507
0.27389028668403625
0.088713303208351135
0.086026087403297424
0.085089258849620819
0.026187624782323837
0.11515598744153976
0.16734147071838379
0.10716010630130768
-0.11050085723400116
-0.035230562090873718
-0.0052610933780670166
0.072184465825557709
0
0
0
0
0
0.015432262793183327
0.13152487576007843
0.18482157588005066
0.054723042994737625
0.010290789417922497
-0.3740156888961792
-0.3905951976776123
-0.093131370842456818
0.040496978908777237
0.028221398591995239
-0.028231004253029823
-0.078703358769416809
-0.08991347998380661
-0.0079539846628904343
-0.0074090613052248955
-0.19551807641983032
-0.08671029657125473
-0.10032706707715988
0
0
0
0
0
0
0.019702229648828506
0.18411767482757568
0.1837749183177948
0.0042005395516753197
-0.11597784608602524
-0.69993788003921509
-1.272559642791748
-1.204207181930542
-1.0000334978103638
-1.049903392791748
-1.1239144802093506
-1.0454028844833374
-0.9661567211151123
-0.73584502935409546
-0.40082636475563049
-0.18205682933330536
-0.12632523477077484
-0.044686019420623779
0
0
0
0
0
0
0.0063711977563798428
0.20443354547023773
0.37101238965988159
0.31530973315238953
0.2702292799949646
-0.098901942372322083
-0.87392020225524902
-1.3440152406692505
-1.3237406015396118
-1.2560456991195679
-1.1565098762512207
-0.89680033922195435
-0.67601746320724487
-0.53180855512619019
-0.30535498261451721
-0.044893763959407806
-0.087258830666542053
0.10383294522762299
0
0
0
0
0
0
0
0.13844314217567444
0.40053233504295349
0.64591014385223389
0.91112571954727173
1.1148456335067749
0.95168048143386841
0.57632255554199219
0.45903030037879944
0.57795417308807373
0.60008800029754639
0.61022257804870605
0.64220607280731201
0.38718163967132568
0.010923169553279877
-0.13283401727676392
-0.14893133938312531
0.071043461561203003
0
0
0
0
0
0
0
0.029024343937635422
0.15015442669391632
0.35011652112007141
0.60857111215591431
0.95357674360275269
1.2517894506454468
1.3437348604202271
1.2882825136184692
1.2294185161590576
1.1510293483734131
0.99098855257034302
0.8466067910194397
0.52634072303771973
0.047244749963283539
-0.21839430928230286
-0.32923966646194458
-0.069558769464492798
0
0
0
0
0
0
0
0
0
0.034687630832195282
0.095090605318546295
0.15711084008216858
0.2563631534576416
0.36218947172164917
0.34100461006164551
0.27993130683898926
0.28716331720352173
0.22883182764053345
0.1610313355922699
0.1669599711894989
0.01820022240281105
-0.16639578342437744
-0.27843844890594482
-0.013397635892033577
0
0
0
0
0
0
0
0
0
0
0
0
0
0
0
0
0.046452101320028305
0.10638874769210815
0.14888778328895569
0.15477633476257324
0.04461481049656868
-0.18953776359558105
-0.32160055637359619
0.049216680228710175
0
0
0
0
0
0
0
0
0
0
0
0
0
0
0
0
0.01897628977894783
0.092476628720760345
0.11878052353858948
0.074379868805408478
-0.075744815170764923
-0.27941060066223145
-0.33297258615493774
0
0
0
0
0
0
0
0
0
0
0
0
0
0
0
0
0
-0.025325287133455276
0.078177839517593384
0.19498120248317719
0.19562183320522308
-0.071550875902175903
0.065453276038169861
0.0071099251508712769
0
0
0
0
0
0
0
0
0
0
0
0
0
0
0
0
0
0.097019270062446594
0.31099700927734375
0.56537801027297974
0.59115493297576904
0.40223893523216248
0.4976329505443573
0.23381626605987549
0
0
0
0
0
0
0
0
0
0
0
0
0
0
0
0
0
0.24634046852588654
0.4589599072933197
0.56134206056594849
0.71324968338012695
0.66201913356781006
0.4041232168674469
0.12140114605426788
0
0
0
0
0
0
0
0
0
0
0
0
0
0
0
0
0
0
0
0
0
0
0
0
0
0
0
0
0
0
0
0
0
0
0
-0.038190588355064392
-0.24935983121395111
-0.43191349506378174
-0.43245351314544678
-0.28269368410110474
0.10456235706806183
0
0
0
-0.053466822952032089
-0.13172295689582825
-0.15918880701065063
-0.1427789181470871
-0.0069446675479412079
0.013537091203033924
0
0
0
0
0
0
0
0
0
-0.14929597079753876
-0.68952500820159912
-0.90488803386688232
-0.75192642211914062
-0.40787428617477417
0.26074773073196411
0
0
0
-0.19266879558563232
-0.48940980434417725
-0.59672802686691284
-0.55450516939163208
-0.13633058965206146
0.098219163715839386
0
0
0
0
0
0
0
0
-0.0030552470125257969
-0.30316215753555298
-0.96959912776947021
-1.1095991134643555
-0.85789626836776733
-0.24736665189266205
0.43089687824249268
0
0
0
-0.25612413883209229
-0.71966367959976196
-0.82599902153015137
-0.71784800291061401
-0.23843859136104584
0.21909667551517487
0.0051347585394978523
0
0
0
0
0
0
0
-0.057252991944551468
-0.51020276546478271
-0.93762439489364624
-0.81220149993896484
-0.63709962368011475
0.1492607444524765
0.60120749473571777
0
0
0
-0.16720706224441528
-0.661793053150177
-0.87334853410720825
-0.74205136299133301
-0.21860301494598389
0.37459108233451843
0.017312077805399895
0
0
0
0
0
0
-0.034371528774499893
-0.33001178503036499
-0.8639751672744751
-0.68218314647674561
-0.30715695023536682
0.15765433013439178
0.79731041193008423
0.39566901326179504
0
0
0
-0.080909445881843567
-0.4925694465637207
-0.71370571851730347
-0.67649227380752563
-0.10464566946029663
0.54743778705596924
0.032259635627269745
0
0
0
0
0
0
-0.17950765788555145
-0.79291373491287231
-1.0399415493011475
-0.33426117897033691
0.2918744683265686
0.80994313955307007
0.88482975959777832
0.23239099979400635
0
0
-0.013748611323535442
-0.1945522129535675
-0.50382506847381592
-0.57930940389633179
-0.5118909478187561
0.11445516347885132
0.56946873664855957
0.049975469708442688
0
0
0
0
0
-0.064160190522670746
-0.51671707630157471
-1.1789360046386719
-0.85527408123016357
0.09456324577331543
0.76275730133056641
1.2217615842819214
0.69373124837875366
0.043010901659727097
0
0
-0.128172367811203
-0.54904210567474365
-0.71368235349655151
-0.59377020597457886
-0.29480341076850891
0.45217350125312805
0.60228413343429565
0.04753267765045166
0
0
0
0
0
-0.22463375329971313
-0.8443678617477417
-1.0998194217681885
-0.36974865198135376
0.43121197819709778
1.01651930809021
1.153788685798645
0.31229189038276672
-0.041936226189136505
0
-0.024441976100206375
-0.39139682054519653
-0.8340919017791748
-0.63176965713500977
-0.34057903289794922
0.26159164309501648
0.86733591556549072
0.51742929220199585
0.03030519001185894
0
0
0
0
-0.011457175947725773
-0.40491285920143127
-0.94769084453582764
-0.60351759195327759
0.024540364742279053
0.69639128446578979
1.2766240835189819
0.6690831184387207
-0.021623928099870682
-0.004764969926327467
0
-0.13875061273574829
-0.72399115562438965
-0.98077762126922607
-0.39427328109741211
0.15313112735748291
0.81311750411987305
1.0520695447921753
0.35711860656738281
0.015079669654369354
0
0
0
0
-0.033866282552480698
-0.46686297655105591
-0.68610155582427979
-0.10749170184135437
0.21571832895278931
0.93094998598098755
1.0701372623443604
0.24355578422546387
-0.02104528434574604
0
0
-0.28811374306678772
-0.83680695295333862
-0.77746140956878662
-0.16926175355911255
0.51070451736450195
1.1345318555831909
0.97034823894500732
0.15355195105075836
-0.0036417776718735695
0
0
0
0
-0.03499540314078331
-0.28406849503517151
-0.2267795205116272
0.1711679995059967
0.21979230642318726
0.89074766635894775
0.81181156635284424
0.024192966520786285
0
0
-0.016803858801722527
-0.42032438516616821
-0.78563261032104492
-0.53494828939437866
-0.075218707323074341
0.69736552238464355
1.0950870513916016
0.71831470727920532
-0.0069009102880954742
-0.0019854041747748852
0
0
0
0
-0.0020036501809954643
0.0018476247787475586
0.070042505860328674
-0.046144381165504456
-0.337908536195755
0.075265988707542419
0.02565370500087738
-0.38919413089752197
-0.44621410965919495
-0.54182159900665283
-0.71683883666992188
-1.0989717245101929
-1.0348228216171265
-0.47477507591247559
-0.018473103642463684
0.72567093372344971
0.89670032262802124
0.42590928077697754
-0.026207335293292999
0
0
0
0
0
0.035990260541439056
0.28796535730361938
0.39600944519042969
-0.15814277529716492
-0.70932358503341675
-0.93594491481781006
-1.3088037967681885
-1.4251824617385864
-1.5478013753890991
-1.6161594390869141
-1.718824028968811
-1.6275593042373657
-1.1365352869033813
-0.34683641791343689
0.28319412469863892
0.78822636604309082
0.86004948616027832
0.2286510169506073
0
0
0
0
0
0
0.035695075988769531
0.45593374967575073
0.74232649803161621
0.40949186682701111
-0.13067677617073059
-0.63123804330825806
-0.95293158292770386
-1.1163051128387451
-1.1184313297271729
-0.97051787376403809
-0.94569969177246094
-0.7173163890838623
-0.4562758207321167
-0.059848278760910034
0.50155031681060791
0.84866040945053101
0.87436151504516602
0.11860125511884689
0
0
0
0
0
0
0.01146687101572752
0.40719068050384521
0.97910594940185547
1.1087644100189209
0.93164312839508057
0.56204628944396973
0.3375474214553833
0.35931730270385742
0.42558717727661133
0.64099079370498657
0.55070841312408447
0.44976603984832764
0.22340662777423859
0.23681136965751648
0.59577542543411255
0.65117412805557251
0.72468400001525879
0.084737226366996765
0
0
0
0
0
0
0
0.25024044513702393
0.75035184621810913
1.2845612764358521
1.584587574005127
1.5513336658477783
1.4782164096832275
1.4756413698196411
1.6096892356872559
1.6901496648788452
1.5429487228393555
1.1109520196914673
0.53367042541503906
0.2015099823474884
0.34462082386016846
0.62766116857528687
0.70989161729812622
-0.0029160231351852417
0
0
0
0
0
0
0
0.052237968891859055
0.27038508653640747
0.62960690259933472
1.0579736232757568
1.3885761499404907
1.4781931638717651
1.5165096521377563
1.4495869874954224
1.2934458255767822
1.11034095287323
0.75056695938110352
0.28058618307113647
-0.10262462496757507
0.13017234206199646
0.54190415143966675
0.63341724872589111
0.029648017138242722
0
0
0
0
0
0
0
0
0
0.062430739402770996
0.17130810022354126
0.28020310401916504
0.38543796539306641
0.40901720523834229
0.28809523582458496
0.17789411544799805
0.10922509431838989
-0.0242605060338974
-0.050922557711601257
-0.093647211790084839
0.2150098979473114
0.55977541208267212
0.62667745351791382
0.042272273451089859
0
0
0
0
0
0
0
0
0
0
0
0
0
0
0
0
-0.086157843470573425
-0.18344329297542572
-0.11956586688756943
-0.0080696195363998413
0.51429575681686401
0.77204626798629761
0.59735924005508423
-0.017868638038635254
0
0
0
0
0
0
0
0
0
0
0
0
0
0
0
0
-0.15724168717861176
-0.086777478456497192
0.42127436399459839
0.577190101146698
1.0280568599700928
0.88202983140945435
0.39217519760131836
0
0
0
0
0
0
0
0
0
0
0
0
0
0
0
0
0
0.025284871459007263
0.51207321882247925
1.2596865892410278
1.2734267711639404
1.2631746530532837
0.78258705139160156
0.2110922634601593
0
0
0
0
0
0
0
0
0
0
0
0
0
0
0
0
0
0.33264023065567017
1.0203096866607666
1.4380226135253906
1.259911060333252
1.0902456045150757
0.51306784152984619
0.0073838904500007629
0
0
0
0
0
0
0
0
0
0
0
0
0
0
0
0
0
0.44803768396377563
0.93536299467086792
0.95655214786529541
0.84223645925521851
0.53426045179367065
0.10477444529533386
-0.044075973331928253
0
0
0
0
0
0
0
0
0
0
0
0
0
0
0
0
0
0
0
0
0
0
0
0
0
0
0
0
0
0
0
0
0
0
0
-0.01892794668674469
-0.10594594478607178
-0.12238664180040359
-0.076456010341644287
0.25517430901527405
0.19239802658557892
0
0
0
-0.026499126106500626
-0.040586452931165695
-0.050962649285793304
0.050289995968341827
0.087600372731685638
0.024908673018217087
0
0
0
0
0
0
0
0
0
-0.0061363242566585541
0.088735908269882202
0.11415924876928329
0.28835290670394897
0.55045837163925171
0.23555722832679749
0
0
0
-0.00048969313502311707
-0.033687703311443329
-0.0451931431889534
0.14858846366405487
0.3263012170791626
0.14910770952701569
0
0
0
0
0
0
0
0
-0.0015142357442528009
0.057181127369403839
0.35821905732154846
0.50031328201293945
0.70552992820739746
0.74234545230865479
0.42228019237518311
0
0
0
0.1324487030506134
0.26900491118431091
0.30225330591201782
0.35831767320632935
0.53124320507049561
0.24267882108688354
0.0094481175765395164
0
0
0
0
0
0
0
-0.022947020828723907
0.12603759765625
0.54989862442016602
0.8808932900428772
1.0110125541687012
0.8515012264251709
0.27616724371910095
0
0
0
0.14601807296276093
0.46915945410728455
0.546439528465271
0.56657463312149048
0.72361660003662109
0.41223308444023132
0.019861487671732903
0
0
0
0
0
0
-0.017035150900483131
-0.050694748759269714
0.22012712061405182
0.75702708959579468
1.236488938331604
1.2104954719543457
0.74427276849746704
0.31403204798698425
0
0
0
0.10146185010671616
0.49698927998542786
0.65706378221511841
0.81851834058761597
0.91878461837768555
0.44539943337440491
0.030632251873612404
0
0
0
0
0
0
-0.027895528823137283
0.11824207752943039
0.5324559211730957
1.1468296051025391
1.4269883632659912
0.93393272161483765
0.51416307687759399
0.20816583931446075
0
0
-0.0068140607327222824
0.1462235301733017
0.55814433097839355
0.80369508266448975
1.0371404886245728
1.1444730758666992
0.57569622993469238
0.035547692328691483
0
0
0
0
0
-0.031798951327800751
0.0391707643866539
0.36815798282623291
0.90428626537322998
1.379279613494873
1.1924588680267334
0.68549478054046631
0.35841631889343262
0.134815514087677
0
0
-0.039095856249332428
0.21824851632118225
0.72056686878204346
1.1519830226898193
1.2766505479812622
1.1510705947875977
0.52947759628295898
0.026643110439181328
0
0
0
0
0
0.0026679709553718567
0.23463693261146545
0.69847506284713745
1.2333905696868896
1.3379380702972412
0.93713724613189697
0.46638068556785583
0.19074225425720215
0.092567428946495056
0
-0.012113885954022408
0.023715794086456299
0.35841530561447144
0.97854584455490112
1.440349817276001
1.4221574068069458
1.0036678314208984
0.42583757638931274
0.026877431198954582
0
0
0
0
-0.0056783836334943771
0.1042049452662468
0.46466872096061707
0.97841191291809082
1.3349165916442871
1.2991782426834106
0.75998353958129883
0.35254237055778503
0.14206492900848389
0.0086187086999416351
0
-0.025338541716337204
0.16836616396903992
0.60359501838684082
1.2522947788238525
1.5173909664154053
1.3539233207702637
0.77910315990447998
0.28565356135368347
0.012793822214007378
0
0
0
0
0.0035724947229027748
0.2180023193359375
0.72914218902587891
1.0593240261077881
1.2780001163482666
1.1079878807067871
0.60875678062438965
0.21137529611587524
0.038065962493419647
0
0
0.065820358693599701
0.38627132773399353
0.92396080493927002
1.3474020957946777
1.4085159301757812
1.1060867309570312
0.64246648550033569
0.18488043546676636
0.013551566749811172
0
0
0
0
0.025055151432752609
0.33998808264732361
0.83137452602386475
0.97817158699035645
1.0093392133712769
0.99947106838226318
0.61664414405822754
0.13454528152942657
0
0
-0.0083282962441444397
0.12934798002243042
0.54645317792892456
1.070391058921814
1.4246494770050049
1.4267767667770386
0.98679757118225098
0.46568810939788818
0.11654999107122421
0.0035911286249756813
0
0
0
0
0.024227838963270187
0.35162979364395142
0.80536675453186035
0.81258535385131836
0.76306843757629395
0.93207037448883057
0.60339534282684326
0.21545618772506714
0.021765809506177902
-0.010094650089740753
-0.043503031134605408
0.28350889682769775
0.93071997165679932
1.4549068212509155
1.5734047889709473
1.3500138521194458
0.95172059535980225
0.37549600005149841
0.047402895987033844
0
0
0
0
0
0.0088333413004875183
0.31829661130905151
0.83937275409698486
1.0011874437332153
0.95366895198822021
0.96728813648223877
0.83054971694946289
0.48668262362480164
0.50135898590087891
0.58165270090103149
0.71063810586929321
1.0571684837341309
1.5617692470550537
1.8476458787918091
1.6705758571624756
1.4783896207809448
0.82973140478134155
0.21435211598873138
0
0
0
0
0
0
0.0018064838368445635
0.18512547016143799
0.67102491855621338
1.1591181755065918
1.4438296556472778
1.6548608541488647
1.5296720266342163
1.4786924123764038
1.469210147857666
1.5648298263549805
1.6598767042160034
1.6477183103561401
1.7325799465179443
1.7520126104354858
1.6590645313262939
1.3670971393585205
0.69058936834335327
0.17647972702980042
0
0
0
0
0
0
0.0005076127708889544
0.050713378936052322
0.26745486259460449
0.61582565307617188
1.0651979446411133
1.3797783851623535
1.5126280784606934
1.4467486143112183
1.4017783403396606
1.3203033208847046
1.3233877420425415
1.4429506063461304
1.5825842618942261
1.5925371646881104
1.5008091926574707
1.284272313117981
0.68324577808380127
0.090496271848678589
0
0
0
0
0
0
0
0.012108701281249523
0.020445231348276138
0.1208638995885849
0.31561738252639771
0.62396281957626343
0.72056674957275391
0.69055283069610596
0.57510709762573242
0.45298275351524353
0.52387714385986328
0.90015405416488647
1.3052796125411987
1.5365735292434692
1.5252083539962769
1.3427125215530396
0.64108848571777344
0.080838337540626526
0
0
0
0
0
0
0
0.0023124581202864647
0.0027462886646389961
-0.011835618875920773
0.013818005099892616
0.091959632933139801
0.22327709197998047
0.27827921509742737
0.26618108153343201
0.22080427408218384
0.37217772006988525
0.8043665885925293
1.3250869512557983
1.6130276918411255
1.588444709777832
1.3418790102005005
0.58652955293655396
0.043742138892412186
0
0
0
0
0
0
0
0
0
0.0027636694721877575
-0.0034392480738461018
-0.0097156297415494919
-6.1873812228441238e-05
0.042249016463756561
0.0626491978764534
0.076666854321956635
0.23806323111057281
0.65644049644470215
1.1082894802093506
1.3943560123443604
1.5167524814605713
1.2876428365707397
0.58369612693786621
-0.01378056313842535
0
0
0
0
0
0
0
0
0
0
0
0
0
0
0
0
0.12768770754337311
0.57341182231903076
1.1123729944229126
1.5424515008926392
1.5906893014907837
1.1349427700042725
0.4572279155254364
0.032320156693458557
0
0
0
0
0
0
0
0
0
0
0
0
0
0
0
0
0.2305741012096405
0.75305825471878052
1.2457559108734131
1.5669119358062744
1.3018805980682373
0.74962031841278076
0.32507765293121338
0
0
0
0
0
0
0
0
0
0
0
0
0
0
0
0
0
0.32791614532470703
0.78063440322875977
1.0473661422729492
0.92402374744415283
0.7076757550239563
0.49795123934745789
0.19822424650192261
0
0
0
0
0
0
0
0
0
0
0
0
0
0
0
0
0
0.15355387330055237
0.41331958770751953
0.41636225581169128
0.29421976208686829
0.35173842310905457
0.25969177484512329
0.14125502109527588
0
0
0
0
0
0
0
0
0
0
0
0
0
0
0
0
0
0.024335330352187157
0.082431212067604065
0.01773475855588913
0.10724286735057831
0.18657219409942627
0.17186346650123596
0.079723052680492401
0
0
0
0
0
0
0
0
0
0
0
0
0
0
0
0
0
0
0
0
0
0
0
0
0
0
0
0
0
0
0
0
0
0
0
0.026364432647824287
0.10188243538141251
-0.041866213083267212
0.14195886254310608
-0.038496352732181549
-0.24817961454391479
0
0
0
0.036910206079483032
-0.0074309352785348892
0.033769711852073669
0.023171722888946533
-0.075368069112300873
-0.032130397856235504
0
0
0
0
0
0
0
0
0
0.063826993107795715
0.062324889004230499
-0.090378709137439728
0.1446501761674881
-0.13753803074359894
-0.12254489958286285
0
0
0
0.07807382196187973
0.012118019163608551
0.026338748633861542
0.099529199302196503
-0.11617697030305862
-0.16886542737483978
0
0
0
0
0
0
0
0
0.0021091545931994915
0.025916367769241333
-0.32994058728218079
0.02046581357717514
0.54646521806716919
0.068050488829612732
-0.24583694338798523
0
0
0
-0.055240113288164139
-0.028397001326084137
0.040769416838884354
0.23500168323516846
-0.037795417010784149
-0.14829728007316589
-0.012187391519546509
0
0
0
0
0
0
0
0.03638492152094841
-0.13076116144657135
-0.59503388404846191
0.52267789840698242
0.6456792950630188
-0.12421362102031708
-0.27044537663459778
0
0
0
-0.24305340647697449
-0.15085683763027191
0.22943365573883057
0.57195025682449341
-0.015871340408921242
-0.26723217964172363
-0.016716420650482178
0
0
0
0
0
0
0.023727988824248314
0.10381413996219635
-0.3631615936756134
-0.34966617822647095
0.69837343692779541
0.59500575065612793
-0.17212195694446564
-0.14212603867053986
0
0
0
-0.16745737195014954
-0.29973369836807251
0.42966961860656738
0.63866633176803589
-0.10283879190683365
-0.32724055647850037
-0.017020717263221741
0
0
0
0
0
0
0.088607050478458405
-0.051406055688858032
-0.5683940052986145
0.052617967128753662
0.77577042579650879
0.4957231879234314
-0.16300064325332642
-0.14456973969936371
0
0
0.0094911959022283554
-0.059326723217964172
-0.44614630937576294
0.50421380996704102
0.83088582754135132
-0.068627446889877319
-0.33507582545280457
-0.029001343995332718
0
0
0
0
0
0.04429224506020546
0.032320871949195862
-0.4189375638961792
-0.35742539167404175
0.7226746678352356
0.79770773649215698
0.088824719190597534
-0.29804858565330505
-0.026825092732906342
0
0
0.074356719851493835
-0.27873402833938599
-0.4209434986114502
0.66520845890045166
0.82582151889801025
-0.1278441846370697
-0.28613680601119995
-0.014296036213636398
0
0
0
0
0
0.089153900742530823
-0.26116770505905151
-0.56901252269744873
0.43373557925224304
0.98003029823303223
0.26938167214393616
-0.26112326979637146
-0.13378860056400299
0.025989167392253876
0
0.016873236745595932
0.084774136543273926
-0.51342940330505371
-0.27919608354568481
0.8590388298034668
0.78115385770797729
-0.20359311997890472
-0.17766240239143372
-0.01583259180188179
0
0
0
0
0.0079093296080827713
-0.013265222311019897
-0.53235709667205811
-0.17069482803344727
1.044938325881958
0.66996538639068604
-0.12198065221309662
-0.21548402309417725
0.019697191193699837
0.0029419208876788616
0
0.070672720670700073
-0.1572616845369339
-0.51762920618057251
0.081515416502952576
1.0579102039337158
0.53689086437225342
-0.25968721508979797
-0.16047346591949463
-0.0097057335078716278
0
0
0
0
0.01160787045955658
-0.23108609020709991
-0.52672827243804932
0.34327977895736694
1.1529269218444824
0.28650251030921936
-0.27363401651382446
-0.13453078269958496
0.012993483804166317
0
0
0.040751982480287552
-0.47751402854919434
-0.28295439481735229
0.62174499034881592
1.0909864902496338
0.15414348244667053
-0.34205767512321472
-0.091554731130599976
0.0022890768013894558
0
0
0
0
-0.017943520098924637
-0.38396558165550232
-0.36122280359268188
0.81945246458053589
1.0824770927429199
0.048095278441905975
-0.46678704023361206
-0.028831064701080322
0
0
0.01160035002976656
-0.11266346275806427
-0.52651697397232056
0.073473721742630005
1.1185866594314575
0.64665770530700684
-0.16006328165531158
-0.29833689332008362
0.0072618089616298676
0.0012258003698661923
0
0
0
0
-0.050268534570932388
-0.42658951878547668
-0.10060244798660278
1.0588140487670898
0.82620376348495483
-0.10166418552398682
-0.27799877524375916
-0.10769692063331604
0.0051036328077316284
0.0092761293053627014
0.041415717452764511
-0.30980014801025391
-0.4303281307220459
0.16679215431213379
0.95526432991027832
0.43048343062400818
-0.29440358281135559
-0.22569027543067932
0.01618056558072567
0
0
0
0
0
-0.029082348570227623
-0.40668132901191711
-0.037577420473098755
0.76379352807998657
0.7162240743637085
0.11870450526475906
-0.019942313432693481
0.010283797979354858
-0.065639331936836243
-0.0775332972407341
-0.12564851343631744
-0.61339664459228516
-0.39737892150878906
0.46691989898681641
1.0044078826904297
0.184565469622612
-0.38200634717941284
-0.051505770534276962
0
0
0
0
0
0
0.0036590984091162682
-0.321290522813797
-0.31657516956329346
0.4180493950843811
0.50835371017456055
0.14765946567058563
0.035608995705842972
-0.0054335668683052063
-0.075770854949951172
-0.095881365239620209
-0.066853068768978119
-0.18709467351436615
0.35131660103797913
0.97335153818130493
0.95172595977783203
0.062689483165740967
-0.32200834155082703
-0.075203649699687958
0
0
0
0
0
0
0.0056645972654223442
-0.12680412828922272
-0.23776398599147797
-0.0048787482082843781
0.24130664765834808
0.093561388552188873
0.046607103198766708
0.075745664536952972
0.13380181789398193
0.1861431896686554
0.24495422840118408
0.31492269039154053
0.32977771759033203
0.88782811164855957
0.79413223266601562
-0.080698251724243164
-0.41854658722877502
-0.089363396167755127
0
0
0
0
0
0
0
0.059957940131425858
-0.017202273011207581
0.072000406682491302
0.12527437508106232
0.19061417877674103
0.16505147516727448
0.15135551989078522
0.27694231271743774
0.27081185579299927
-0.037157021462917328
-0.24210898578166962
0.083043456077575684
0.94484502077102661
0.71013742685317993
-0.19551558792591095
-0.39860028028488159
0.047637417912483215
0
0
0
0
0
0
0
0.025805387645959854
0.098559647798538208
0.089589536190032959
0.17076802253723145
0.27257406711578369
0.29156190156936646
0.26358497142791748
0.32778328657150269
0.22595146298408508
-0.14363555610179901
-0.22776670753955841
0.24526365101337433
0.95908087491989136
0.81985366344451904
-0.19145756959915161
-0.30134665966033936
-0.023399459198117256
0
0
0
0
0
0
0
0
0
0.030840585008263588
0.042784769088029861
0.066464550793170929
0.075481310486793518
0.078177951276302338
0.033888977020978928
0.051177218556404114
-0.16665208339691162
-0.33262467384338379
0.16902448236942291
0.96048140525817871
0.86615663766860962
-0.235377237200737
-0.36775219440460205
-0.02573356032371521
0
0
0
0
0
0
0
0
0
0
0
0
0
0
0
0
-0.13475385308265686
-0.38770115375518799
0.14349956810474396
1.0896222591400146
0.60347634553909302
-0.23262506723403931
-0.21595217287540436
0.011032203212380409
0
0
0
0
0
0
0
0
0
0
0
0
0
0
0
0
-0.1729968786239624
-0.49971264600753784
0.14074526727199554
1.0291646718978882
0.63264286518096924
-0.069259591400623322
-0.1548236608505249
0
0
0
0
0
0
0
0
0
0
0
0
0
0
0
0
0
-0.42388758063316345
-0.4267309308052063
0.48965489864349365
1.1163164377212524
0.53389596939086914
-0.22284084558486938
-0.14091397821903229
0
0
0
0
0
0
0
0
0
0
0
0
0
0
0
0
0
-0.44853562116622925
0.04436521977186203
0.809273362159729
0.60248064994812012
-0.062305532395839691
-0.22794452309608459
-0.0036570578813552856
0
0
0
0
0
0
0
0
0
0
0
0
0
0
0
0
0
-0.056601211428642273
0.25050908327102661
0.3831595778465271
0.028864037245512009
-0.06941908597946167
-0.0094304531812667847
0.027212768793106079
0
0
0
0
0
0
0
0
0
0
0
0
0
0
0
0
0
0
0
0
0
0
0
0
0
0
0
0
0
0
0
0
0
0
0
0.034226756542921066
0.2039855420589447
0.21266248822212219
-0.02581312507390976
0.17629906535148621
0.026781301945447922
0
0
0
0.047917459160089493
0.090761065483093262
0.0094295535236597061
0.044961478561162949
0.03041965514421463
0.0034672222100198269
0
0
0
0
0
0
0
0
0
0.061459511518478394
0.24536705017089844
0.53454983234405518
0.34261000156402588
0.36771088838577271
0.26562178134918213
0
0
0
0.071394264698028564
0.33709275722503662
0.25324386358261108
0.14092808961868286
0.23592677712440491
0.050898939371109009
0
0
0
0
0
0
0
0
0.0027381405234336853
0.082589469850063324
0.40279501676559448
0.75255239009857178
0.73887056112289429
0.40131580829620361
0.25638371706008911
0
0
0
-0.0020641908049583435
0.36755040287971497
0.68994355201721191
0.34628254175186157
0.40683338046073914
0.20981521904468536
0.0013151533203199506
0
0
0
0
0
0
0
0.045523382723331451
0.17916947603225708
0.66343510150909424
1.2347657680511475
1.0378632545471191
0.29972046613693237
0.16347867250442505
0
0
0
0.059781104326248169
0.45794090628623962
0.96371519565582275
0.56502217054367065
0.34628662467002869
0.25237178802490234
0.014198422431945801
0
0
0
0
0
0
0.03080408088862896
0.17738677561283112
0.42128783464431763
1.0145465135574341
1.625117301940918
1.0783740282058716
0.19610562920570374
-0.064093858003616333
0
0
0
0.18173825740814209
0.76849853992462158
1.2589242458343506
0.88892024755477905
0.30938121676445007
0.23289547860622406
0.024004686623811722
0
0
0
0
0
0
0.095769591629505157
0.29014778137207031
0.65307486057281494
1.4616886377334595
1.7550702095031738
0.79598838090896606
0.020828749984502792
-0.19129052758216858
0
0
0.012321632355451584
0.22563670575618744
1.0131933689117432
1.5506776571273804
1.1671931743621826
0.40547320246696472
0.14148689806461334
0.019293034449219704
0
0
0
0
0
0.057500950992107391
0.17603832483291626
0.49553745985031128
1.1369006633758545
1.7428251504898071
1.4519078731536865
0.36699974536895752
-0.15389665961265564
-0.15997494757175446
0
0
0.088826529681682587
0.31958106160163879
1.0766192674636841
1.8716150522232056
1.2758456468582153
0.44523823261260986
0.085688352584838867
0.00849954504519701
0
0
0
0
0
0.079786114394664764
0.35167443752288818
0.83256876468658447
1.7323088645935059
1.792791485786438
0.79256850481033325
0.10270562022924423
-0.18113045394420624
-0.068574689328670502
0
0.021905124187469482
0.12980268895626068
0.59698879718780518
1.3591364622116089
2.0106856822967529
1.321589469909668
0.26406794786453247
-0.027935225516557693
-0.013893046416342258
0
0
0
0
0.010268026031553745
0.091555334627628326
0.60400104522705078
1.3604154586791992
1.8636569976806641
1.3971037864685059
0.27956488728523254
-0.079582482576370239
-0.12077108770608902
-0.0057534477673470974
0
0.078051403164863586
0.24694663286209106
0.8465617299079895
1.8697223663330078
1.9410998821258545
1.1286716461181641
0.063805162906646729
-0.16125819087028503
-0.018014507368206978
0
0
0
0
0.0086490027606487274
0.14463134109973907
0.89548057317733765
1.7908297777175903
1.7097833156585693
0.82217782735824585
0.058065816760063171
-0.19188012182712555
-0.025411061942577362
0
0
0.056347563862800598
0.46729743480682373
1.2661526203155518
2.1759843826293945
1.7603834867477417
0.71727132797241211
-0.016585951671004295
-0.19217762351036072
-0.011871807277202606
0
0
0
0
-0.0042116390541195869
0.17999300360679626
1.23009192943573
1.9746245145797729
1.3510808944702148
0.46752914786338806
-0.012627288699150085
-0.13724210858345032
0
0
0.015059772878885269
0.12936562299728394
0.76966297626495361
1.6856298446655273
2.1526525020599365
1.4233857393264771
0.32476440072059631
-0.023950740694999695
-0.11342621594667435
-0.0023972699418663979
0
0
0
0
0.0016616580542176962
0.24329556524753571
1.3244569301605225
2.1043009757995605
1.2235103845596313
0.41899934411048889
0.33072978258132935
0.17679451406002045
0.22498112916946411
0.29351156949996948
0.32824617624282837
0.41783428192138672
1.2232178449630737
2.2196686267852783
2.0087547302246094
1.0968514680862427
0.16596734523773193
-0.068913251161575317
-0.031643964350223541
0
0
0
0
0
0.017480358481407166
0.22330112755298615
1.0862963199615479
1.8289828300476074
1.4180505275726318
0.88280379772186279
0.91718864440917969
1.0100908279418945
0.85864531993865967
0.87589573860168457
0.97858065366744995
1.2076774835586548
1.9222184419631958
2.6223506927490234
1.9440587759017944
0.86897850036621094
0.084850706160068512
-0.055657006800174713
0
0
0
0
0
0
0.015741050243377686
0.22968533635139465
0.70541685819625854
1.172616720199585
1.1107512712478638
0.77040004730224609
0.90437614917755127
1.2048666477203369
1.1796687841415405
1.0820564031600952
1.2589534521102905
1.700708270072937
2.3150975704193115
2.6383452415466309
1.6990417242050171
0.6312483549118042
0.038972329348325729
-0.11698739230632782
0
0
0
0
0
0
0.0047383308410644531
0.19056048989295959
0.6371883749961853
0.90985530614852905
0.88661277294158936
0.60181581974029541
0.49988821148872375
0.71631705760955811
0.86025267839431763
0.82915329933166504
0.82381576299667358
1.3795850276947021
2.008087158203125
2.2083468437194824
1.4908736944198608
0.41811046004295349
0.078556820750236511
-0.084820806980133057
0
0
0
0
0
0
0
0.10791943222284317
0.41239595413208008
0.75015974044799805
0.92096304893493652
0.83126533031463623
0.71388798952102661
0.67523670196533203
0.74412041902542114
0.74672281742095947
0.70538508892059326
1.1935452222824097
1.9206063747406006
2.0421161651611328
1.2307174205780029
0.39048558473587036
0.11005900800228119
-0.0062547996640205383
0
0
0
0
0
0
0
0.021585728973150253
0.1246839165687561
0.30949956178665161
0.50671279430389404
0.63260567188262939
0.59982633590698242
0.53377807140350342
0.46845704317092896
0.33571940660476685
0.36247530579566956
1.0178276300430298
1.9496227502822876
2.1103191375732422
1.1050280332565308
0.35752230882644653
0.060051672160625458
-0.0076651107519865036
0
0
0
0
0
0
0
0
0
0.025797577574849129
0.086271345615386963
0.13063922524452209
0.1506173312664032
0.13408069312572479
0.073075383901596069
0.00099494494497776031
0.14972290396690369
0.89875054359436035
1.9498317241668701
2.2319183349609375
1.2019476890563965
0.32657080888748169
0.048630844801664352
-0.016229460015892982
0
0
0
0
0
0
0
0
0
0
0
0
0
0
0
0
0.21890830993652344
1.0084114074707031
1.8198597431182861
2.1668717861175537
1.2298474311828613
0.19136250019073486
0.050641030073165894
-0.021575430408120155
0
0
0
0
0
0
0
0
0
0
0
0
0
0
0
0
0.14071875810623169
0.96437162160873413
1.7595425844192505
1.9067084789276123
0.99852728843688965
-0.015143689699470997
-0.11241215467453003
0
0
0
0
0
0
0
0
0
0
0
0
0
0
0
0
0
0.037735685706138611
0.78681111335754395
1.6539328098297119
1.3069908618927002
0.43990722298622131
-0.23052453994750977
-0.21708552539348602
0
0
0
0
0
0
0
0
0
0
0
0
0
0
0
0
0
0.16669571399688721
0.72586905956268311
1.2290229797363281
0.63093578815460205
-0.048614785075187683
-0.20614515244960785
-0.15701943635940552
0
0
0
0
0
0
0
0
0
0
0
0
0
0
0
0
0
0.20485086739063263
0.59898853302001953
0.58004575967788696
0.19908076524734497
-0.12245006859302521
-0.11489193141460419
-0.053219392895698547
0
0
0
0
0
0
0
0
0
0
0
0
0
0
0
0
0
0
0
0
0
0
0
0
0
0
0
0
0
0
0
0
0
0
0
0.045490473508834839
0.23576045036315918
0.15955217182636261
0.070965342223644257
-0.029432579874992371
-0.085390605032444
0
0
0
0.063686661422252655
0.071132883429527283
0.041438799351453781
0.0062459097243845463
-0.02802739292383194
-0.011055033653974533
0
0
0
0
0
0
0
0
0
0.11189102381467819
0.34562218189239502
0.39841127395629883
-0.022127702832221985
-0.2667669951915741
-0.34430757164955139
0
0
0
0.13717752695083618
0.31853759288787842
0.16670197248458862
-0.0071347765624523163
-0.16405077278614044
-0.097217991948127747
0
0
0
0
0
0
0
0
0.0036392379552125931
0.2342187911272049
0.73189324140548706
0.58338272571563721
-0.19883221387863159
-0.60285234451293945
-0.69159531593322754
0
0
0
0.16251799464225769
0.49554556608200073
0.30251240730285645
-0.13031594455242157
-0.45153406262397766
-0.31667408347129822
-0.0041932887397706509
0
0
0
0
0
0
0
0.062921181321144104
0.4611642062664032
1.1211150884628296
0.58990085124969482
-0.47922259569168091
-0.81619495153427124
-0.82092821598052979
0
0
0
0.33327567577362061
0.77186131477355957
0.46562188863754272
-0.18660403788089752
-0.68197774887084961
-0.61938929557800293
-0.020589001476764679
0
0
0
0
0
0
0.040941424667835236
0.24996215105056763
0.80723482370376587
1.3619391918182373
0.44617128372192383
-0.453155517578125
-1.007420539855957
-0.73994755744934082
0
0
0
0.48595815896987915
1.0984995365142822
0.73245835304260254
-0.21771557629108429
-0.77567875385284424
-0.85094195604324341
-0.048689737915992737
0
0
0
0
0
0
0.15447166562080383
0.45897600054740906
1.1034344434738159
1.143096923828125
-0.039752811193466187
-0.68006789684295654
-0.91939324140548706
-0.45112714171409607
0
0
0.016376569867134094
0.56803208589553833
1.4361079931259155
1.0137603282928467
-0.16972765326499939
-0.95751732587814331
-0.99336510896682739
-0.07148250937461853
0
0
0
0
0
0.076423995196819305
0.3248283863067627
0.90511709451675415
1.2668920755386353
0.49926874041557312
-0.45599550008773804
-0.73805218935012817
-0.64940285682678223
-0.18518620729446411
0
0
0.12893261015415192
0.72927993535995483
1.5954887866973877
0.88734602928161621
-0.31194537878036499
-1.1379728317260742
-1.0121258497238159
-0.075851753354072571
0
0
0
0
0
0.1567886620759964
0.64811050891876221
1.2657763957977295
0.98644304275512695
-0.18819594383239746
-0.6925322413444519
-0.72610431909561157
-0.3306395411491394
-0.051189005374908447
0
0.029113903641700745
0.25457760691642761
1.0955870151519775
1.6032614707946777
0.61278480291366577
-0.53116613626480103
-1.233183741569519
-0.8973810076713562
-0.058839820325374603
0
0
0
0
0.013647141866385937
0.30419731140136719
1.0872150659561157
1.3818442821502686
0.46207201480865479
-0.52464854717254639
-0.84960132837295532
-0.6988639235496521
-0.10809518396854401
-0.0038370923139154911
0
0.12306909263134003
0.5161592960357666
1.4238101243972778
1.4257305860519409
0.20916464924812317
-0.82234865427017212
-1.1440995931625366
-0.62142276763916016
-0.028885705396533012
0
0
0
0
0.020557032898068428
0.5291934609413147
1.3715090751647949
1.2103725671768188
0.059636883437633514
-0.82892364263534546
-0.96454066038131714
-0.39444583654403687
-0.016947157680988312
0
0
0.19051787257194519
0.90908336639404297
1.5678653717041016
1.016191840171814
-0.18103364109992981
-0.96421724557876587
-0.97102493047714233
-0.31471887230873108
-0.010190526023507118
0
0
0
0
0.023946981877088547
0.70382577180862427
1.5985867977142334
0.96575260162353516
-0.091024488210678101
-0.93296253681182861
-0.91841667890548706
-0.1480136513710022
0
0
0.020015807822346687
0.41988804936408997
1.3131967782974243
1.5692486763000488
0.64491605758666992
-0.6206367015838623
-1.034340500831604
-0.81901311874389648
-0.10708992183208466
-0.0015987884253263474
0
0
0
0
0.039081797003746033
0.81084686517715454
1.5821268558502197
1.0158814191818237
0.057231351733207703
-0.83014762401580811
-0.71780043840408325
0.025196518748998642
0.16317157447338104
0.22314247488975525
0.28890895843505859
0.73992288112640381
1.5774842500686646
1.4028322696685791
0.3072676956653595
-0.92490816116333008
-1.1290609836578369
-0.65263265371322632
-0.021104007959365845
0
0
0
0
0
0.043390423059463501
0.70464396476745605
1.3675999641418457
1.0457106828689575
0.44506475329399109
-0.59445023536682129
-0.48410764336585999
0.12096467614173889
0.25936341285705566
0.29095155000686646
0.34865587949752808
0.88284444808959961
1.4060488939285278
0.91451376676559448
-0.19098030030727386
-1.1807640790939331
-1.1722240447998047
-0.47031250596046448
0
0
0
0
0
0
0.024398256093263626
0.58080273866653442
1.0704346895217896
0.98422414064407349
0.4067482054233551
-0.38544639945030212
-0.59266316890716553
-0.36651510000228882
-0.23593223094940186
-0.23700925707817078
-0.044966474175453186
0.60050731897354126
0.98141157627105713
0.4211161732673645
-0.65314310789108276
-1.2451865673065186
-1.1068328619003296
-0.29862549901008606
0
0
0
0
0
0
0.0058553717099130154
0.36838400363922119
0.85020875930786133
1.0269399881362915
0.7406308650970459
0.14970345795154572
-0.1359935998916626
-0.25138700008392334
-0.19070771336555481
-0.22915765643119812
-0.015014834702014923
0.66515600681304932
1.1100881099700928
0.52611100673675537
-0.86068236827850342
-1.2881267070770264
-1.0299431085586548
-0.13868324458599091
0
0
0
0
0
0
0
0.15589421987533569
0.47836056351661682
0.8798682689666748
0.90920794010162354
0.67450588941574097
0.39074355363845825
0.27733927965164185
0.17832472920417786
0.14307408034801483
0.58540534973144531
1.297019362449646
1.7075848579406738
0.68230289220809937
-0.82700049877166748
-1.2579582929611206
-1.067913293838501
-0.091628924012184143
0
0
0
0
0
0
0
0.026674471795558929
0.13511912524700165
0.36555230617523193
0.63113683462142944
0.68502670526504517
0.62879461050033569
0.5751960277557373
0.44148865342140198
0.38205793499946594
0.84443747997283936
1.5985251665115356
1.9193333387374878
0.78991639614105225
-0.80226874351501465
-1.3778637647628784
-1.0536878108978271
-0.071036741137504578
0
0
0
0
0
0
0
0
0
0.031879246234893799
0.083951734006404877
0.1641470193862915
0.19885899126529694
0.17774760723114014
0.11190594732761383
0.061674639582633972
0.46224206686019897
1.4004837274551392
1.9355812072753906
0.86634248495101929
-0.77490818500518799
-1.395972728729248
-1.0131349563598633
-0.031280528753995895
0
0
0
0
0
0
0
0
0
0
0
0
0
0
0
0
0.56870836019515991
1.4622892141342163
1.7922595739364624
0.74262362718582153
-0.84756731986999512
-1.2970894575119019
-0.96657544374465942
-0.014389095827937126
0
0
0
0
0
0
0
0
0
0
0
0
0
0
0
0
0.53149968385696411
1.3766419887542725
1.5095168352127075
0.38357645273208618
-0.9554436206817627
-1.1672940254211426
-0.75262278318405151
0
0
0
0
0
0
0
0
0
0
0
0
0
0
0
0
0
0.47181844711303711
1.2134740352630615
1.0476052761077881
0.16349436342716217
-0.764382004737854
-0.76174789667129517
-0.41831427812576294
0
0
0
0
0
0
0
0
0
0
0
0
0
0
0
0
0
0.52638381719589233
0.85785931348800659
0.58475816249847412
0.25356960296630859
-0.28732788562774658
-0.36499416828155518
-0.15517950057983398
0
0
0
0
0
0
0
0
0
0
0
0
0
0
0
0
0
0.35152041912078857
0.46600434184074402
0.43084165453910828
0.30720388889312744
-0.09062560647726059
-0.13860383629798889
-0.035493101924657822
0
0
0
0
0
