2.6225342750549316
1.7426824569702148
-3.2192542552947998
1.3830572366714478
2.546320915222168
4.1814875602722168
-2.9673416614532471
-0.17883990705013275
1.5101253986358643
0.77739417552947998
-0.55203473567962646
2.9682595729827881
-4.025761604309082
-0.68047726154327393
2.6582376956939697
-1.4193485975265503
-1.5780866146087646
0.23673233389854431
2.2100131511688232
2.3647565841674805
-3.6009037494659424
-0.27808663249015808
0.50558739900588989
3.4465880393981934
3.3239710330963135
-3.0180058479309082
4.431396484375
-2.5273430347442627
-3.4529373645782471
1.7034566402435303
2.413921594619751
-0.50768482685089111
4.7832493782043457
1.4200252294540405
-1.2589614391326904
-3.044076681137085
5.2577934265136719
3.6215336322784424
-1.2006887197494507
2.0078740119934082
-3.1734724044799805
-3.7062215805053711
-3.765789270401001
-5.2335777282714844
1.2132298946380615
1.9957540035247803
-0.91428184509277344
5.3330888748168945
-2.159710168838501
-0.37233701348304749
2.7220625877380371
-3.3187785148620605
-1.1860673427581787
-3.0614147186279297
-6.3002347946166992
-4.1422629356384277
-5.75140380859375
-3.8905236721038818
1.2901082038879395
-5.4715628623962402
-2.9325017929077148
2.0635941028594971
5.1154766082763672
-3.9708740711212158
2.2136011123657227
1.1042137145996094
4.0075545310974121
5.673647403717041
-3.6400742530822754
-7.7189550399780273
3.5689511299133301
-2.6026129722595215
2.4340806007385254
2.972236156463623
2.682772159576416
0.4020429253578186
-9.0677652359008789
6.945183277130127
-4.1060342788696289
0.91012704372406006
0.16196894645690918
-5.0101633071899414
-0.70979034900665283
-5.3744287490844727
-3.0951423645019531
1.1001812219619751
2.9793944358825684
2.0518190860748291
-5.194084644317627
7.8442368507385254
5.8392853736877441
-4.6562247276306152
4.6160440444946289
-4.3382382392883301
-3.4488742351531982
4.0872611999511719
-0.36558300256729126
1.4948195219039917
0.71753501892089844
-2.6957643032073975
3.1687159538269043
-3.1888196468353271
-4.7892589569091797
-2.0119709968566895
-7.0607147216796875
2.1066639423370361
-1.04579758644104
-3.1918566226959229
-3.5456011295318604
3.7841353416442871
-2.9798643589019775
2.2225830554962158
0.16440224647521973
-3.3372976779937744
-3.3734061717987061
-1.475237250328064
5.2109479904174805
-4.6834239959716797
0.86935478448867798
8.2330827713012695
