-6.8281989097595215
4.9632396697998047
-3.0343227386474609
1.9819998741149902
1.2505793571472168
8.3111190795898438
0.51051688194274902
-0.42411476373672485
-0.086129061877727509
4.1726117134094238
0.88694828748703003
-3.662482738494873
-3.5529482364654541
7.4777717590332031
-1.5304944515228271
2.592221736907959
1.3174192905426025
-2.6559090614318848
-1.164642333984375
6.1956706047058105
4.7561283111572266
5.8547654151916504
-4.0704784393310547
5.1455049514770508
3.5219657421112061
1.6953122615814209
1.9285063743591309
4.1406974792480469
5.350214958190918
5.9777064323425293
2.4897279739379883
-4.7001657485961914
-1.3801816701889038
-5.1102762222290039
4.4439191818237305
-2.4253768920898438
6.5496673583984375
1.9146277904510498
3.6437005996704102
-0.48985692858695984
0.91853874921798706
-5.8692364692687988
3.4462966918945312
2.650836706161499
0.30833917856216431
-0.49031916260719299
-3.7758152484893799
-1.2146116495132446
-1.7846357822418213
4.2047405242919922
4.4487471580505371
6.105743408203125
1.8681327104568481
4.6946606636047363
5.5473423004150391
-2.2159509658813477
4.6624031066894531
4.1583728790283203
-0.76324623823165894
-2.615405797958374
-4.8984804153442383
3.8569636344909668
-0.96012437343597412
-0.3135039210319519
-0.40690311789512634
-4.1009817123413086
4.5025801658630371
1.2386907339096069
1.6415073871612549
2.3431961536407471
-1.3503820896148682
-0.22990584373474121
0.56426310539245605
5.3976759910583496
2.8195674419403076
-2.585345983505249
3.4858388900756836
6.3005328178405762
3.5705571174621582
-3.9441707134246826
2.6090507507324219
2.5954997539520264
-3.9754936695098877
-4.4484395980834961
