0
0
0
0
0
0
0
0
0
0
0
0
0
0
0
0
0
0
0
0
0
0
0
0
0
0
0
0
0
0
0
0
0
0
0
0
0
0
0
0
0
0
0
0
0
0
0
0
0
0
0
0
0
0
0
0
0
0
0
0
0
0
0
0
0
0
0
0
0
0
0
0
0
0
0
0
0
0
0
0
0
0
0
0
0
0
0
0
0
0
0
0
0
0
0
0
0
0
0
0
0
0
0
0
0
0
0
0
0
0
0
0
0
0
0
0
0
0
0
0
0
0
0
0
0
0
0
0
0
0
0
0
0
0
0
0
0
0
0
0
0
0
0
0
0
0
0
0
0
0
0.19607843458652496
0.87843137979507446
0
0
0
0
0
0
0
0.27450981736183167
0.11372549086809158
0
0
0
0
0
0
0
0
0
0
0
0
0
0
0
0
0
0.47450980544090271
0.90588235855102539
0
0
0
0
0
0
0
0.58039218187332153
0.65882354974746704
0
0
0
0
0
0
0
0
0
0
0
0
0
0
0
0
0.015686275437474251
0.76470589637756348
0.90588235855102539
0
0
0
0
0
0
0
0.37647059559822083
0.82352942228317261
0.043137256056070328
0
0
0
0
0
0
0
0
0
0
0
0
0
0
0
0.27058824896812439
0.98823529481887817
0.52549022436141968
0
0
0
0
0
0
0
0.44705882668495178
0.98823529481887817
0.08235294371843338
0
0
0
0
0
0
0
0
0
0
0
0
0
0
0.17647059261798859
0.92549020051956177
0.85098040103912354
0.047058824449777603
0
0
0
0
0
0
0
0.75294119119644165
0.98823529481887817
0.08235294371843338
0
0
0
0
0
0
0
0
0
0
0
0
0
0
0.65882354974746704
0.9686274528503418
0.20784313976764679
0
0
0
0
0
0
0
0.070588238537311554
1
0.99215686321258545
0.08235294371843338
0
0
0
0
0
0
0
0
0
0
0
0
0
0.32941177487373352
0.94901961088180542
0.82745099067687988
0
0
0
0
0
0
0
0
0.55294120311737061
0.99215686321258545
0.74117648601531982
0.019607843831181526
0
0
0
0
0
0
0
0
0
0
0
0
0
0.66274511814117432
0.98823529481887817
0.41568627953529358
0
0
0
0
0
0
0
0.12549020349979401
0.90980392694473267
0.98039215803146362
0.25882354378700256
0
0
0
0
0
0
0
0
0
0
0
0
0
0.058823529630899429
0.88235294818878174
0.98823529481887817
0
0
0
0
0
0
0
0
0.52549022436141968
0.98823529481887817
0.82745099067687988
0
0
0
0
0
0
0
0
0
0
0
0
0
0
0.086274512112140656
0.98823529481887817
0.64313727617263794
0
0
0
0
0
0
0
0
0.66274511814117432
0.98823529481887817
0.65490198135375977
0
0
0
0
0
0
0
0
0
0
0
0
0
0
0.035294119268655777
0.80000001192092896
0.81960785388946533
0.070588238537311554
0
0
0
0
0
0
0.086274512112140656
0.99215686321258545
0.99215686321258545
0.41960784792900085
0
0
0
0
0
0
0
0
0
0
0
0
0
0
0
0.66274511814117432
0.98823529481887817
0.78039216995239258
0.3333333432674408
0.3333333432674408
0.3333333432674408
0.3333333432674408
0.5058823823928833
0.64313727617263794
0.76470589637756348
0.98823529481887817
0.98823529481887817
0.41568627953529358
0
0
0
0
0
0
0
0
0
0
0
0
0
0
0
0.16078431904315948
0.66666668653488159
0.96078431606292725
0.98823529481887817
0.98823529481887817
0.98823529481887817
0.98823529481887817
0.90980392694473267
0.90588235855102539
0.9843137264251709
0.98823529481887817
0.98823529481887817
0.035294119268655777
0
0
0
0
0
0
0
0
0
0
0
0
0
0
0
0
0
0.19215686619281769
0.32941177487373352
0.32941177487373352
0.32941177487373352
0.32941177487373352
0
0
0.63137257099151611
0.98823529481887817
0.98823529481887817
0
0
0
0
0
0
0
0
0
0
0
0
0
0
0
0
0
0
0
0
0
0
0
0
0
0.49803921580314636
0.98823529481887817
0.98823529481887817
0.17647059261798859
0
0
0
0
0
0
0
0
0
0
0
0
0
0
0
0
0
0
0
0
0
0
0
0
0.50196081399917603
0.99215686321258545
0.99215686321258545
0
0
0
0
0
0
0
0
0
0
0
0
0
0
0
0
0
0
0
0
0
0
0
0
0
0.49803921580314636
0.98823529481887817
0.98823529481887817
0
0
0
0
0
0
0
0
0
0
0
0
0
0
0
0
0
0
0
0
0
0
0
0
0
0.52941179275512695
0.98823529481887817
0.95686274766921997
0
0
0
0
0
0
0
0
0
0
0
0
0
0
0
0
0
0
0
0
0
0
0
0
0
0.90980392694473267
0.92549020051956177
0.43529412150382996
0
0
0
0
0
0
0
0
0
0
0
0
0
0
0
0
0
0
0
0
0
0
0
0
0
0.70196080207824707
0.25882354378700256
0
0
0
0
0
0
0
0
0
0
0
0
0
0
0
0
0
0
0
0
0
0
0
0
0
0
0
0
0
0
0
0
0
0
0
0
0
0
0
0
0
0
0
0
0
0
0
0
0
0
0
0
0
0
0
0
0
0
0
0
0
0
0
0
0
0
0
0
0
0
0
0
0
0
0
0
0
0
0
0
0
0
0
0
0
0
0
0
0
0
0
0
0
0
