0
0
0
0.00071374588878825307
0.041222192347049713
0.17046850919723511
0
0.00099924427922815084
0.0077763032168149948
0.058849088847637177
0.022069584578275681
0
0
0
5.7099670812021941e-05
0
0
0
0
0
0
0.064562931656837463
0.1006496250629425
0
0
0
0.00064237130573019385
0
0
0
0
0.037705060094594955
0
0
0.0056635132059454918
0
0
0.0011990930652245879
0
0
0
0.19157654047012329
0
0.040197141468524933
0.030920537188649178
0
0
0
0
0.00021412376372609288
0
0.011771482415497303
0.066943414509296417
0.32229399681091309
0.00045679736649617553
0
0
0
0.0078930966556072235
0
0
0
0.065004974603652954
0.052718676626682281
0.21291103959083557
0.057966310530900955
0.00031404817127622664
0
0.0065490747801959515
0.085858240723609924
0.19452230632305145
0
0
0.13152487576007843
0.18482157588005066
0.083954393863677979
0.27389028668403625
0.088713303208351135
0.085089258849620819
0.16734147071838379
0.10716010630130768
0
0.072184465825557709
0
0
0.20443354547023773
0.37101238965988159
0.2702292799949646
0
0
0
0
0
0.10383294522762299
0
0
0
0.13844314217567444
0.64591014385223389
1.1148456335067749
1.3437348604202271
1.2882825136184692
1.1510293483734131
0.8466067910194397
0.047244749963283539
0.071043461561203003
0
0
0
0
0.034687630832195282
0.15711084008216858
0.36218947172164917
0.34100461006164551
0.28716331720352173
0.1669599711894989
0.04461481049656868
0.049216680228710175
0
0
0
0
0
0
0
0
0.092476628720760345
0.19562183320522308
0.065453276038169861
0.0071099251508712769
0
0
0
0
0
0
0
0
0.4589599072933197
0.71324968338012695
0.66201913356781006
0.23381626605987549
0
0
0
0
0
0
0
0.10456235706806183
0
0
0
0
0.013537091203033924
0
0
0
0
0
0
0.43089687824249268
0
0
0
0
0.21909667551517487
0
0
0
0
0
0.15765433013439178
0.79731041193008423
0
0
0
0
0.54743778705596924
0
0
0
0
0.09456324577331543
1.2217615842819214
0.88482975959777832
0
0
0
0.45217350125312805
0.60228413343429565
0
0
0
0
0.69639128446578979
1.2766240835189819
0.31229189038276672
0
0
0.15313112735748291
1.0520695447921753
0.51742929220199585
0
0
0
0.1711679995059967
0.93094998598098755
1.0701372623443604
0
0
0
0.69736552238464355
1.1345318555831909
0.15355195105075836
0
0
0.28796535730361938
0.39600944519042969
0.075265988707542419
0.02565370500087738
0
0
0
0.78822636604309082
0.89670032262802124
0
0
0
0.45593374967575073
1.1087644100189209
0.93164312839508057
0.35931730270385742
0.64099079370498657
0.55070841312408447
0.23681136965751648
0.84866040945053101
0.87436151504516602
0
0
0
0.25024044513702393
1.2845612764358521
1.584587574005127
1.5165096521377563
1.6901496648788452
1.5429487228393555
0.53367042541503906
0.62766116857528687
0.70989161729812622
0
0
0
0
0.062430739402770996
0.28020310401916504
0.40901720523834229
0.28809523582458496
0.10922509431838989
0
0.77204626798629761
0.62667745351791382
0
0
0
0
0
0
0
0
0.51207321882247925
1.2734267711639404
1.2631746530532837
0.39217519760131836
0
0
0
0
0
0
0
0
1.0203096866607666
1.4380226135253906
1.0902456045150757
0.0073838904500007629
0
0
0
0
0
0
0
0.25517430901527405
0
0
0
0.087600372731685638
0.024908673018217087
0
0
0
0
0.35821905732154846
0.70552992820739746
0.74234545230865479
0
0.1324487030506134
0.30225330591201782
0.53124320507049561
0.24267882108688354
0
0
0
0
0.75702708959579468
1.236488938331604
0.8515012264251709
0
0.14601807296276093
0.65706378221511841
0.91878461837768555
0.44539943337440491
0
0
0
0.36815798282623291
1.379279613494873
1.4269883632659912
0.51416307687759399
0
0.21824851632118225
1.1519830226898193
1.2766505479812622
0.57569622993469238
0
0
0.1042049452662468
0.97841191291809082
1.3379380702972412
0.93713724613189697
0.19074225425720215
0
0.60359501838684082
1.5173909664154053
1.4221574068069458
0.42583757638931274
0
0
0.33998808264732361
1.0593240261077881
1.2780001163482666
0.61664414405822754
0.038065962493419647
0.12934798002243042
1.070391058921814
1.4267767667770386
1.1060867309570312
0.18488043546676636
0
0
0.35162979364395142
1.0011874437332153
0.96728813648223877
0.83054971694946289
0.58165270090103149
1.0571684837341309
1.8476458787918091
1.6705758571624756
0.95172059535980225
0.047402895987033844
0
0
0.18512547016143799
1.1591181755065918
1.6548608541488647
1.5296720266342163
1.5648298263549805
1.6598767042160034
1.7520126104354858
1.6590645313262939
0.69058936834335327
0
0
0
0.012108701281249523
0.1208638995885849
0.62396281957626343
0.72056674957275391
0.57510709762573242
0.90015405416488647
1.6130276918411255
1.588444709777832
0.64108848571777344
0
0
0
0
0.0027636694721877575
0
0.042249016463756561
0.076666854321956635
0.65644049644470215
1.5424515008926392
1.5906893014907837
0.58369612693786621
0
0
0
0
0
0
0
0
0.78063440322875977
1.5669119358062744
1.3018805980682373
0.32507765293121338
0
0
0
0
0
0
0
0
0.41331958770751953
0.41636225581169128
0.35173842310905457
0.14125502109527588
0
0
0
0
0
0.10188243538141251
0.14195886254310608
0
0
0.036910206079483032
0.033769711852073669
0.023171722888946533
0
0
0
0
0.0021091545931994915
0.063826993107795715
0.54646521806716919
0.068050488829612732
0
0.07807382196187973
0.040769416838884354
0.23500168323516846
0
0
0
0
0.10381413996219635
0
0.69837343692779541
0
0
0
0.42966961860656738
0.63866633176803589
0
0
0
0.04429224506020546
0.088607050478458405
0.7226746678352356
0.79770773649215698
0
0
0.074356719851493835
0.66520845890045166
0.83088582754135132
0
0
0
0.089153900742530823
0
1.044938325881958
0.26938167214393616
0.025989167392253876
0.070672720670700073
0.084774136543273926
1.0579102039337158
0.78115385770797729
0
0
0
0.01160787045955658
0.81945246458053589
1.1529269218444824
0
0.012993483804166317
0.040751982480287552
0.073473721742630005
1.1185866594314575
0.15414348244667053
0.0072618089616298676
0
0
0
1.0588140487670898
0.82620376348495483
0.010283797979354858
0.0092761293053627014
0.041415717452764511
0.46691989898681641
1.0044078826904297
0
0.01618056558072567
0
0
0.0056645972654223442
0.4180493950843811
0.50835371017456055
0.075745664536952972
0.1861431896686554
0.31492269039154053
0.97335153818130493
0.95172595977783203
0
0
0
0
0.059957940131425858
0.098559647798538208
0.27257406711578369
0.29156190156936646
0.32778328657150269
0
0.95908087491989136
0.81985366344451904
0.047637417912483215
0
0
0
0
0.030840585008263588
0.066464550793170929
0.078177951276302338
0.051177218556404114
0
1.0896222591400146
0.86615663766860962
0.011032203212380409
0
0
0
0
0
0
0
0
0
1.1163164377212524
0.63264286518096924
0
0
0
0
0
0
0
0
0
0.25050908327102661
0.809273362159729
0
0.027212768793106079
0
0
0
0
0
0.2039855420589447
0.21266248822212219
0.17629906535148621
0
0.047917459160089493
0.090761065483093262
0.044961478561162949
0.0034672222100198269
0
0
0
0.0027381405234336853
0.40279501676559448
0.75255239009857178
0.40131580829620361
0
0.071394264698028564
0.68994355201721191
0.40683338046073914
0.20981521904468536
0
0
0
0.17738677561283112
1.0145465135574341
1.625117301940918
0.29972046613693237
0
0.18173825740814209
1.2589242458343506
0.88892024755477905
0.25237178802490234
0
0
0.057500950992107391
0.49553745985031128
1.7428251504898071
1.7550702095031738
0.020828749984502792
0
0.31958106160163879
1.8716150522232056
1.2758456468582153
0.14148689806461334
0
0
0.091555334627628326
1.3604154586791992
1.8636569976806641
0.79256850481033325
0
0.078051403164863586
0.8465617299079895
2.0106856822967529
1.321589469909668
0
0
0
0.17999300360679626
1.9746245145797729
1.7097833156585693
0.058065816760063171
0
0.12936562299728394
1.6856298446655273
2.1759843826293945
0.71727132797241211
0
0
0
0.24329556524753571
2.1043009757995605
1.4180505275726318
1.0100908279418945
0.87589573860168457
1.2076774835586548
2.6223506927490234
2.0087547302246094
0.16596734523773193
0
0
0
0.22968533635139465
1.172616720199585
1.1107512712478638
1.2048666477203369
1.1796687841415405
1.700708270072937
2.6383452415466309
1.6990417242050171
0.078556820750236511
0
0
0
0.10791943222284317
0.75015974044799805
0.92096304893493652
0.71388798952102661
0.74672281742095947
1.1935452222824097
2.1103191375732422
1.2307174205780029
0.11005900800228119
0
0
0
0
0.025797577574849129
0.13063922524452209
0.1506173312664032
0.073075383901596069
1.0084114074707031
2.2319183349609375
1.2298474311828613
0.050641030073165894
0
0
0
0
0
0
0
0
0.96437162160873413
1.9067084789276123
0.99852728843688965
0
0
0
0
0
0
0
0
0
0.72586905956268311
1.2290229797363281
0
0
0
0
0
0
0
0.23576045036315918
0.15955217182636261
0
0
0.063686661422252655
0.071132883429527283
0.0062459097243845463
0
0
0
0
0.0036392379552125931
0.73189324140548706
0.58338272571563721
0
0
0.16251799464225769
0.49554556608200073
0
0
0
0
0
0.24996215105056763
1.3619391918182373
0.58990085124969482
0
0
0.48595815896987915
1.0984995365142822
0
0
0
0
0.076423995196819305
0.90511709451675415
1.2668920755386353
0
0
0
0.72927993535995483
1.5954887866973877
0
0
0
0
0.30419731140136719
1.3818442821502686
0.98644304275512695
0
0
0.12306909263134003
1.4238101243972778
1.6032614707946777
0
0
0
0
0.70382577180862427
1.5985867977142334
0.059636883437633514
0
0
0.41988804936408997
1.5692486763000488
1.016191840171814
0
0
0
0
0.81084686517715454
1.5821268558502197
0.44506475329399109
0.12096467614173889
0.29095155000686646
0.88284444808959961
1.5774842500686646
0.3072676956653595
0
0
0
0
0.58080273866653442
1.0704346895217896
0.7406308650970459
0
0
0.66515600681304932
1.1100881099700928
0
0
0
0
0
0.15589421987533569
0.8798682689666748
0.90920794010162354
0.62879461050033569
0.44148865342140198
1.5985251665115356
1.9193333387374878
0
0
0
0
0
0
0.031879246234893799
0.1641470193862915
0.19885899126529694
0.11190594732761383
1.4622892141342163
1.9355812072753906
0
0
0
0
0
0
0
0
0
0
1.3766419887542725
1.5095168352127075
0
0
0
0
0
0
0
0
0
0
0.85785931348800659
0.58475816249847412
0
0
0
0
