2.0725448131561279
0
2.9254755973815918
0.88768726587295532
2.3010420799255371
0.34243333339691162
2.7660739421844482
0.1642187237739563
0.5665242075920105
0
3.1727666854858398
0
0
0.50295466184616089
3.7409224510192871
0
1.0810959339141846
1.7965489625930786
0.55556225776672363
1.4766253232955933
0.0059995888732373714
0.48521676659584045
1.22281813621521
1.2942368984222412
1.4023844003677368
1.6595331430435181
1.3705744743347168
0.26390719413757324
0
0
0
0.17921163141727448
0
0
0
0
0
0
0
0
2.2230348587036133
2.9217267036437988
0.24293547868728638
0
2.8626334667205811
3.7504923343658447
1.2146574258804321
0
3.030087947845459
1.1574864387512207
1.1651431322097778
2.6067357063293457
3.1077675819396973
0
2.644639253616333
3.2741494178771973
2.6884391307830811
0
3.4550361633300781
0.78086292743682861
0
0
2.6729955673217773
0
1.0431525707244873
0.94681066274642944
0.48030573129653931
1.3046727180480957
1.2448766231536865
0.99379819631576538
0.93379628658294678
1.7729847431182861
1.6698839664459229
0.97781336307525635
1.5836668014526367
1.8511710166931152
0.20789498090744019
0.12461303174495697
3.0583131313323975
2.8952438831329346
0
1.4626020193099976
0.21126127243041992
0.31801441311836243
1.9868301153182983
2.1618561744689941
0
1.3610625267028809
1.067802906036377
0
1.5428023338317871
2.0349516868591309
1.6906932592391968
0.82150471210479736
0.064235635101795197
0.74304449558258057
2.715317964553833
0.49334999918937683
2.2859442234039307
1.7028989791870117
3.2061855792999268
0.53994083404541016
3.7130780220031738
1.7693800926208496
0.61232227087020874
1.5801553726196289
3.6931262016296387
0.20571324229240417
0.23537507653236389
1.6725224256515503
3.2883129119873047
0
0.095533326268196106
0.1226741150021553
0.30625864863395691
0.48495772480964661
1.0626474618911743
0
0
0
3.466977596282959
2.9471495151519775
1.9621151685714722
0.54705119132995605
0
1.0025734901428223
1.4038392305374146
1.5728516578674316
0.84522163867950439
1.8479933738708496
2.8538079261779785
0
0
3.0339977741241455
2.8361070156097412
0.49209356307983398
0
2.2183644771575928
0.89744997024536133
2.6142032146453857
0
1.6417580842971802
1.1103736162185669
2.4630904197692871
1.4140645265579224
1.8656964302062988
0.26397749781608582
2.3006501197814941
3.1897127628326416
2.357729434967041
1.3689569234848022
2.6479597091674805
2.2700326442718506
0.96153503656387329
1.7774370908737183
2.9353706836700439
0
0
0.75078010559082031
1.9526336193084717
1.499030590057373
0
1.9946439266204834
0
0
3.6021959781646729
2.9305987358093262
0
0
1.0932507514953613
0
0.93637388944625854
0
0
0
0.74950945377349854
0.99672138690948486
0.68651413917541504
0.8518255352973938
0.92512720823287964
0.71368098258972168
0.87328416109085083
0.84533029794692993
0.076737627387046814
2.3774752616882324
3.701770544052124
2.297520637512207
0.71532344818115234
0.38183426856994629
0
0
1.2236685752868652
0
3.7347209453582764
0.34859788417816162
3.3429932594299316
1.1169679164886475
3.2208578586578369
0
4.3527865409851074
0.36885079741477966
0.84711909294128418
0
3.8736419677734375
1.0970927476882935
1.7406446933746338
0
3.9531667232513428
0.91999417543411255
1.7933065891265869
0
3.0634050369262695
1.8206689357757568
1.1198552846908569
0
2.6024055480957031
2.3322734832763672
1.6591168642044067
1.9290282726287842
3.2101337909698486
0
0
2.4056189060211182
4.3647575378417969
1.3570560216903687
1.7900664806365967
0
1.134939432144165
1.8232700824737549
0.061619970947504044
0.85085791349411011
1.7317651510238647
1.1422668695449829
0.76198869943618774
2.3135209083557129
1.7048348188400269
1.1008554697036743
0
2.4581618309020996
2.9981989860534668
0.37677988409996033
0.19473110139369965
0.51685631275177002
0.47971147298812866
0.59056550264358521
0
0
0
2.3740096092224121
2.4745676517486572
2.1217396259307861
0.50731009244918823
0.47770574688911438
0
1.2159299850463867
0.86966240406036377
