0
0
0
0
0
0
0
0
0
0
0
0
0
0
0
0
0
0
0
0
0
0
0
0
0
0
0
0
0
0
0.00071374588878825307
0
0
0.041222192347049713
0.081133745610713959
0.17046850919723511
0
0
0
0.00099924427922815084
0
0.0077763032168149948
0.01755513995885849
0.058849088847637177
0.022069584578275681
0
0
0
0
0
0
0
0
0
0
0
0
0
0
0
0
0
0
0
0
0
0
0.064562931656837463
0.1006496250629425
0
0
0
0
0
0
0
0
5.7099670812021941e-05
0
0
0
0
0
0
0
0
0
0
0
0
0
0
0
0.0083712218329310417
0
0
0
0
0
0
0
6.6316744778305292e-05
0
0
0
0
0
0
0
0
0
0
0
0
0
0
0
0.0056635132059454918
0
0
0
0
0
0
0.00064237130573019385
0
0
0
0
0
0
0
0
0
0
0.037705060094594955
0
0
0
0
0
0
0
0
0
0
0
0
0
0
0
0
0
0
0
0
0
0
0.00025694852229207754
0.040197141468524933
0.030920537188649178
0
0
0
0
0
0
0
0
0
0
0.0011990930652245879
0
0
0
0
0
0
0.090061545372009277
0.19157654047012329
0
0
0
0
0
0
0
0
0
0
0
0
0
0
0
0
0
0
0
0.011771482415497303
0
0
0.32229399681091309
0.14298364520072937
0
0.00045679736649617553
0
0
0
0
0
0
0
0
0
0
0
0
0.00021412376372609288
0
0
0
0
0
0
0.066943414509296417
0.23946338891983032
0.013124448247253895
0
0
0
0
0
0
0
0
0
0.0078930966556072235
0
0
0
0
0
0
0
0
0
0
0
0.099387198686599731
0.057966310530900955
0
0
0
0
0
0
0
0
0.085858240723609924
0.13732999563217163
0.021479157730937004
0
0
0
0
0
0
0
0.065004974603652954
0.052718676626682281
0
0.11116307228803635
0.21291103959083557
0
0
0.00031404817127622664
0
0
0
0.0065490747801959515
0
0
0.067064359784126282
0.19452230632305145
0.0054685198701918125
0
0
0
0
0
0.018141262233257294
0.12080573290586472
0.11966536194086075
0.083954393863677979
0
0.10133127868175507
0.27389028668403625
0.088713303208351135
0.086026087403297424
0.085089258849620819
0.026187624782323837
0.11515598744153976
0.16734147071838379
0.10716010630130768
0
0
0
0.072184465825557709
0
0
0
0
0
0.015432262793183327
0.13152487576007843
0.18482157588005066
0.054723042994737625
0.010290789417922497
0
0
0
0.040496978908777237
0.028221398591995239
0
0
0
0
0
0
0
0
0
0
0
0
0
0
0.019702229648828506
0.18411767482757568
0.1837749183177948
0.0042005395516753197
0
0
0
0
0
0
0
0
0
0
0
0
0
0
0
0
0
0
0
0
0.0063711977563798428
0.20443354547023773
0.37101238965988159
0.31530973315238953
0.2702292799949646
0
0
0
0
0
0
0
0
0
0
0
0
0.10383294522762299
0
0
0
0
0
0
0
0.13844314217567444
0.40053233504295349
0.64591014385223389
0.91112571954727173
1.1148456335067749
0.95168048143386841
0.57632255554199219
0.45903030037879944
0.57795417308807373
0.60008800029754639
0.61022257804870605
0.64220607280731201
0.38718163967132568
0.010923169553279877
0
0
0.071043461561203003
0
0
0
0
0
0
0
0.029024343937635422
0.15015442669391632
0.35011652112007141
0.60857111215591431
0.95357674360275269
1.2517894506454468
1.3437348604202271
1.2882825136184692
1.2294185161590576
1.1510293483734131
0.99098855257034302
0.8466067910194397
0.52634072303771973
0.047244749963283539
0
0
0
0
0
0
0
0
0
0
0
0
0.034687630832195282
0.095090605318546295
0.15711084008216858
0.2563631534576416
0.36218947172164917
0.34100461006164551
0.27993130683898926
0.28716331720352173
0.22883182764053345
0.1610313355922699
0.1669599711894989
0.01820022240281105
0
0
0
0
0
0
0
0
0
0
0
0
0
0
0
0
0
0
0
0.046452101320028305
0.10638874769210815
0.14888778328895569
0.15477633476257324
0.04461481049656868
0
0
0.049216680228710175
0
0
0
0
0
0
0
0
0
0
0
0
0
0
0
0
0.01897628977894783
0.092476628720760345
0.11878052353858948
0.074379868805408478
0
0
0
0
0
0
0
0
0
0
0
0
0
0
0
0
0
0
0
0
0
0.078177839517593384
0.19498120248317719
0.19562183320522308
0
0.065453276038169861
0.0071099251508712769
0
0
0
0
0
0
0
0
0
0
0
0
0
0
0
0
0
0.097019270062446594
0.31099700927734375
0.56537801027297974
0.59115493297576904
0.40223893523216248
0.4976329505443573
0.23381626605987549
0
0
0
0
0
0
0
0
0
0
0
0
0
0
0
0
0
0.24634046852588654
0.4589599072933197
0.56134206056594849
0.71324968338012695
0.66201913356781006
0.4041232168674469
0.12140114605426788
0
0
0
0
0
0
0
0
0
0
0
0
0
0
0
0
0
0
0
0
0
0
0
0
0
0
0
0
0
0
0
0
0
0
0
0
0
0
0
0
0.10456235706806183
0
0
0
0
0
0
0
0
0.013537091203033924
0
0
0
0
0
0
0
0
0
0
0
0
0
0
0.26074773073196411
0
0
0
0
0
0
0
0
0.098219163715839386
0
0
0
0
0
0
0
0
0
0
0
0
0
0
0.43089687824249268
0
0
0
0
0
0
0
0
0.21909667551517487
0.0051347585394978523
0
0
0
0
0
0
0
0
0
0
0
0
0.1492607444524765
0.60120749473571777
0
0
0
0
0
0
0
0
0.37459108233451843
0.017312077805399895
0
0
0
0
0
0
0
0
0
0
0
0.15765433013439178
0.79731041193008423
0.39566901326179504
0
0
0
0
0
0
0
0
0.54743778705596924
0.032259635627269745
0
0
0
0
0
0
0
0
0
0
0.2918744683265686
0.80994313955307007
0.88482975959777832
0.23239099979400635
0
0
0
0
0
0
0
0.11445516347885132
0.56946873664855957
0.049975469708442688
0
0
0
0
0
0
0
0
0
0.09456324577331543
0.76275730133056641
1.2217615842819214
0.69373124837875366
0.043010901659727097
0
0
0
0
0
0
0
0.45217350125312805
0.60228413343429565
0.04753267765045166
0
0
0
0
0
0
0
0
0
0.43121197819709778
1.01651930809021
1.153788685798645
0.31229189038276672
0
0
0
0
0
0
0
0.26159164309501648
0.86733591556549072
0.51742929220199585
0.03030519001185894
0
0
0
0
0
0
0
0
0.024540364742279053
0.69639128446578979
1.2766240835189819
0.6690831184387207
0
0
0
0
0
0
0
0.15313112735748291
0.81311750411987305
1.0520695447921753
0.35711860656738281
0.015079669654369354
0
0
0
0
0
0
0
0
0.21571832895278931
0.93094998598098755
1.0701372623443604
0.24355578422546387
0
0
0
0
0
0
0
0.51070451736450195
1.1345318555831909
0.97034823894500732
0.15355195105075836
0
0
0
0
0
0
0
0
0.1711679995059967
0.21979230642318726
0.89074766635894775
0.81181156635284424
0.024192966520786285
0
0
0
0
0
0
0
0.69736552238464355
1.0950870513916016
0.71831470727920532
0
0
0
0
0
0
0
0.0018476247787475586
0.070042505860328674
0
0
0.075265988707542419
0.02565370500087738
0
0
0
0
0
0
0
0
0.72567093372344971
0.89670032262802124
0.42590928077697754
0
0
0
0
0
0
0.035990260541439056
0.28796535730361938
0.39600944519042969
0
0
0
0
0
0
0
0
0
0
0
0.28319412469863892
0.78822636604309082
0.86004948616027832
0.2286510169506073
0
0
0
0
0
0
0.035695075988769531
0.45593374967575073
0.74232649803161621
0.40949186682701111
0
0
0
0
0
0
0
0
0
0
0.50155031681060791
0.84866040945053101
0.87436151504516602
0.11860125511884689
0
0
0
0
0
0
0.01146687101572752
0.40719068050384521
0.97910594940185547
1.1087644100189209
0.93164312839508057
0.56204628944396973
0.3375474214553833
0.35931730270385742
0.42558717727661133
0.64099079370498657
0.55070841312408447
0.44976603984832764
0.22340662777423859
0.23681136965751648
0.59577542543411255
0.65117412805557251
0.72468400001525879
0.084737226366996765
0
0
0
0
0
0
0
0.25024044513702393
0.75035184621810913
1.2845612764358521
1.584587574005127
1.5513336658477783
1.4782164096832275
1.4756413698196411
1.6096892356872559
1.6901496648788452
1.5429487228393555
1.1109520196914673
0.53367042541503906
0.2015099823474884
0.34462082386016846
0.62766116857528687
0.70989161729812622
0
0
0
0
0
0
0
0
0.052237968891859055
0.27038508653640747
0.62960690259933472
1.0579736232757568
1.3885761499404907
1.4781931638717651
1.5165096521377563
1.4495869874954224
1.2934458255767822
1.11034095287323
0.75056695938110352
0.28058618307113647
0
0.13017234206199646
0.54190415143966675
0.63341724872589111
0.029648017138242722
0
0
0
0
0
0
0
0
0
0.062430739402770996
0.17130810022354126
0.28020310401916504
0.38543796539306641
0.40901720523834229
0.28809523582458496
0.17789411544799805
0.10922509431838989
0
0
0
0.2150098979473114
0.55977541208267212
0.62667745351791382
0.042272273451089859
0
0
0
0
0
0
0
0
0
0
0
0
0
0
0
0
0
0
0
0
0.51429575681686401
0.77204626798629761
0.59735924005508423
0
0
0
0
0
0
0
0
0
0
0
0
0
0
0
0
0
0
0
0.42127436399459839
0.577190101146698
1.0280568599700928
0.88202983140945435
0.39217519760131836
0
0
0
0
0
0
0
0
0
0
0
0
0
0
0
0
0
0.025284871459007263
0.51207321882247925
1.2596865892410278
1.2734267711639404
1.2631746530532837
0.78258705139160156
0.2110922634601593
0
0
0
0
0
0
0
0
0
0
0
0
0
0
0
0
0
0.33264023065567017
1.0203096866607666
1.4380226135253906
1.259911060333252
1.0902456045150757
0.51306784152984619
0.0073838904500007629
0
0
0
0
0
0
0
0
0
0
0
0
0
0
0
0
0
0.44803768396377563
0.93536299467086792
0.95655214786529541
0.84223645925521851
0.53426045179367065
0.10477444529533386
0
0
0
0
0
0
0
0
0
0
0
0
0
0
0
0
0
0
0
0
0
0
0
0
0
0
0
0
0
0
0
0
0
0
0
0
0
0
0
0
0.25517430901527405
0.19239802658557892
0
0
0
0
0
0
0.050289995968341827
0.087600372731685638
0.024908673018217087
0
0
0
0
0
0
0
0
0
0
0.088735908269882202
0.11415924876928329
0.28835290670394897
0.55045837163925171
0.23555722832679749
0
0
0
0
0
0
0.14858846366405487
0.3263012170791626
0.14910770952701569
0
0
0
0
0
0
0
0
0
0.057181127369403839
0.35821905732154846
0.50031328201293945
0.70552992820739746
0.74234545230865479
0.42228019237518311
0
0
0
0.1324487030506134
0.26900491118431091
0.30225330591201782
0.35831767320632935
0.53124320507049561
0.24267882108688354
0.0094481175765395164
0
0
0
0
0
0
0
0
0.12603759765625
0.54989862442016602
0.8808932900428772
1.0110125541687012
0.8515012264251709
0.27616724371910095
0
0
0
0.14601807296276093
0.46915945410728455
0.546439528465271
0.56657463312149048
0.72361660003662109
0.41223308444023132
0.019861487671732903
0
0
0
0
0
0
0
0
0.22012712061405182
0.75702708959579468
1.236488938331604
1.2104954719543457
0.74427276849746704
0.31403204798698425
0
0
0
0.10146185010671616
0.49698927998542786
0.65706378221511841
0.81851834058761597
0.91878461837768555
0.44539943337440491
0.030632251873612404
0
0
0
0
0
0
0
0.11824207752943039
0.5324559211730957
1.1468296051025391
1.4269883632659912
0.93393272161483765
0.51416307687759399
0.20816583931446075
0
0
0
0.1462235301733017
0.55814433097839355
0.80369508266448975
1.0371404886245728
1.1444730758666992
0.57569622993469238
0.035547692328691483
0
0
0
0
0
0
0.0391707643866539
0.36815798282623291
0.90428626537322998
1.379279613494873
1.1924588680267334
0.68549478054046631
0.35841631889343262
0.134815514087677
0
0
0
0.21824851632118225
0.72056686878204346
1.1519830226898193
1.2766505479812622
1.1510705947875977
0.52947759628295898
0.026643110439181328
0
0
0
0
0
0.0026679709553718567
0.23463693261146545
0.69847506284713745
1.2333905696868896
1.3379380702972412
0.93713724613189697
0.46638068556785583
0.19074225425720215
0.092567428946495056
0
0
0.023715794086456299
0.35841530561447144
0.97854584455490112
1.440349817276001
1.4221574068069458
1.0036678314208984
0.42583757638931274
0.026877431198954582
0
0
0
0
0
0.1042049452662468
0.46466872096061707
0.97841191291809082
1.3349165916442871
1.2991782426834106
0.75998353958129883
0.35254237055778503
0.14206492900848389
0.0086187086999416351
0
0
0.16836616396903992
0.60359501838684082
1.2522947788238525
1.5173909664154053
1.3539233207702637
0.77910315990447998
0.28565356135368347
0.012793822214007378
0
0
0
0
0.0035724947229027748
0.2180023193359375
0.72914218902587891
1.0593240261077881
1.2780001163482666
1.1079878807067871
0.60875678062438965
0.21137529611587524
0.038065962493419647
0
0
0.065820358693599701
0.38627132773399353
0.92396080493927002
1.3474020957946777
1.4085159301757812
1.1060867309570312
0.64246648550033569
0.18488043546676636
0.013551566749811172
0
0
0
0
0.025055151432752609
0.33998808264732361
0.83137452602386475
0.97817158699035645
1.0093392133712769
0.99947106838226318
0.61664414405822754
0.13454528152942657
0
0
0
0.12934798002243042
0.54645317792892456
1.070391058921814
1.4246494770050049
1.4267767667770386
0.98679757118225098
0.46568810939788818
0.11654999107122421
0.0035911286249756813
0
0
0
0
0.024227838963270187
0.35162979364395142
0.80536675453186035
0.81258535385131836
0.76306843757629395
0.93207037448883057
0.60339534282684326
0.21545618772506714
0.021765809506177902
0
0
0.28350889682769775
0.93071997165679932
1.4549068212509155
1.5734047889709473
1.3500138521194458
0.95172059535980225
0.37549600005149841
0.047402895987033844
0
0
0
0
0
0.0088333413004875183
0.31829661130905151
0.83937275409698486
1.0011874437332153
0.95366895198822021
0.96728813648223877
0.83054971694946289
0.48668262362480164
0.50135898590087891
0.58165270090103149
0.71063810586929321
1.0571684837341309
1.5617692470550537
1.8476458787918091
1.6705758571624756
1.4783896207809448
0.82973140478134155
0.21435211598873138
0
0
0
0
0
0
0.0018064838368445635
0.18512547016143799
0.67102491855621338
1.1591181755065918
1.4438296556472778
1.6548608541488647
1.5296720266342163
1.4786924123764038
1.469210147857666
1.5648298263549805
1.6598767042160034
1.6477183103561401
1.7325799465179443
1.7520126104354858
1.6590645313262939
1.3670971393585205
0.69058936834335327
0.17647972702980042
0
0
0
0
0
0
0.0005076127708889544
0.050713378936052322
0.26745486259460449
0.61582565307617188
1.0651979446411133
1.3797783851623535
1.5126280784606934
1.4467486143112183
1.4017783403396606
1.3203033208847046
1.3233877420425415
1.4429506063461304
1.5825842618942261
1.5925371646881104
1.5008091926574707
1.284272313117981
0.68324577808380127
0.090496271848678589
0
0
0
0
0
0
0
0.012108701281249523
0.020445231348276138
0.1208638995885849
0.31561738252639771
0.62396281957626343
0.72056674957275391
0.69055283069610596
0.57510709762573242
0.45298275351524353
0.52387714385986328
0.90015405416488647
1.3052796125411987
1.5365735292434692
1.5252083539962769
1.3427125215530396
0.64108848571777344
0.080838337540626526
0
0
0
0
0
0
0
0.0023124581202864647
0.0027462886646389961
0
0.013818005099892616
0.091959632933139801
0.22327709197998047
0.27827921509742737
0.26618108153343201
0.22080427408218384
0.37217772006988525
0.8043665885925293
1.3250869512557983
1.6130276918411255
1.588444709777832
1.3418790102005005
0.58652955293655396
0.043742138892412186
0
0
0
0
0
0
0
0
0
0.0027636694721877575
0
0
0
0.042249016463756561
0.0626491978764534
0.076666854321956635
0.23806323111057281
0.65644049644470215
1.1082894802093506
1.3943560123443604
1.5167524814605713
1.2876428365707397
0.58369612693786621
0
0
0
0
0
0
0
0
0
0
0
0
0
0
0
0
0
0.12768770754337311
0.57341182231903076
1.1123729944229126
1.5424515008926392
1.5906893014907837
1.1349427700042725
0.4572279155254364
0.032320156693458557
0
0
0
0
0
0
0
0
0
0
0
0
0
0
0
0
0.2305741012096405
0.75305825471878052
1.2457559108734131
1.5669119358062744
1.3018805980682373
0.74962031841278076
0.32507765293121338
0
0
0
0
0
0
0
0
0
0
0
0
0
0
0
0
0
0.32791614532470703
0.78063440322875977
1.0473661422729492
0.92402374744415283
0.7076757550239563
0.49795123934745789
0.19822424650192261
0
0
0
0
0
0
0
0
0
0
0
0
0
0
0
0
0
0.15355387330055237
0.41331958770751953
0.41636225581169128
0.29421976208686829
0.35173842310905457
0.25969177484512329
0.14125502109527588
0
0
0
0
0
0
0
0
0
0
0
0
0
0
0
0
0
0.024335330352187157
0.082431212067604065
0.01773475855588913
0.10724286735057831
0.18657219409942627
0.17186346650123596
0.079723052680492401
0
0
0
0
0
0
0
0
0
0
0
0
0
0
0
0
0
0
0
0
0
0
0
0
0
0
0
0
0
0
0
0
0
0
0
0.026364432647824287
0.10188243538141251
0
0.14195886254310608
0
0
0
0
0
0.036910206079483032
0
0.033769711852073669
0.023171722888946533
0
0
0
0
0
0
0
0
0
0
0
0.063826993107795715
0.062324889004230499
0
0.1446501761674881
0
0
0
0
0
0.07807382196187973
0.012118019163608551
0.026338748633861542
0.099529199302196503
0
0
0
0
0
0
0
0
0
0
0.0021091545931994915
0.025916367769241333
0
0.02046581357717514
0.54646521806716919
0.068050488829612732
0
0
0
0
0
0
0.040769416838884354
0.23500168323516846
0
0
0
0
0
0
0
0
0
0
0.03638492152094841
0
0
0.52267789840698242
0.6456792950630188
0
0
0
0
0
0
0
0.22943365573883057
0.57195025682449341
0
0
0
0
0
0
0
0
0
0.023727988824248314
0.10381413996219635
0
0
0.69837343692779541
0.59500575065612793
0
0
0
0
0
0
0
0.42966961860656738
0.63866633176803589
0
0
0
0
0
0
0
0
0
0.088607050478458405
0
0
0.052617967128753662
0.77577042579650879
0.4957231879234314
0
0
0
0
0.0094911959022283554
0
0
0.50421380996704102
0.83088582754135132
0
0
0
0
0
0
0
0
0.04429224506020546
0.032320871949195862
0
0
0.7226746678352356
0.79770773649215698
0.088824719190597534
0
0
0
0
0.074356719851493835
0
0
0.66520845890045166
0.82582151889801025
0
0
0
0
0
0
0
0
0.089153900742530823
0
0
0.43373557925224304
0.98003029823303223
0.26938167214393616
0
0
0.025989167392253876
0
0.016873236745595932
0.084774136543273926
0
0
0.8590388298034668
0.78115385770797729
0
0
0
0
0
0
0
0.0079093296080827713
0
0
0
1.044938325881958
0.66996538639068604
0
0
0.019697191193699837
0.0029419208876788616
0
0.070672720670700073
0
0
0.081515416502952576
1.0579102039337158
0.53689086437225342
0
0
0
0
0
0
0
0.01160787045955658
0
0
0.34327977895736694
1.1529269218444824
0.28650251030921936
0
0
0.012993483804166317
0
0
0.040751982480287552
0
0
0.62174499034881592
1.0909864902496338
0.15414348244667053
0
0
0.0022890768013894558
0
0
0
0
0
0
0
0.81945246458053589
1.0824770927429199
0.048095278441905975
0
0
0
0
0.01160035002976656
0
0
0.073473721742630005
1.1185866594314575
0.64665770530700684
0
0
0.0072618089616298676
0.0012258003698661923
0
0
0
0
0
0
0
1.0588140487670898
0.82620376348495483
0
0
0
0.0051036328077316284
0.0092761293053627014
0.041415717452764511
0
0
0.16679215431213379
0.95526432991027832
0.43048343062400818
0
0
0.01618056558072567
0
0
0
0
0
0
0
0
0.76379352807998657
0.7162240743637085
0.11870450526475906
0
0.010283797979354858
0
0
0
0
0
0.46691989898681641
1.0044078826904297
0.184565469622612
0
0
0
0
0
0
0
0
0.0036590984091162682
0
0
0.4180493950843811
0.50835371017456055
0.14765946567058563
0.035608995705842972
0
0
0
0
0
0.35131660103797913
0.97335153818130493
0.95172595977783203
0.062689483165740967
0
0
0
0
0
0
0
0
0.0056645972654223442
0
0
0
0.24130664765834808
0.093561388552188873
0.046607103198766708
0.075745664536952972
0.13380181789398193
0.1861431896686554
0.24495422840118408
0.31492269039154053
0.32977771759033203
0.88782811164855957
0.79413223266601562
0
0
0
0
0
0
0
0
0
0
0.059957940131425858
0
0.072000406682491302
0.12527437508106232
0.19061417877674103
0.16505147516727448
0.15135551989078522
0.27694231271743774
0.27081185579299927
0
0
0.083043456077575684
0.94484502077102661
0.71013742685317993
0
0
0.047637417912483215
0
0
0
0
0
0
0
0.025805387645959854
0.098559647798538208
0.089589536190032959
0.17076802253723145
0.27257406711578369
0.29156190156936646
0.26358497142791748
0.32778328657150269
0.22595146298408508
0
0
0.24526365101337433
0.95908087491989136
0.81985366344451904
0
0
0
0
0
0
0
0
0
0
0
0
0.030840585008263588
0.042784769088029861
0.066464550793170929
0.075481310486793518
0.078177951276302338
0.033888977020978928
0.051177218556404114
0
0
0.16902448236942291
0.96048140525817871
0.86615663766860962
0
0
0
0
0
0
0
0
0
0
0
0
0
0
0
0
0
0
0
0
0
0.14349956810474396
1.0896222591400146
0.60347634553909302
0
0
0.011032203212380409
0
0
0
0
0
0
0
0
0
0
0
0
0
0
0
0
0
0
0.14074526727199554
1.0291646718978882
0.63264286518096924
0
0
0
0
0
0
0
0
0
0
0
0
0
0
0
0
0
0
0
0
0
0.48965489864349365
1.1163164377212524
0.53389596939086914
0
0
0
0
0
0
0
0
0
0
0
0
0
0
0
0
0
0
0
0
0.04436521977186203
0.809273362159729
0.60248064994812012
0
0
0
0
0
0
0
0
0
0
0
0
0
0
0
0
0
0
0
0
0
0.25050908327102661
0.3831595778465271
0.028864037245512009
0
0
0.027212768793106079
0
0
0
0
0
0
0
0
0
0
0
0
0
0
0
0
0
0
0
0
0
0
0
0
0
0
0
0
0
0
0
0
0
0
0
0.034226756542921066
0.2039855420589447
0.21266248822212219
0
0.17629906535148621
0.026781301945447922
0
0
0
0.047917459160089493
0.090761065483093262
0.0094295535236597061
0.044961478561162949
0.03041965514421463
0.0034672222100198269
0
0
0
0
0
0
0
0
0
0.061459511518478394
0.24536705017089844
0.53454983234405518
0.34261000156402588
0.36771088838577271
0.26562178134918213
0
0
0
0.071394264698028564
0.33709275722503662
0.25324386358261108
0.14092808961868286
0.23592677712440491
0.050898939371109009
0
0
0
0
0
0
0
0
0.0027381405234336853
0.082589469850063324
0.40279501676559448
0.75255239009857178
0.73887056112289429
0.40131580829620361
0.25638371706008911
0
0
0
0
0.36755040287971497
0.68994355201721191
0.34628254175186157
0.40683338046073914
0.20981521904468536
0.0013151533203199506
0
0
0
0
0
0
0
0.045523382723331451
0.17916947603225708
0.66343510150909424
1.2347657680511475
1.0378632545471191
0.29972046613693237
0.16347867250442505
0
0
0
0.059781104326248169
0.45794090628623962
0.96371519565582275
0.56502217054367065
0.34628662467002869
0.25237178802490234
0.014198422431945801
0
0
0
0
0
0
0.03080408088862896
0.17738677561283112
0.42128783464431763
1.0145465135574341
1.625117301940918
1.0783740282058716
0.19610562920570374
0
0
0
0
0.18173825740814209
0.76849853992462158
1.2589242458343506
0.88892024755477905
0.30938121676445007
0.23289547860622406
0.024004686623811722
0
0
0
0
0
0
0.095769591629505157
0.29014778137207031
0.65307486057281494
1.4616886377334595
1.7550702095031738
0.79598838090896606
0.020828749984502792
0
0
0
0.012321632355451584
0.22563670575618744
1.0131933689117432
1.5506776571273804
1.1671931743621826
0.40547320246696472
0.14148689806461334
0.019293034449219704
0
0
0
0
0
0.057500950992107391
0.17603832483291626
0.49553745985031128
1.1369006633758545
1.7428251504898071
1.4519078731536865
0.36699974536895752
0
0
0
0
0.088826529681682587
0.31958106160163879
1.0766192674636841
1.8716150522232056
1.2758456468582153
0.44523823261260986
0.085688352584838867
0.00849954504519701
0
0
0
0
0
0.079786114394664764
0.35167443752288818
0.83256876468658447
1.7323088645935059
1.792791485786438
0.79256850481033325
0.10270562022924423
0
0
0
0.021905124187469482
0.12980268895626068
0.59698879718780518
1.3591364622116089
2.0106856822967529
1.321589469909668
0.26406794786453247
0
0
0
0
0
0
0.010268026031553745
0.091555334627628326
0.60400104522705078
1.3604154586791992
1.8636569976806641
1.3971037864685059
0.27956488728523254
0
0
0
0
0.078051403164863586
0.24694663286209106
0.8465617299079895
1.8697223663330078
1.9410998821258545
1.1286716461181641
0.063805162906646729
0
0
0
0
0
0
0.0086490027606487274
0.14463134109973907
0.89548057317733765
1.7908297777175903
1.7097833156585693
0.82217782735824585
0.058065816760063171
0
0
0
0
0.056347563862800598
0.46729743480682373
1.2661526203155518
2.1759843826293945
1.7603834867477417
0.71727132797241211
0
0
0
0
0
0
0
0
0.17999300360679626
1.23009192943573
1.9746245145797729
1.3510808944702148
0.46752914786338806
0
0
0
0
0.015059772878885269
0.12936562299728394
0.76966297626495361
1.6856298446655273
2.1526525020599365
1.4233857393264771
0.32476440072059631
0
0
0
0
0
0
0
0.0016616580542176962
0.24329556524753571
1.3244569301605225
2.1043009757995605
1.2235103845596313
0.41899934411048889
0.33072978258132935
0.17679451406002045
0.22498112916946411
0.29351156949996948
0.32824617624282837
0.41783428192138672
1.2232178449630737
2.2196686267852783
2.0087547302246094
1.0968514680862427
0.16596734523773193
0
0
0
0
0
0
0
0.017480358481407166
0.22330112755298615
1.0862963199615479
1.8289828300476074
1.4180505275726318
0.88280379772186279
0.91718864440917969
1.0100908279418945
0.85864531993865967
0.87589573860168457
0.97858065366744995
1.2076774835586548
1.9222184419631958
2.6223506927490234
1.9440587759017944
0.86897850036621094
0.084850706160068512
0
0
0
0
0
0
0
0.015741050243377686
0.22968533635139465
0.70541685819625854
1.172616720199585
1.1107512712478638
0.77040004730224609
0.90437614917755127
1.2048666477203369
1.1796687841415405
1.0820564031600952
1.2589534521102905
1.700708270072937
2.3150975704193115
2.6383452415466309
1.6990417242050171
0.6312483549118042
0.038972329348325729
0
0
0
0
0
0
0
0.0047383308410644531
0.19056048989295959
0.6371883749961853
0.90985530614852905
0.88661277294158936
0.60181581974029541
0.49988821148872375
0.71631705760955811
0.86025267839431763
0.82915329933166504
0.82381576299667358
1.3795850276947021
2.008087158203125
2.2083468437194824
1.4908736944198608
0.41811046004295349
0.078556820750236511
0
0
0
0
0
0
0
0
0.10791943222284317
0.41239595413208008
0.75015974044799805
0.92096304893493652
0.83126533031463623
0.71388798952102661
0.67523670196533203
0.74412041902542114
0.74672281742095947
0.70538508892059326
1.1935452222824097
1.9206063747406006
2.0421161651611328
1.2307174205780029
0.39048558473587036
0.11005900800228119
0
0
0
0
0
0
0
0
0.021585728973150253
0.1246839165687561
0.30949956178665161
0.50671279430389404
0.63260567188262939
0.59982633590698242
0.53377807140350342
0.46845704317092896
0.33571940660476685
0.36247530579566956
1.0178276300430298
1.9496227502822876
2.1103191375732422
1.1050280332565308
0.35752230882644653
0.060051672160625458
0
0
0
0
0
0
0
0
0
0
0.025797577574849129
0.086271345615386963
0.13063922524452209
0.1506173312664032
0.13408069312572479
0.073075383901596069
0.00099494494497776031
0.14972290396690369
0.89875054359436035
1.9498317241668701
2.2319183349609375
1.2019476890563965
0.32657080888748169
0.048630844801664352
0
0
0
0
0
0
0
0
0
0
0
0
0
0
0
0
0
0.21890830993652344
1.0084114074707031
1.8198597431182861
2.1668717861175537
1.2298474311828613
0.19136250019073486
0.050641030073165894
0
0
0
0
0
0
0
0
0
0
0
0
0
0
0
0
0
0.14071875810623169
0.96437162160873413
1.7595425844192505
1.9067084789276123
0.99852728843688965
0
0
0
0
0
0
0
0
0
0
0
0
0
0
0
0
0
0
0
0.037735685706138611
0.78681111335754395
1.6539328098297119
1.3069908618927002
0.43990722298622131
0
0
0
0
0
0
0
0
0
0
0
0
0
0
0
0
0
0
0
0.16669571399688721
0.72586905956268311
1.2290229797363281
0.63093578815460205
0
0
0
0
0
0
0
0
0
0
0
0
0
0
0
0
0
0
0
0
0.20485086739063263
0.59898853302001953
0.58004575967788696
0.19908076524734497
0
0
0
0
0
0
0
0
0
0
0
0
0
0
0
0
0
0
0
0
0
0
0
0
0
0
0
0
0
0
0
0
0
0
0
0
0
0
0.045490473508834839
0.23576045036315918
0.15955217182636261
0.070965342223644257
0
0
0
0
0
0.063686661422252655
0.071132883429527283
0.041438799351453781
0.0062459097243845463
0
0
0
0
0
0
0
0
0
0
0
0.11189102381467819
0.34562218189239502
0.39841127395629883
0
0
0
0
0
0
0.13717752695083618
0.31853759288787842
0.16670197248458862
0
0
0
0
0
0
0
0
0
0
0
0.0036392379552125931
0.2342187911272049
0.73189324140548706
0.58338272571563721
0
0
0
0
0
0
0.16251799464225769
0.49554556608200073
0.30251240730285645
0
0
0
0
0
0
0
0
0
0
0
0.062921181321144104
0.4611642062664032
1.1211150884628296
0.58990085124969482
0
0
0
0
0
0
0.33327567577362061
0.77186131477355957
0.46562188863754272
0
0
0
0
0
0
0
0
0
0
0.040941424667835236
0.24996215105056763
0.80723482370376587
1.3619391918182373
0.44617128372192383
0
0
0
0
0
0
0.48595815896987915
1.0984995365142822
0.73245835304260254
0
0
0
0
0
0
0
0
0
0
0.15447166562080383
0.45897600054740906
1.1034344434738159
1.143096923828125
0
0
0
0
0
0
0.016376569867134094
0.56803208589553833
1.4361079931259155
1.0137603282928467
0
0
0
0
0
0
0
0
0
0.076423995196819305
0.3248283863067627
0.90511709451675415
1.2668920755386353
0.49926874041557312
0
0
0
0
0
0
0.12893261015415192
0.72927993535995483
1.5954887866973877
0.88734602928161621
0
0
0
0
0
0
0
0
0
0.1567886620759964
0.64811050891876221
1.2657763957977295
0.98644304275512695
0
0
0
0
0
0
0.029113903641700745
0.25457760691642761
1.0955870151519775
1.6032614707946777
0.61278480291366577
0
0
0
0
0
0
0
0
0.013647141866385937
0.30419731140136719
1.0872150659561157
1.3818442821502686
0.46207201480865479
0
0
0
0
0
0
0.12306909263134003
0.5161592960357666
1.4238101243972778
1.4257305860519409
0.20916464924812317
0
0
0
0
0
0
0
0
0.020557032898068428
0.5291934609413147
1.3715090751647949
1.2103725671768188
0.059636883437633514
0
0
0
0
0
0
0.19051787257194519
0.90908336639404297
1.5678653717041016
1.016191840171814
0
0
0
0
0
0
0
0
0
0.023946981877088547
0.70382577180862427
1.5985867977142334
0.96575260162353516
0
0
0
0
0
0
0.020015807822346687
0.41988804936408997
1.3131967782974243
1.5692486763000488
0.64491605758666992
0
0
0
0
0
0
0
0
0
0.039081797003746033
0.81084686517715454
1.5821268558502197
1.0158814191818237
0.057231351733207703
0
0
0.025196518748998642
0.16317157447338104
0.22314247488975525
0.28890895843505859
0.73992288112640381
1.5774842500686646
1.4028322696685791
0.3072676956653595
0
0
0
0
0
0
0
0
0
0.043390423059463501
0.70464396476745605
1.3675999641418457
1.0457106828689575
0.44506475329399109
0
0
0.12096467614173889
0.25936341285705566
0.29095155000686646
0.34865587949752808
0.88284444808959961
1.4060488939285278
0.91451376676559448
0
0
0
0
0
0
0
0
0
0
0.024398256093263626
0.58080273866653442
1.0704346895217896
0.98422414064407349
0.4067482054233551
0
0
0
0
0
0
0.60050731897354126
0.98141157627105713
0.4211161732673645
0
0
0
0
0
0
0
0
0
0
0.0058553717099130154
0.36838400363922119
0.85020875930786133
1.0269399881362915
0.7406308650970459
0.14970345795154572
0
0
0
0
0
0.66515600681304932
1.1100881099700928
0.52611100673675537
0
0
0
0
0
0
0
0
0
0
0
0.15589421987533569
0.47836056351661682
0.8798682689666748
0.90920794010162354
0.67450588941574097
0.39074355363845825
0.27733927965164185
0.17832472920417786
0.14307408034801483
0.58540534973144531
1.297019362449646
1.7075848579406738
0.68230289220809937
0
0
0
0
0
0
0
0
0
0
0
0.026674471795558929
0.13511912524700165
0.36555230617523193
0.63113683462142944
0.68502670526504517
0.62879461050033569
0.5751960277557373
0.44148865342140198
0.38205793499946594
0.84443747997283936
1.5985251665115356
1.9193333387374878
0.78991639614105225
0
0
0
0
0
0
0
0
0
0
0
0
0
0.031879246234893799
0.083951734006404877
0.1641470193862915
0.19885899126529694
0.17774760723114014
0.11190594732761383
0.061674639582633972
0.46224206686019897
1.4004837274551392
1.9355812072753906
0.86634248495101929
0
0
0
0
0
0
0
0
0
0
0
0
0
0
0
0
0
0
0
0
0.56870836019515991
1.4622892141342163
1.7922595739364624
0.74262362718582153
0
0
0
0
0
0
0
0
0
0
0
0
0
0
0
0
0
0
0
0
0.53149968385696411
1.3766419887542725
1.5095168352127075
0.38357645273208618
0
0
0
0
0
0
0
0
0
0
0
0
0
0
0
0
0
0
0
0
0.47181844711303711
1.2134740352630615
1.0476052761077881
0.16349436342716217
0
0
0
0
0
0
0
0
0
0
0
0
0
0
0
0
0
0
0
0
0.52638381719589233
0.85785931348800659
0.58475816249847412
0.25356960296630859
0
0
0
0
0
0
0
0
0
0
0
0
0
0
0
0
0
0
0
0
0.35152041912078857
0.46600434184074402
0.43084165453910828
0.30720388889312744
0
0
0
0
0
0
0
0
