0
4.9632396697998047
0
1.9819998741149902
1.2505793571472168
8.3111190795898438
0.51051688194274902
0
0
4.1726117134094238
0.88694828748703003
0
0
7.4777717590332031
0
2.592221736907959
1.3174192905426025
0
0
6.1956706047058105
4.7561283111572266
5.8547654151916504
0
5.1455049514770508
3.5219657421112061
1.6953122615814209
1.9285063743591309
4.1406974792480469
5.350214958190918
5.9777064323425293
2.4897279739379883
0
0
0
4.4439191818237305
0
6.5496673583984375
1.9146277904510498
3.6437005996704102
0
0.91853874921798706
0
3.4462966918945312
2.650836706161499
0.30833917856216431
0
0
0
0
4.2047405242919922
4.4487471580505371
6.105743408203125
1.8681327104568481
4.6946606636047363
5.5473423004150391
0
4.6624031066894531
4.1583728790283203
0
0
0
3.8569636344909668
0
0
0
0
4.5025801658630371
1.2386907339096069
1.6415073871612549
2.3431961536407471
0
0
0.56426310539245605
5.3976759910583496
2.8195674419403076
0
3.4858388900756836
6.3005328178405762
3.5705571174621582
0
2.6090507507324219
2.5954997539520264
0
0
