1.4388836622238159
0.72614598274230957
0
0
0.87435388565063477
2.307913064956665
0.88768726587295532
0
2.0725448131561279
0
0
0
1.7229239940643311
2.9254755973815918
0.87719666957855225
0
2.3010420799255371
0
0
0.34243333339691162
1.9842171669006348
2.7660739421844482
0.1642187237739563
0
1.610978364944458
0
0
0
1.8687161207199097
2.3580989837646484
0
0
0.5665242075920105
0
0
0
1.5266802310943604
1.3721504211425781
0
0
0
0
0
0
3.1727666854858398
2.1742208003997803
0
0
0
0
0
0.50295466184616089
3.7409224510192871
1.9817918539047241
0
0
0
0
0
0
1.9363639354705811
0.017497576773166656
0
0
0.759368896484375
1.0810959339141846
1.5546205043792725
1.7965489625930786
0.40543186664581299
0.48550394177436829
0.94374102354049683
1.3568481206893921
0.86421728134155273
0.55539309978485107
1.4788613319396973
0.68298208713531494
0
0.55556225776672363
0.67766809463500977
1.4766253232955933
0.0059995888732373714
0
0.48521676659584045
0
0
0.52708208560943604
0.30834928154945374
1.2942368984222412
0
0
0.033981237560510635
0
0.62133288383483887
1.22281813621521
0.6612473726272583
0.86880034208297729
0.096511796116828918
0.70365291833877563
0.64368093013763428
0.59983551502227783
1.1639949083328247
0.89144587516784668
0.26390719413757324
0.051345869898796082
0.57793033123016357
1.4023844003677368
1.6595331430435181
1.634412407875061
1.3705744743347168
0.54755425453186035
0
0
0
0
0
0
0
0
0
0.17921163141727448
0
0
0
0
0
0
0
0
0
0
0
0
0
0
0
0
0
0
0
0
0
0
0
0
0
0
0
0
0
0
0
0
0
0
0
0
0
0
0
0
0
0
0
0
0
0
0
0
1.7038118839263916
2.2230348587036133
2.9217267036437988
1.7454764842987061
0.24293547868728638
0
0
0
2.0655291080474854
2.8626334667205811
3.7504923343658447
2.7990431785583496
1.2146574258804321
0
0
0
0
0
0
0
0
0
0
0
0
1.8940844535827637
1.1574864387512207
0
0
0.42099094390869141
1.3860130310058594
0.61554670333862305
1.0992194414138794
3.030087947845459
0.045193653553724289
0
0
1.1651431322097778
2.6067357063293457
0.30773112177848816
2.4774999618530273
2.3769938945770264
0
0
0
1.9825359582901001
3.2741494178771973
0
3.1077675819396973
0.33222696185112
0
0
0
2.644639253616333
2.4064276218414307
0
2.6884391307830811
0
0
0
0
2.7181587219238281
0.78086292743682861
0
0.84619748592376709
0
0
0
1.3370225429534912
3.4550361633300781
0.34988850355148315
0
0
0
0
0
1.0585112571716309
2.6729955673217773
0
0
0
0
0
0
0
0.63096565008163452
0
0
0
0.78335970640182495
0.94681066274642944
0.055241420865058899
0
0.15147487819194794
0.67553752660751343
0.6204037070274353
0.026493847370147705
1.0431525707244873
0.9190220832824707
0.038463771343231201
0
0.48030573129653931
1.3046727180480957
1.2760729789733887
0.36187988519668579
1.0019060373306274
0.67040520906448364
0.29630500078201294
0
0.59549832344055176
1.7054671049118042
1.5837346315383911
0.91225641965866089
1.2448766231536865
0.99379819631576538
0.45608597993850708
0.10352802276611328
0.93379628658294678
1.7729847431182861
1.5884712934494019
1.1792807579040527
1.6698839664459229
0.97781336307525635
0
0
0.95972490310668945
1.5324558019638062
1.6266592741012573
0.78868818283081055
1.3336447477340698
0.77250874042510986
0
0
1.5836668014526367
1.8511710166931152
1.6493786573410034
0
0.20789498090744019
0.12461303174495697
0
1.306631326675415
3.0583131313323975
2.8952438831329346
1.8143730163574219
0
0
0
0
0.93794107437133789
2.6174759864807129
1.9390244483947754
0.95089095830917358
0
0
0
1.1645088195800781
0.21126127243041992
0
0
0
0
0
1.4626020193099976
1.4238735437393188
0
0
0
0.31801441311836243
0
1.3627994060516357
2.1618561744689941
0
0
0
0
1.1734906435012817
0.39390987157821655
1.9868301153182983
0.46593520045280457
0
0
0
0.82209795713424683
1.3610625267028809
0.67093396186828613
1.067802906036377
0
0
0
1.2938637733459473
2.0349516868591309
0.75892460346221924
0.74173945188522339
0.40851300954818726
0
0
0.80509626865386963
1.5428023338317871
1.079983115196228
0
1.6906932592391968
1.3473794460296631
0.82150471210479736
0.54448562860488892
0.064235635101795197
0
0.028093792498111725
0
1.255846381187439
0.87683826684951782
0.10878489911556244
0
0
0
0.74304449558258057
0.66315674781799316
1.3445580005645752
2.101792573928833
0.49334999918937683
0
0
1.0090492963790894
0.97746574878692627
0.4464682936668396
2.715317964553833
2.193519115447998
0
0
0.47482690215110779
2.2859442234039307
1.7028989791870117
0.037738464772701263
3.2061855792999268
0.7212294340133667
0
0
1.956026554107666
3.4486916065216064
1.7693800926208496
0
1.8836250305175781
0
0
0.53994083404541016
3.4278740882873535
3.7130780220031738
1.1642781496047974
0
0.61232227087020874
0
0.0067809820175170898
1.5801553726196289
3.6931262016296387
2.490009069442749
0.20571324229240417
0
0.088403582572937012
0
0
0.63402426242828369
1.9030070304870605
0.75268280506134033
0
0
0.18615347146987915
0
0
0.27265563607215881
2.0222344398498535
0.97633576393127441
0
0
0.23537507653236389
0
0
1.6725224256515503
3.2883129119873047
1.2349250316619873
0
0
0.01166776567697525
0.095533326268196106
0.1226741150021553
0
0
0.30625864863395691
0.36608469486236572
0.20571808516979218
0
0.035731721669435501
0
0
0
0.11103996634483337
0.2906036376953125
0.48495772480964661
0.26339992880821228
0.023881793022155762
0
0
0
0
0
0
1.0626474618911743
0.75804692506790161
0
0
0
0
0
0
2.0375304222106934
3.466977596282959
2.3193984031677246
0.95396655797958374
0.46056920289993286
0
0
0
0
1.8811839818954468
2.9471495151519775
2.2926840782165527
1.9621151685714722
1.3581383228302002
0.54705119132995605
0
0
0
0.61111712455749512
1.0025734901428223
1.0767806768417358
1.4038392305374146
1.279853343963623
0
0
0
0
0
0
0.8604588508605957
1.5728516578674316
0.42081654071807861
0.84522163867950439
0
0
0.38324081897735596
1.9068790674209595
0.86334937810897827
0
0
0.51516991853713989
0
0
1.8479933738708496
2.8538079261779785
1.0288664102554321
0
0
0
0
0.34664720296859741
3.0339977741241455
2.8361070156097412
0.19017273187637329
0
0
0
0
1.7794058322906494
2.6648616790771484
1.7430590391159058
0
0
0.49209356307983398
0
0
2.2183644771575928
2.0468723773956299
0.79728180170059204
0
0
1.821879506111145
0
0
1.1049659252166748
1.7051634788513184
0.89744997024536133
0
0
2.6142032146453857
0
0
0
1.5009044408798218
1.1103736162185669
0
0
2.4630904197692871
0
0
0
1.6417580842971802
0.34043809771537781
0
0
2.2929072380065918
0.70304948091506958
0.94373601675033569
1.1717934608459473
1.1566060781478882
0.13441117107868195
0.1288406103849411
1.1593203544616699
1.6050430536270142
0.88102906942367554
1.4140645265579224
1.8656964302062988
0.92424827814102173
0
0.26397749781608582
1.5886653661727905
2.3006501197814941
1.2153033018112183
2.1963992118835449
2.357729434967041
0.30619138479232788
0
0.69941747188568115
1.9414907693862915
2.6479597091674805
1.6080385446548462
3.1897127628326416
2.2002670764923096
0
0
1.3689569234848022
2.556959867477417
2.6406402587890625
0.92446190118789673
2.2700326442718506
0.96153503656387329
0
0
1.7774370908737183
2.9353706836700439
1.849639892578125
0
0
0
0
0
1.4869482517242432
2.6782331466674805
0.94807350635528564
0
0
0
0
0
0.75078010559082031
1.9526336193084717
0.38700741529464722
0
0
0
0
0
0.47215908765792847
1.8232036828994751
0.55699217319488525
1.499030590057373
0
0
0
0.52161157131195068
1.0726814270019531
0
0
0.58953458070755005
0
0
0
1.9946439266204834
1.290239691734314
0
0
0
0
0
2.7090706825256348
2.9305987358093262
0.36604633927345276
0
0
0
0
0.51127737760543823
3.6021959781646729
1.777677059173584
0
0
0
0
0
1.0932507514953613
0.14898806810379028
0
0
0
0
0
0
0
0
0
0
0
0.93637388944625854
0
0
0
0
0
0
0
0.74950945377349854
0
0
0
0
0
0
0
0
0.99672138690948486
0.97476881742477417
0.68651413917541504
0.31341207027435303
0.30086156725883484
0.8518255352973938
0.77443403005599976
0.92512720823287964
0.79577529430389404
0.36295264959335327
0.024262785911560059
0
0.50182932615280151
0.60597193241119385
0.49095910787582397
0.62306332588195801
0.062762483954429626
0
0
0
0.50625890493392944
0.26000139117240906
0
0.076737627387046814
0.1533484011888504
0.71368098258972168
0.82452213764190674
0.87328416109085083
0.84533029794692993
0.20792996883392334
0
0
0.82836389541625977
2.3774752616882324
3.701770544052124
3.0856072902679443
2.297520637512207
1.3087296485900879
0.55399900674819946
0.48667216300964355
0
0
0.64124464988708496
0.76552605628967285
0.55306100845336914
0.47242242097854614
0.60023581981658936
0.71532344818115234
0
0
0
0
0
0
0.6472092866897583
1.1170089244842529
0.38183426856994629
0
0
0
0
0
0.46194031834602356
1.2236685752868652
0
0
2.1005110740661621
3.2373614311218262
0.34859788417816162
0
0
1.7676774263381958
0
0
3.7347209453582764
2.6810715198516846
0
0
0
3.3429932594299316
0
1.0111802816390991
3.2208578586578369
1.0528984069824219
0
0
0
4.2494192123413086
0
1.1169679164886475
1.9706510305404663
0
0
0
1.7419548034667969
4.3527865409851074
0
0.36885079741477966
0.84711909294128418
0
0
0
2.0631320476531982
3.745208740234375
0
0
0.65405833721160889
0
0
0
2.712996244430542
3.8736419677734375
0.037897959351539612
0
0.64865303039550781
0
0
0
3.5219502449035645
3.9228792190551758
1.0607633590698242
1.0970927476882935
1.7406446933746338
0.93453389406204224
0
0
3.9531667232513428
2.8243105411529541
0
0.91999417543411255
1.7933065891265869
0.92315232753753662
0
0
2.1668820381164551
2.5215554237365723
0
0.72439467906951904
1.4116024971008301
0.51600486040115356
0
0
2.3816182613372803
3.0634050369262695
0
0.96500468254089355
1.1198552846908569
0
0
0
1.6406503915786743
2.6024055480957031
0
1.8206689357757568
1.0563644170761108
0
0
0
1.5624270439147949
1.9672122001647949
0
2.3322734832763672
1.6591168642044067
0
0
0.70911800861358643
2.3228569030761719
1.5240398645401001
0
0
0
0
0
1.9290282726287842
3.2101337909698486
1.1642382144927979
0
0
0
0
0
2.4056189060211182
4.0683884620666504
1.665618896484375
0
0
0
0
0
1.8471025228500366
4.3647575378417969
2.2566964626312256
0
0
1.040955662727356
0.46111384034156799
0
0
0
0
0
1.3570560216903687
1.7900664806365967
0
0
0
0
1.134939432144165
0.97846859693527222
1.8232700824737549
0.061619970947504044
0
0
0
1.0286012887954712
1.480797290802002
1.079909086227417
0.095264866948127747
0
0
0
0.85085791349411011
1.7317651510238647
0.96544802188873291
0.96729308366775513
0.3289591372013092
0
0
1.0694072246551514
2.3135209083557129
1.7048348188400269
0.53052914142608643
1.0588284730911255
1.1422668695449829
0.76198869943618774
0.0038152262568473816
0.68618404865264893
0.3843669593334198
0.31364530324935913
0
1.1008554697036743
0.6840592622756958
0
0
0
0
0.4239446222782135
0.35247316956520081
0.69377410411834717
0.82479721307754517
0
0
1.2731213569641113
2.4581618309020996
2.9981989860534668
1.1513633728027344
0.17682774364948273
0.37677988409996033
0.19473110139369965
0
0
0.51685631275177002
0.47971147298812866
0
0.28496310114860535
0.27901709079742432
0
0
0
0.21250823140144348
0.15249174833297729
0
0.13115553557872772
0
0
0
0
0
0
0
0.59056550264358521
0.42983174324035645
0
0
0
0
0
0
1.0782468318939209
2.3740096092224121
2.4745676517486572
1.6713395118713379
1.6280449628829956
1.2872473001480103
0.33363446593284607
0
1.0973846912384033
1.9879657030105591
1.772297739982605
1.5805704593658447
2.1217396259307861
1.3878452777862549
0.50731009244918823
0
0.14412583410739899
0
0
0
0
0
0
0
0.23246803879737854
0.47770574688911438
0
0
0.96950119733810425
1.2159299850463867
0.86966240406036377
0.33103665709495544
