2.6225342750549316
1.7426824569702148
0
1.3830572366714478
2.546320915222168
4.1814875602722168
0
0
1.5101253986358643
0.77739417552947998
0
2.9682595729827881
0
0
2.6582376956939697
0
0
0.23673233389854431
2.2100131511688232
2.3647565841674805
0
0
0.50558739900588989
3.4465880393981934
3.3239710330963135
0
4.431396484375
0
0
1.7034566402435303
2.413921594619751
0
4.7832493782043457
1.4200252294540405
0
0
5.2577934265136719
3.6215336322784424
0
2.0078740119934082
0
0
0
0
1.2132298946380615
1.9957540035247803
0
5.3330888748168945
0
0
2.7220625877380371
0
0
0
0
0
0
0
1.2901082038879395
0
0
2.0635941028594971
5.1154766082763672
0
2.2136011123657227
1.1042137145996094
4.0075545310974121
5.673647403717041
0
0
3.5689511299133301
0
2.4340806007385254
2.972236156463623
2.682772159576416
0.4020429253578186
0
6.945183277130127
0
0.91012704372406006
0.16196894645690918
0
0
0
0
1.1001812219619751
2.9793944358825684
2.0518190860748291
0
7.8442368507385254
5.8392853736877441
0
4.6160440444946289
0
0
4.0872611999511719
0
1.4948195219039917
0.71753501892089844
0
3.1687159538269043
0
0
0
0
2.1066639423370361
0
0
0
3.7841353416442871
0
2.2225830554962158
0.16440224647521973
0
0
0
5.2109479904174805
0
0.86935478448867798
8.2330827713012695
