1.15289927
1.12857199
0.222291961
-1.19178331
-1.63733625
-0.964639366
-0.761214554
-0.948841214
1.63097954
1.13038373
-1.19521976
-2.34660769
-1.15631473
0.918270826
0.922884941
-0.779322803
2.79072428
0.711219251
-2.06812668
-1.63912952
0.293319941
2.86673903
1.99454737
-0.901317775
3.53852129
0.0232936181
-2.38790464
-1.14940572
0.30433479
1.81265223
0.943956673
-1.99151683
3.31083989
-1.09937739
-3.28088713
-1.76104605
-0.802716017
0.342304826
0.030092692
-2.371984
2.34996676
-1.55634058
-3.42722106
-1.75357139
-0.898949504
-0.327258468
-1.48240566
-2.10373616
1.45987701
-1.10113013
-2.65912914
-1.69615424
-1.32678807
-1.31184125
-1.63463318
-0.709879398
0.349696964
-0.697728395
-1.7392633
-1.52537334
-1.25603259
-1.04788721
-0.37800622
0.555642664
0.46121341
1.6511389
3.68217182
4.75105476
4.2175622
3.0789969
2.07617664
1.55444229
1.18143129
2.21769094
3.05368328
4.04443073
3.28079438
1.84834087
1.69801176
1.739923
0.713605583
0.693199337
0.315273434
-0.788093567
-1.35731995
-0.76220268
0.797282338
1.93684793
-0.868685603
-1.62283468
-1.86076117
-3.78011537
-4.06665897
-1.73204625
0.85531348
2.17822528
-1.73495507
-2.25259113
-2.06620383
-2.38523817
-1.72610939
0.61866051
1.90844667
2.4283762
-0.893562555
-0.522255599
0.109275088
1.23622632
2.83637404
3.42203975
2.28640652
1.46005547
0.878194809
1.55612874
2.51837993
3.5115521
3.85324574
2.7933228
0.818517804
-0.808172941
1.04658949
2.1267271
2.70089269
2.30501676
1.35351527
-0.488298267
-1.89637768
-2.33343697
-1.32987702
-3.23773146
-4.71445227
-5.48811722
-4.85053921
-3.39701438
-3.65788078
-3.38576436
-1.7855947
-2.90959549
-2.63070416
-1.07202005
-0.0234599374
0.176540971
-0.863857985
-3.00690889
-0.365010589
-0.362624019
0.52141422
2.51134014
3.52403951
2.61298537
0.21650812
-2.22547126
0.30745253
-0.486419022
-0.716426134
0.764478683
1.06139314
-1.14733529
-3.0559268
-3.21467757
-1.18307078
-3.33859348
-3.77345443
-3.48661947
-4.58332014
-5.01687384
-4.93468857
-3.94347382
-2.68653703
-5.1957655
-6.47420502
-6.9994626
-6.88951159
-5.67067385
-4.32914543
-2.50156522
-2.11391497
-3.66199589
-4.936759
-5.25825739
-4.67377901
-2.71381569
-1.22837949
-0.365786016
1.17791235
1.24887764
1.79608583
1.63123858
1.27665162
1.38875473
1.02268004
1.51110542
-0.945736408
0.0484796911
1.98626173
1.80226409
-0.962907612
-2.34869695
-1.49672806
-0.777803004
-0.350184768
1.92202556
2.98878765
0.612213254
-1.99343932
-1.67172599
-0.135536373
0.165430143
1.14934433
3.66892886
1.9934566
-2.17556047
-3.73263717
-1.51546371
0.208704576
0.168195128
2.71164107
3.64903235
-0.894339442
-5.35259199
-5.80190706
-2.7881155
-0.759261668
-1.07397759
3.22107935
1.31810176
-5.12195587
-7.33295345
-6.49546432
-2.75712252
-0.154317379
-2.18834424
3.03130221
-0.787028313
-5.95362091
-5.84723282
-3.28054643
-0.140748933
0.531779051
-3.0292182
2.86382818
-0.677304029
-3.56514502
-2.44709611
-0.125012368
1.20078611
-0.402932137
-3.42243385
1.74415326
-0.256819725
-1.24393666
0.261598349
1.10569739
0.226781249
-2.07679701
-3.19398642
-0.650612175
-0.0696545616
0.738530278
1.88988173
1.64906931
1.27687895
0.414619654
0.0356142409
-0.235030249
0.149575129
1.25893629
1.60753572
1.33758175
1.64510918
1.25991547
0.747763574
-0.0989767164
0.559343338
1.04840422
0.455936879
0.405751944
2.03740072
2.69273829
1.97778916
-0.0281441435
0.904822052
1.1976428
0.62027818
-0.103904888
1.19694817
2.45007563
2.65326095
0.679054081
1.68979776
1.90362573
1.25352502
0.286718756
0.480135143
2.00293589
2.2160008
1.42368269
2.12469482
1.76065636
1.07734239
0.273466736
0.644591093
1.81024635
1.36815643
1.54065371
2.17139578
1.68186176
0.725113988
0.351411432
0.877681017
1.27046299
1.18218839
0.569646955
1.65214348
1.98851359
0.938447893
0.222401664
0.844294608
1.58394587
1.67430639
-1.18151581
-2.28629351
-2.4527564
-0.851767421
0.932340801
1.38389111
0.709218442
0.0794779882
-1.70323956
-1.92008984
-0.0967027321
2.41512203
2.66381216
1.12482321
0.0288835838
-0.389374644
-1.50695562
0.10542953
3.21021318
5.08601284
2.62407804
-0.882219315
-1.87592947
-1.27159941
-0.401936501
1.90803027
4.15790606
2.7867198
-0.825852573
-3.1673224
-3.08886099
-1.25818169
0.186260343
2.02624345
1.07655847
-2.16989279
-3.72132921
-2.96526361
-1.35822439
0.857241988
-0.179706037
0.66366452
-0.986587405
-3.5683856
-3.39580774
-0.576485991
2.24763083
3.46158242
-0.142087415
0.251812994
-1.009763
-1.76488554
0.170720041
3.26900244
5.13313675
3.36653137
0.545065045
0.332613796
0.142766029
1.64157319
4.3745966
5.58870745
3.85106277
0.183066919
0.146844968
2.33236885
3.78888226
2.06628036
0.12181785
-0.534814
-0.154478893
0.343233317
1.9193784
4.34642696
3.86358619
0.782398582
-1.07938612
-1.44781017
-0.823800564
0.17182669
3.56651831
3.99514866
1.76062799
-1.51962376
-1.90098023
-0.629709601
-0.209181994
0.302054018
3.87869215
2.31663871
-1.12481701
-1.89074409
0.12935698
1.89312971
1.74872291
0.645330966
3.18220425
0.364101768
-1.42177057
-0.118985854
2.33462119
4.20027256
2.72084022
-0.099822633
1.98010671
-0.654614568
-0.441704273
1.73913848
4.1124053
4.67585182
1.85248184
-1.39583123
1.30371189
-0.586075902
0.859138012
3.51566172
4.1685071
2.59957647
-0.719454885
-2.10863662
1.14696026
-0.0130414031
1.22003889
2.37026262
1.51991761
-0.722952127
-2.46943569
-1.29094648
0.229346707
0.239069521
0.387937218
1.15744078
1.96847117
1.73918414
-0.0601412989
-1.93061602
0.4676373
0.666397154
0.634278595
0.498559237
1.8356756
3.47704959
2.9937706
0.359862268
0.0857973918
0.679815352
0.469954878
-0.158724874
0.108681761
1.75961912
2.90910864
1.87418938
-0.348621994
0.0795500651
-0.147679791
-0.993940353
-1.59838629
-1.54947412
-0.5194363
1.17932904
-0.000849302742
-0.250484675
-1.3852396
-2.43927407
-3.067693
-3.20310211
-2.34384918
-0.551618993
1.02341628
1.01334095
-0.708453059
-2.00674534
-1.95024014
-1.70349455
-1.49009645
-0.863500178
1.81411254
3.77000499
3.2956686
0.980602503
0.0709122717
0.140611649
0.145186082
0.149031624
-0.0565156639
3.04192638
5.40569544
4.35097027
2.31940079
1.36920106
0.650440931
0.40982759
0.922581792
0.702395082
-0.550019622
-2.09630609
-1.57651985
-0.264132082
0.179641277
0.119642429
1.11761868
-0.623337567
-2.14441848
-2.14852047
0.291975915
1.53296745
0.636504769
0.239174724
0.418723345
-2.90181208
-3.24068785
-0.479114473
2.49829245
1.99577761
-0.0566573292
-0.389988035
-1.10637474
-4.06291342
-2.17810464
1.98698926
3.73585486
1.26881039
-2.37065125
-2.15137887
-1.8693105
-3.55750465
0.407482058
3.22822356
2.92099237
0.285912246
-3.62702394
-2.61950159
-1.40522778
-2.19408226
1.69458711
2.46478343
0.548764527
-1.63315129
-3.58849216
-1.24252665
-0.683785737
-0.969142735
1.66915512
1.09608841
-1.31349373
-2.43491745
-1.83865154
1.73055637
-0.924453795
-0.962597847
0.532539904
-0.381996483
-1.5771631
-0.976726711
1.23812366
3.37040758
0.734839678
1.25575161
2.37259102
3.03131914
2.82666206
1.71466434
0.70990473
-0.0337722041
0.800555527
1.75972855
2.53585052
2.2523849
0.51616621
-0.658640802
-0.0422913879
0.387799114
0.770428061
1.92096841
2.38659644
1.18461061
-0.949581146
-2.14660239
-1.04096937
0.780667841
0.984183788
2.44788551
2.59303188
0.239265919
-1.61286426
-1.69339061
-0.0967778638
1.49259925
1.44239771
3.2665863
2.85817695
-0.196637556
-1.60255659
-0.4263331
1.23698759
2.02472377
1.50528109
3.82369804
3.3072803
0.434510797
0.14000088
1.33929265
1.95147419
1.74597383
0.81019336
2.66779804
2.54812694
0.89710927
0.330105692
1.04473031
1.26206982
0.45865196
-0.103752121
0.349252075
0.0836455822
-0.805892467
-0.788839757
-0.400733382
-0.820253551
-1.72976744
2.53397965
2.25266719
-0.506208479
-3.94522309
-5.05218983
-3.57527614
-2.02643847
-1.41352499
1.96932006
-0.825470209
-6.44403887
-8.90305519
-6.90190649
-3.11590362
-0.978036523
-0.512761533
-0.303275436
-6.03857756
-11.0485706
-9.87272739
-4.62129307
-0.0475098826
0.663914263
0.026421072
-3.30627632
-8.97946358
-8.75532055
-3.37811518
0.339787215
1.02203691
-0.379738212
-1.63976908
-4.70452881
-7.02856779
-2.45811081
3.21477818
3.40313959
-0.418720067
-4.67184591
-4.82649231
-4.08570862
-4.28155136
1.6110369
4.45297956
1.29112625
-5.11003971
-9.76080418
-7.2992487
-3.59213853
-2.94438672
0.788786232
-0.979199648
-6.24362993
-11.1549931
-11.3156128
-5.07343102
-5.23945141
-4.20947027
-2.80596948
-7.29876137
-11.6125765
-11.4874458
-6.34522104
0.642699003
1.01569736
1.94983375
2.56641316
2.28482151
2.44360685
3.2897048
2.74696159
1.22929072
1.51930344
1.83690774
1.30287039
0.443192959
0.141610369
1.46475089
2.62749743
2.16759729
0.572558939
0.0551044941
-0.682845592
-1.56795824
-2.04068255
-1.15071857
0.423906058
1.9274776
-0.486148864
-1.48038113
-1.40130007
-1.56189942
-0.593334138
-0.309915066
-0.729066968
0.264468074
-0.247676298
-0.869750917
-0.414136887
0.478187472
0.976244628
0.903706133
-0.478727311
-0.88608551
0.580583572
1.3392061
2.72595406
2.91901135
2.25612235
1.7184068
0.354662687
-0.382624269
0.737106085
2.64235139
5.03649712
4.94714451
2.77153802
1.02259719
0.308111995
0.0189532451
-0.909502745
-0.159996644
2.19155169
2.85145307
0.999107659
-0.290236831
-0.79923445
-0.401226848
-2.436867
-3.88230848
-2.81078839
0.346647084
1.93493986
0.958939612
0.0196065269
0.465804815
-3.48184133
-3.77027297
-0.043715328
3.12268138
2.07400751
-1.38064134
-1.83510029
0.407752305
-4.24898148
-1.99333513
3.45335984
4.49328756
0.907805979
-3.53520346
-3.17314744
1.16229773
-4.11461496
-0.0287582465
5.45679617
4.31465387
-0.198482573
-3.98026514
-2.8645606
2.65598249
-3.69405913
1.04778409
4.35903215
1.89073801
-1.80821991
-3.46653557
-1.09789133
3.71041512
-3.47031999
0.000865465845
1.79751301
-0.57545197
-2.44024587
-1.37189221
1.76895618
4.08129692
-2.89108634
-1.15136337
-0.185583144
-1.18659854
-0.82071656
0.922934294
3.06867838
2.46017027
-1.73405099
-1.43593371
-0.602895617
0.0518680625
0.735019386
1.55856848
1.42527854
0.431288332
-1.32476187
-0.780775547
-0.226079494
1.66305947
3.22119808
3.64191437
2.53247356
0.911454737
-1.69879234
-0.931671381
-1.01088715
-1.1125319
-0.331587374
2.81233096
4.49333382
2.65709662
-2.81658816
-1.37838769
-1.85531151
-3.21657252
-4.10426712
-1.35524786
4.0696063
4.85605431
-3.07086825
-1.13943994
-1.08127415
-3.21839523
-5.7188983
-4.46150255
2.44215894
5.3869276
-2.07657337
0.627513409
-0.128470615
-2.26426458
-4.5279808
-4.86852074
-0.064017728
3.71804953
-1.26784599
2.39686441
1.70893443
-0.499533892
-2.50795436
-2.70268106
-0.349905789
1.91256189
-2.19111562
2.88642383
3.25009751
0.282836556
-1.89370656
-1.70689309
-0.340226918
1.01440382
-5.77495432
-0.962289333
1.41354895
-0.404621363
-2.62848878
-2.20480442
-0.824538112
0.106216237
-3.42259884
-3.42812085
-0.752039313
1.10554099
0.9386608
0.23336713
-0.67189765
-0.775156379
-2.83745813
-0.302588522
3.45468521
4.10858774
2.33245897
-0.40313977
-2.12431002
-1.64885914
-0.689303756
2.92461467
5.31566954
2.92761683
-1.11790788
-3.51752949
-3.28433466
-1.73202431
0.922146499
3.01138639
1.82557988
-2.2669518
-3.82146382
-3.28782058
-1.29990315
0.294258177
0.899521708
0.430128127
-2.04895377
-4.83502483
-3.90180469
-0.779397607
1.98760128
2.9435308
0.276102901
-1.15081048
-2.87546206
-3.9412055
-1.73089111
2.63614726
4.71007872
3.36877275
0.665655613
-0.249578372
-0.573687673
0.435648352
3.45386887
5.92682219
4.4254818
1.33834362
1.49062884
1.47382605
2.53719258
4.42129517
5.57719994
4.02244568
0.444920808
-1.41098356
-0.0506365485
0.181414396
0.456622094
0.906582296
1.79930019
2.42435932
1.68658507
0.389921367
0.207800671
0.548521519
1.37812555
1.29480672
1.61798811
2.35114145
1.955513
1.10529506
0.456839681
0.514323533
0.504279375
-0.148160651
-0.667036891
0.258988708
0.369659692
0.0758455545
-0.105644345
-0.87153548
-1.45862961
-1.43187189
-0.592200279
0.392730236
-0.0873034969
-0.361408174
-0.322020143
-0.66994822
-0.767097831
-1.09218526
-0.935000956
-0.255094171
0.401341319
-0.0224360004
0.621215582
0.973307729
1.14897799
0.0874565467
-0.0834827349
0.541211784
0.683423698
0.173573807
1.09819162
2.3838253
2.90141439
2.84326053
2.21149969
1.75345445
1.35448921
0.844255626
0.686887741
1.95893228
3.12512732
3.71751165
3.04144883
1.96010089
0.907525182
0.236468449
