1.18323183
-0.470000505
-4.50297356
-2.44346952
3.72992182
7.71054602
-1.73931718
-3.27148151
1.62329364
-5.25043297
4.80230808
3.78263569
-6.33304977
-1.49053442
2.93279767
-3.03986144
3.78386545
3.43303633
5.06679344
0.0336756706
2.86639404
5.17238712
5.71742725
3.49569511
0.972524166
-3.20337534
0.40050602
-8.10269451
-3.78915715
5.00316048
4.00219917
0.72411263
-1.02050698
1.67175698
-0.999324858
-3.38106203
-3.31984305
6.95275688
6.53942204
-0.608860016
5.12011576
-3.82418132
-2.03295994
-5.79681206
-1.54069102
0.818619728
-0.662584901
-0.398770332
-4.452178
3.02743578
2.96932554
-3.89999819
2.17506981
-3.97452545
-11.0292139
-5.7792778
-9.02438736
-5.17893839
-1.7983644
-5.87379265
-2.32150626
4.06560993
2.04456306
5.25133085
0.70827502
1.77907038
8.64201927
6.72845697
-4.83422756
-11.5993395
4.14710236
-2.26362514
3.8315649
2.25294018
-0.347099423
0.936181664
-11.3311462
0.349317759
-5.62071848
-1.85824251
-0.0613276958
-5.78798485
6.7896781
-7.40224791
-4.32166004
0.086705327
5.04139137
-10.4494677
-8.254776
3.03894377
4.33623028
-5.5356102
1.29875946
-6.54091597
-4.65893078
-0.192537129
0.66725421
2.53692889
-0.555548906
-0.145150304
3.43404269
3.83160257
1.60859489
5.63070536
-10.3874111
5.92088318
2.39682674
-4.60909605
-2.8463099
1.40967345
-2.58187079
3.20927262
4.26084471
-6.15102005
-6.60807323
6.66369343
1.00312424
-7.72459984
1.26191545
3.89754987
