-7.91960382
1.82860494
-4.91641712
-3.37415195
2.21065736
6.25850534
0.642197847
4.85446405
5.7090373
-1.22856617
4.56843233
6.70000744
-3.03568482
0.441999197
8.31739616
1.61621952
0.503445029
-3.43225193
-0.734824955
6.97329998
0.144103527
0.127245665
-4.64944744
-1.05645537
6.43471289
6.39309549
7.60317945
-3.21210194
-2.37772107
-0.648606181
7.75489044
-4.02563953
-1.91745138
-6.57679176
3.01523829
-4.44314384
8.61305809
-0.866215467
-0.971470952
3.65220237
3.62508059
-6.54338312
6.04883862
7.4756279
3.57143068
-0.570375323
4.58988285
-1.29589653
7.81785583
5.08843756
-0.847086668
-0.495569825
9.48430824
-3.31721926
2.95910954
-3.87101126
1.91238332
1.5764693
2.34821653
-7.13410139
-5.09855556
2.06498241
8.01695538
6.20440769
-3.99203777
-5.54484797
-3.26205349
-10.2193975
5.35247087
-0.568590045
0.573702633
4.99115944
-5.96325016
-4.71833611
-7.24642277
-1.10596693
1.60097253
3.85869646
0.125820875
-1.98848975
5.88164043
5.05408525
-4.27875423
-2.59552622
