1.63097954
0.222291961
0.918270826
0.922884941
3.53852129
0
2.86673903
1.99454737
3.31083989
0
0.342304826
0.030092692
1.45987701
0
0
0.555642664
2.21769094
4.75105476
4.2175622
2.07617664
0.713605583
0.315273434
0
2.17822528
0
1.23622632
3.42203975
2.4283762
2.1267271
3.5115521
3.85324574
0.818517804
0
0
0.176540971
0
0.30745253
2.51134014
3.52403951
0.21650812
0
0
0
0
1.24887764
1.79608583
1.38875473
1.51110542
1.92202556
2.98878765
0
0.165430143
3.66892886
1.9934566
0
0.208704576
3.22107935
0
0
0.531779051
2.86382818
0.261598349
1.20078611
0
0.149575129
1.88988173
1.64906931
1.25991547
0.904822052
1.1976428
2.03740072
2.69273829
2.12469482
1.90362573
0.644591093
2.2160008
2.17139578
1.98851359
0.877681017
1.67430639
0
2.41512203
2.66381216
0.709218442
1.90803027
5.08601284
2.62407804
0
2.02624345
1.07655847
0
3.46158242
0.545065045
1.64157319
5.58870745
5.13313675
4.34642696
3.86358619
0.12181785
0.343233317
3.99514866
1.76062799
1.89312971
1.74872291
3.18220425
1.73913848
4.67585182
2.72084022
1.30371189
3.51566172
4.1685071
0
0.666397154
1.15744078
3.47704959
2.9937706
0.679815352
0.469954878
1.75961912
2.90910864
1.02341628
0
0
0
3.77000499
5.40569544
2.31940079
0.650440931
1.11761868
0
1.53296745
0.636504769
0.418723345
1.98698926
3.73585486
0
0
3.22822356
2.92099237
0
0
1.66915512
0
3.37040758
1.75972855
3.03131914
2.82666206
0.70990473
2.44788551
2.59303188
0
1.49259925
3.82369804
3.3072803
1.33929265
2.02472377
2.66779804
2.54812694
1.04473031
1.26206982
2.53397965
0
0
0
0
0
1.02203691
0.663914263
0
4.45297956
3.40313959
0
0
0.788786232
0
0.642699003
1.94983375
2.56641316
3.2897048
2.74696159
0.572558939
0
0
1.9274776
1.3392061
2.91901135
2.25612235
0.354662687
2.64235139
5.03649712
2.77153802
0.308111995
0
3.12268138
2.07400751
0.465804815
0
5.45679617
0.907805979
2.65598249
1.04778409
4.35903215
0
4.08129692
0
0.0518680625
1.55856848
3.06867838
0
1.66305947
3.64191437
4.49333382
0
0
0
5.3869276
2.39686441
1.70893443
0
3.71804953
2.88642383
3.25009751
0
1.01440382
0
4.10858774
2.33245897
0
3.01138639
5.31566954
0
0.294258177
0.899521708
0
2.63614726
4.71007872
1.49062884
4.42129517
5.92682219
4.4254818
0.548521519
1.37812555
2.42435932
1.955513
0.514323533
0.504279375
0.392730236
0.369659692
0.973307729
1.14897799
0.541211784
0.683423698
2.3838253
3.71751165
3.04144883
1.35448921
