0
0
0
0
0
0
0
0
0
0
0
0
0
0
0
0
0
0
0
0
0
0
0
0
0
0
0
0
0
0
0
0
0
0
0
0
0
0
0
0
0
0
0
0
0
0
0
0
0
0
0
0
0
0
0
0
0
0
0
0
0
0
0
0
0
0
0
0
0
0
0
0
0
0
0
0
0
0
0
0
0
0
0
0
0
0
0
0
0
0
0
0
0
0
0
0
0
0
0
0
0
0
0
0
0
0
0
0
0
0
0
0
0
0
0
0
0
0
0
0
0
0
0
0
0.0431372561
0.588235319
0.992156863
0.792156875
0.121568628
0
0
0
0
0
0
0
0
0
0
0
0
0
0
0
0
0
0
0
0
0
0
0
0.145098045
0.984313726
0.984313726
0.992156863
0.419607848
0
0
0
0
0
0
0
0
0
0
0
0
0
0
0
0
0
0
0
0
0
0
0.0823529437
0.772549033
0.984313726
0.984313726
0.992156863
0.419607848
0
0
0
0
0
0
0
0
0
0
0
0
0
0
0
0
0
0
0
0
0
0.431372553
0.745098054
0.984313726
0.984313726
0.984313726
0.992156863
0.662745118
0.427450985
0.243137255
0
0
0
0
0
0
0
0
0
0
0
0
0
0
0
0
0
0
0
0.992156863
0.984313726
0.984313726
0.984313726
0.984313726
0.992156863
0.984313726
0.984313726
0.862745106
0.200000003
0
0
0
0
0
0
0
0
0
0
0
0
0
0
0
0
0
0.713725507
1
0.992156863
0.992156863
0.992156863
0.992156863
0.917647064
0.870588243
0.992156863
0.992156863
0.992156863
0
0
0
0
0
0
0
0
0
0
0
0
0
0
0
0
0.247058824
0.866666675
0.992156863
0.984313726
0.984313726
0.984313726
0.576470613
0.301960796
0.243137255
0.501960814
0.984313726
0.984313726
0.411764711
0
0
0
0
0
0
0
0
0
0
0
0
0
0
0.125490203
0.905882359
0.984313726
0.992156863
0.984313726
0.862745106
0.53725493
0.0392156877
0
0
0.121568628
0.90196079
0.984313726
0.952941179
0.443137258
0.0196078438
0
0
0
0
0
0
0
0
0
0
0
0
0.145098045
0.984313726
0.984313726
0.992156863
0.737254918
0.0784313753
0
0
0
0
0
0.427450985
0.984313726
0.992156863
0.984313726
0.137254909
0
0
0
0
0
0
0
0
0
0
0
0
0.145098045
0.984313726
0.984313726
0.788235307
0.117647059
0
0
0
0
0
0
0.121568628
0.784313738
0.992156863
0.984313726
0.137254909
0
0
0
0
0
0
0
0
0
0
0
0
0.145098045
0.992156863
0.992156863
0
0
0
0
0
0
0
0
0.125490203
0.792156875
1
0.992156863
0.643137276
0
0
0
0
0
0
0
0
0
0
0
0
0.549019635
0.984313726
0.984313726
0
0
0
0
0
0
0
0
0.427450985
0.984313726
0.992156863
0.984313726
0.137254909
0
0
0
0
0
0
0
0
0
0
0
0
0.850980401
0.984313726
0.984313726
0
0
0
0
0
0
0.0823529437
0.247058824
0.905882359
0.984313726
0.992156863
0.90196079
0.117647059
0
0
0
0
0
0
0
0
0
0
0
0
0.850980401
0.984313726
0.984313726
0
0
0
0
0
0
0.564705908
0.984313726
0.984313726
0.984313726
0.866666675
0.239215687
0
0
0
0
0
0
0
0
0
0
0
0
0
0.850980401
0.984313726
0.984313726
0
0
0
0
0
0.713725507
0.866666675
0.984313726
0.984313726
0.984313726
0.70588237
0
0
0
0
0
0
0
0
0
0
0
0
0
0
0.854901969
0.992156863
0.992156863
0.286274523
0.286274523
0.894117653
0.992156863
0.992156863
1
0.992156863
0.992156863
0.992156863
0.992156863
0
0
0
0
0
0
0
0
0
0
0
0
0
0
0
0.443137258
0.984313726
0.984313726
0.992156863
0.984313726
0.984313726
0.984313726
0.984313726
0.992156863
0.984313726
0.984313726
0.984313726
0.576470613
0
0
0
0
0
0
0
0
0
0
0
0
0
0
0
0.121568628
0.90196079
0.984313726
0.992156863
0.984313726
0.984313726
0.984313726
0.984313726
0.992156863
0.90196079
0.741176486
0.137254909
0.0392156877
0
0
0
0
0
0
0
0
0
0
0
0
0
0
0
0
0.243137255
0.556862772
0.992156863
0.984313726
0.984313726
0.984313726
0.984313726
0.992156863
0.419607848
0
0
0
0
0
0
0
0
0
0
0
0
0
0
0
0
0
0
0
0
0
0.282352954
0.68235296
0.984313726
0.678431392
0.278431386
0.282352954
0.117647059
0
0
0
0
0
0
0
0
0
0
0
0
0
0
0
0
0
0
0
0
0
0
0
0
0
0
0
0
0
0
0
0
0
0
0
0
0
0
0
0
0
0
0
0
0
0
0
0
0
0
0
0
0
0
0
0
0
0
0
0
0
0
0
0
0
0
0
0
0
0
0
0
0
0
0
0
0
0
0
0
0
0
0
0
0
0
0
0
0
0
0
0
0
0
0
0
0
0
0
0
0
0
0
0
0
0
0
0
0
0
0
0
0
0
0
0
0
0
0
0
0
0
0
