0
0
0
0
0.00134452723
0.007839269
0.189069554
0.235763475
0.0523514114
0
0
0
0
0
0
0.00157024094
0
0
0
0
0.0948758796
0.0471832491
0
0
0
0
0.00259803492
0
0
0
0
0
0.10681244
0.144700512
0
0
0
0.000456797366
0.00089931977
0
0
0
0
0
0
0
0.108877935
0.00380510068
0
0
0
0
0.08811903
0.492639422
1.01759934
1.15532482
0.6006549
0
0.0892166123
0.0219457466
0
0.0114290202
0.13144815
0.486790091
0.492613226
0.71263659
0.818749785
0.640754282
0.526545763
0.300529301
0
0.0287317764
0
0
0.0894367322
0.530700564
0.339527786
0.524418414
0.0221738536
0.146592766
0.317810118
0.245291069
0
0
0
0.0246705953
0.0793410242
0.0185264777
0
0.0870519429
0.0939888731
0
0
0.154525116
0.162694529
0.116012335
0
0.0998088866
0.177986577
0.096810393
0
0
0
0
0.0507261232
0.162357017
0.283453643
0.0328111202
0
0.187978134
0.424468547
0.484793961
0
0
0
0.442257464
0.57172811
0.565059125
0.196866721
0
0
0.0942132473
0.559891284
1.11523533
1.25036561
0.892061114
0.895124793
0.840904772
0.759320259
0.487502456
0
0
0
0
0.145601258
0.677345693
1.41985893
1.5151546
1.18321407
0.757137299
0.108094573
0
0
0
0
0
0
0
0
0
0
0.0845018104
0.0711099282
0
0
0
0
0
0
0
0
0
0
0.212800875
0.145878837
0.0289413668
0
0
0
0
0
0
0
0
0.185920015
0
0
0.152915552
0
0
0
0
0
0
0.0677292943
1.56633091
1.97346568
1.21317005
0
0.18407914
0.0490136035
0.00233398122
0
0
0
0
2.09677315
2.50517559
2.5017941
1.89596033
0.312116712
0
0.296577871
0.0439225808
0
0
0
1.11602187
2.50731444
2.07294679
0.857963264
0.904752612
0.449876726
0
0.511220694
0.185027719
0
0
0
0.983620703
1.28548312
0.356763244
0
0
0
1.03941607
0.915181518
0.186480328
0
0
0
0.365248203
0.609143138
0
0
0
1.12855089
1.68371284
1.20118618
0.0142836869
0
0.264076084
0.407966435
0
0
0
0
1.06158996
1.82628024
1.59576666
0.584856033
0
0
0.403553903
1.28096366
1.19780958
0.486327529
0.955483675
1.94374454
2.52724195
2.25908995
1.00668943
0
0
0
0.170374408
1.34228122
1.9099828
2.14726925
2.45739508
2.42010689
2.19851923
1.1487267
0.11780896
0
0
0
0
0.262260646
1.16889846
1.88907719
1.78880823
1.48008049
0.46114254
0
0
0
0
0
0
0
0
0.0192613471
0.28564319
0.799361646
0.670866072
0.0970452651
0
0
0
0
0
0
0
0.462699026
1.95794964
2.02400303
1.11721492
0.311045319
0.0532530248
0
0
0
0
0
0.424488157
1.91854334
2.39264154
2.41932964
2.03488469
1.05629826
0.594802797
0
0
0
0
0.161035076
1.53000116
2.48256779
2.57982445
2.72641349
2.37200236
1.53542304
0.942421973
0.330427647
0.00429459894
0
0.0388316736
0.838156819
2.02560234
2.53818202
2.46760106
1.19027627
1.44727278
1.69940734
1.7376579
0.972180009
0.0400083885
0
0.0445121154
0.960695207
1.98577774
2.09357357
0.675046206
0.228284016
0.610631943
1.61522722
2.08986402
1.46436608
0.174129948
0
0.197168246
1.16431785
1.50546968
1.28891969
0.170827672
0.00641477713
0.674481034
2.13662291
2.19056296
1.48134005
0.18184945
0
0.270418227
1.26100254
1.5796665
1.28711903
0.0797105879
1.11743927
2.07685566
2.29249358
2.08144474
0.828377843
0.131922871
0
0.315303206
1.32466495
1.85195971
2.02397227
2.0615294
2.38912129
2.55541563
2.30504179
1.39086747
0.335303068
0.0215467699
0
0.13346003
1.1580162
2.00584841
2.39434528
2.59926391
2.65213346
2.44498467
1.48613775
0.5269593
0.129280627
0
0
0.00832171924
0.304600984
1.2603544
2.04036331
2.17152333
1.7584157
0.882862389
0.315874279
0.203656226
0
0
0
0
0.00349688786
0.0359257944
0.324300081
0.379182875
0.238201335
0.241769359
0.0676631033
0
0
0
0
0
0
0
0.11594522
0.117752865
0.105982579
0
0
0
0
0
0
0
0
0.0644888878
0.0804309472
0.126952752
0.703303695
0.0578732006
0
0
0
0
0
0
0.0959665328
0.133459181
0.0416621491
0.501690745
0.701856792
0.163973019
0.0244406033
0
0
0
0
0.0168732367
0.111447923
0.0954060778
0.497984648
0.343984514
0.244919583
0.481139392
0.69001168
0.00707580475
0
0
0
0.0195257254
0.0121133411
0.608964801
0.473054618
0.711988032
0.60348624
0.0245684739
0.812226236
0.344591767
0
0
0
0
0
0.978645563
0.692175806
0.486932069
0.0504365489
0.0280259121
0.547582805
0.833700597
0
0.0201778077
0
0.0399031714
0.10266418
1.20989978
0.0537396967
0.041291859
0.0771061406
0.0994498506
0.383236706
0.721453965
0.0563800894
0
0
0
0.424075335
1.12639475
0
0.144824207
0.0257447865
0.263857692
0.711349547
0.891936839
0
0.00312066125
0
0
0.406633645
1.16597235
0
0
0.347909629
0.404825687
0.82061559
0.377149731
0.0149547644
0.00735480199
0
0
0.182631493
0.529180706
0.379803568
0.437936217
0.389252752
0.803770006
0.975870848
0
0.0441288128
0
0
0.0360312127
0.0681998506
0.196158007
0.363402069
0.667227805
0.897849858
0.72851932
0.0433217511
0.0303199645
0
0
0
0
0.0766143948
0.0946970582
0.446141809
0.459518611
0.0908683687
0.0171496961
0.00907642022
0
0
0
0
0
0
0
0.158479661
0.802759767
1.10511327
0.612903059
0.0457308479
0
0
0
0
0
0
0.232515872
0.692819893
2.18103981
2.25827909
0.797483802
0.179960713
0.00741268182
0
0
0
0
0.12458539
0.609100878
2.09372401
2.85018682
2.67553329
1.56274199
1.11085999
0.480098248
0
0
0
0.0219051242
0.366585582
2.01854205
2.70394778
2.74315882
2.30993724
1.66841459
1.50486636
0.603011072
0.225113213
0.000597796927
0
0.011651489
1.04109025
2.51711321
2.66261935
2.19940257
1.2790606
1.44278693
1.84702337
1.3534708
0.589661479
0.0410004109
0
0.111572348
1.57468212
2.42983174
2.17187428
0.690171123
0.0129607432
0.959039152
2.25896764
2.04806232
0.554015398
0.160811424
0
0.122893326
1.94446182
2.53975058
0.758309782
0
0.316132724
1.01489079
2.56533098
2.4395802
0.574958861
0
0
0.216426209
2.23971581
2.31393886
0.506241202
0.463055074
1.05939901
2.4889586
2.70899034
2.12185216
0.0768646747
0
0
0.184661672
2.29161668
2.34551549
1.40933979
1.93091762
2.6062603
2.75671268
2.60900736
1.03738701
0
0
0
0.194417477
1.65401423
2.03525782
2.25040531
2.49636745
2.52419686
2.3795135
1.43785739
0
0
0
0
0.0738159716
0.84923631
1.25596297
1.67081809
1.84349144
1.70319486
0.864681363
0.0406510532
0
0
0
0
0
0.127962559
0.58212024
0.954805493
0.750202894
0.293896496
0
0
0
0
0
0
0
0
0
0.26843223
0.685101926
0.33830303
0
0
0
0
0
0
0
0
0.243940443
1.10296345
1.42708099
0.222263068
0
0
0
0
0
0
0
0.165585324
1.02236569
1.41232312
1.34462953
0.417795002
0
0
0
0
0
0
0.0291139036
0.639077842
1.6219207
1.3412894
0.602974892
0.0629742816
0.317221522
0
0
0
0
0
0.0669230968
1.48857415
1.61844146
0.928081989
0
0.2608127
1.57387531
1.38804567
0
0
0
0
0.227901936
1.87900555
1.56886911
0
0
0.051449284
1.41250384
1.9851259
0.466946632
0
0
0
0.410463929
1.89717138
1.25911999
0
0
0.343698889
1.4105674
1.92652166
0.600613773
0
0
0
0.756907523
1.8296361
0.779154062
0
0.444683969
1.00646353
1.39076447
1.15980613
0
0
0
0
0.711509585
1.88713348
1.08394599
0
0.504843831
0.88140285
0.910418153
0.355875343
0
0
0
0
0.499317765
1.6995877
1.35121727
0.548478186
0.477430403
0.240315318
0.119800977
0
0
0
0
0
0.108255096
1.03708935
1.28899443
1.13726175
0.539006829
0.0417407192
0
0
0
0
0
0
0
0.129460245
0.711809278
0.915558159
0.510419428
0.292195141
0.00238467427
0
0
0
0
