0
1.82860494
0
0
2.21065736
6.25850534
0.642197847
4.85446405
5.7090373
0
4.56843233
6.70000744
0
0.441999197
8.31739616
1.61621952
0.503445029
0
0
6.97329998
0.144103527
0.127245665
0
0
6.43471289
6.39309549
7.60317945
0
0
0
7.75489044
0
0
0
3.01523829
0
8.61305809
0
0
3.65220237
3.62508059
0
6.04883862
7.4756279
3.57143068
0
4.58988285
0
7.81785583
5.08843756
0
0
9.48430824
0
2.95910954
0
1.91238332
1.5764693
2.34821653
0
0
2.06498241
8.01695538
6.20440769
0
0
0
0
5.35247087
0
0.573702633
4.99115944
0
0
0
0
1.60097253
3.85869646
0.125820875
0
5.88164043
5.05408525
0
0
