1.15289927
1.12857199
0.222291961
0
0
0
0
0
1.63097954
1.13038373
0
0
0
0.918270826
0.922884941
0
2.79072428
0.711219251
0
0
0.293319941
2.86673903
1.99454737
0
3.53852129
0.0232936181
0
0
0.30433479
1.81265223
0.943956673
0
3.31083989
0
0
0
0
0.342304826
0.030092692
0
2.34996676
0
0
0
0
0
0
0
1.45987701
0
0
0
0
0
0
0
0.349696964
0
0
0
0
0
0
0.555642664
0.46121341
1.6511389
3.68217182
4.75105476
4.2175622
3.0789969
2.07617664
1.55444229
1.18143129
2.21769094
3.05368328
4.04443073
3.28079438
1.84834087
1.69801176
1.739923
0.713605583
0.693199337
0.315273434
0
0
0
0.797282338
1.93684793
0
0
0
0
0
0
0.85531348
2.17822528
0
0
0
0
0
0.61866051
1.90844667
2.4283762
0
0
0.109275088
1.23622632
2.83637404
3.42203975
2.28640652
1.46005547
0.878194809
1.55612874
2.51837993
3.5115521
3.85324574
2.7933228
0.818517804
0
1.04658949
2.1267271
2.70089269
2.30501676
1.35351527
0
0
0
0
0
0
0
0
0
0
0
0
0
0
0
0
0.176540971
0
0
0
0
0.52141422
2.51134014
3.52403951
2.61298537
0.21650812
0
0.30745253
0
0
0.764478683
1.06139314
0
0
0
0
0
0
0
0
0
0
0
0
0
0
0
0
0
0
0
0
0
0
0
0
0
0
0
1.17791235
1.24887764
1.79608583
1.63123858
1.27665162
1.38875473
1.02268004
1.51110542
0
0.0484796911
1.98626173
1.80226409
0
0
0
0
0
1.92202556
2.98878765
0.612213254
0
0
0
0.165430143
1.14934433
3.66892886
1.9934566
0
0
0
0.208704576
0.168195128
2.71164107
3.64903235
0
0
0
0
0
0
3.22107935
1.31810176
0
0
0
0
0
0
3.03130221
0
0
0
0
0
0.531779051
0
2.86382818
0
0
0
0
1.20078611
0
0
1.74415326
0
0
0.261598349
1.10569739
0.226781249
0
0
0
0
0.738530278
1.88988173
1.64906931
1.27687895
0.414619654
0.0356142409
0
0.149575129
1.25893629
1.60753572
1.33758175
1.64510918
1.25991547
0.747763574
0
0.559343338
1.04840422
0.455936879
0.405751944
2.03740072
2.69273829
1.97778916
0
0.904822052
1.1976428
0.62027818
0
1.19694817
2.45007563
2.65326095
0.679054081
1.68979776
1.90362573
1.25352502
0.286718756
0.480135143
2.00293589
2.2160008
1.42368269
2.12469482
1.76065636
1.07734239
0.273466736
0.644591093
1.81024635
1.36815643
1.54065371
2.17139578
1.68186176
0.725113988
0.351411432
0.877681017
1.27046299
1.18218839
0.569646955
1.65214348
1.98851359
0.938447893
0.222401664
0.844294608
1.58394587
1.67430639
0
0
0
0
0.932340801
1.38389111
0.709218442
0.0794779882
0
0
0
2.41512203
2.66381216
1.12482321
0.0288835838
0
0
0.10542953
3.21021318
5.08601284
2.62407804
0
0
0
0
1.90803027
4.15790606
2.7867198
0
0
0
0
0.186260343
2.02624345
1.07655847
0
0
0
0
0.857241988
0
0.66366452
0
0
0
0
2.24763083
3.46158242
0
0.251812994
0
0
0.170720041
3.26900244
5.13313675
3.36653137
0.545065045
0.332613796
0.142766029
1.64157319
4.3745966
5.58870745
3.85106277
0.183066919
0.146844968
2.33236885
3.78888226
2.06628036
0.12181785
0
0
0.343233317
1.9193784
4.34642696
3.86358619
0.782398582
0
0
0
0.17182669
3.56651831
3.99514866
1.76062799
0
0
0
0
0.302054018
3.87869215
2.31663871
0
0
0.12935698
1.89312971
1.74872291
0.645330966
3.18220425
0.364101768
0
0
2.33462119
4.20027256
2.72084022
0
1.98010671
0
0
1.73913848
4.1124053
4.67585182
1.85248184
0
1.30371189
0
0.859138012
3.51566172
4.1685071
2.59957647
0
0
1.14696026
0
1.22003889
2.37026262
1.51991761
0
0
0
0.229346707
0.239069521
0.387937218
1.15744078
1.96847117
1.73918414
0
0
0.4676373
0.666397154
0.634278595
0.498559237
1.8356756
3.47704959
2.9937706
0.359862268
0.0857973918
0.679815352
0.469954878
0
0.108681761
1.75961912
2.90910864
1.87418938
0
0.0795500651
0
0
0
0
0
1.17932904
0
0
0
0
0
0
0
0
1.02341628
1.01334095
0
0
0
0
0
0
1.81411254
3.77000499
3.2956686
0.980602503
0.0709122717
0.140611649
0.145186082
0.149031624
0
3.04192638
5.40569544
4.35097027
2.31940079
1.36920106
0.650440931
0.40982759
0.922581792
0.702395082
0
0
0
0
0.179641277
0.119642429
1.11761868
0
0
0
0.291975915
1.53296745
0.636504769
0.239174724
0.418723345
0
0
0
2.49829245
1.99577761
0
0
0
0
0
1.98698926
3.73585486
1.26881039
0
0
0
0
0.407482058
3.22822356
2.92099237
0.285912246
0
0
0
0
1.69458711
2.46478343
0.548764527
0
0
0
0
0
1.66915512
1.09608841
0
0
0
1.73055637
0
0
0.532539904
0
0
0
1.23812366
3.37040758
0.734839678
1.25575161
2.37259102
3.03131914
2.82666206
1.71466434
0.70990473
0
0.800555527
1.75972855
2.53585052
2.2523849
0.51616621
0
0
0.387799114
0.770428061
1.92096841
2.38659644
1.18461061
0
0
0
0.780667841
0.984183788
2.44788551
2.59303188
0.239265919
0
0
0
1.49259925
1.44239771
3.2665863
2.85817695
0
0
0
1.23698759
2.02472377
1.50528109
3.82369804
3.3072803
0.434510797
0.14000088
1.33929265
1.95147419
1.74597383
0.81019336
2.66779804
2.54812694
0.89710927
0.330105692
1.04473031
1.26206982
0.45865196
0
0.349252075
0.0836455822
0
0
0
0
0
2.53397965
2.25266719
0
0
0
0
0
0
1.96932006
0
0
0
0
0
0
0
0
0
0
0
0
0
0.663914263
0.026421072
0
0
0
0
0.339787215
1.02203691
0
0
0
0
0
3.21477818
3.40313959
0
0
0
0
0
1.6110369
4.45297956
1.29112625
0
0
0
0
0
0.788786232
0
0
0
0
0
0
0
0
0
0
0
0
0.642699003
1.01569736
1.94983375
2.56641316
2.28482151
2.44360685
3.2897048
2.74696159
1.22929072
1.51930344
1.83690774
1.30287039
0.443192959
0.141610369
1.46475089
2.62749743
2.16759729
0.572558939
0.0551044941
0
0
0
0
0.423906058
1.9274776
0
0
0
0
0
0
0
0.264468074
0
0
0
0.478187472
0.976244628
0.903706133
0
0
0.580583572
1.3392061
2.72595406
2.91901135
2.25612235
1.7184068
0.354662687
0
0.737106085
2.64235139
5.03649712
4.94714451
2.77153802
1.02259719
0.308111995
0.0189532451
0
0
2.19155169
2.85145307
0.999107659
0
0
0
0
0
0
0.346647084
1.93493986
0.958939612
0.0196065269
0.465804815
0
0
0
3.12268138
2.07400751
0
0
0.407752305
0
0
3.45335984
4.49328756
0.907805979
0
0
1.16229773
0
0
5.45679617
4.31465387
0
0
0
2.65598249
0
1.04778409
4.35903215
1.89073801
0
0
0
3.71041512
0
0.000865465845
1.79751301
0
0
0
1.76895618
4.08129692
0
0
0
0
0
0.922934294
3.06867838
2.46017027
0
0
0
0.0518680625
0.735019386
1.55856848
1.42527854
0.431288332
0
0
0
1.66305947
3.22119808
3.64191437
2.53247356
0.911454737
0
0
0
0
0
2.81233096
4.49333382
2.65709662
0
0
0
0
0
0
4.0696063
4.85605431
0
0
0
0
0
0
2.44215894
5.3869276
0
0.627513409
0
0
0
0
0
3.71804953
0
2.39686441
1.70893443
0
0
0
0
1.91256189
0
2.88642383
3.25009751
0.282836556
0
0
0
1.01440382
0
0
1.41354895
0
0
0
0
0.106216237
0
0
0
1.10554099
0.9386608
0.23336713
0
0
0
0
3.45468521
4.10858774
2.33245897
0
0
0
0
2.92461467
5.31566954
2.92761683
0
0
0
0
0.922146499
3.01138639
1.82557988
0
0
0
0
0.294258177
0.899521708
0.430128127
0
0
0
0
1.98760128
2.9435308
0.276102901
0
0
0
0
2.63614726
4.71007872
3.36877275
0.665655613
0
0
0.435648352
3.45386887
5.92682219
4.4254818
1.33834362
1.49062884
1.47382605
2.53719258
4.42129517
5.57719994
4.02244568
0.444920808
0
0
0.181414396
0.456622094
0.906582296
1.79930019
2.42435932
1.68658507
0.389921367
0.207800671
0.548521519
1.37812555
1.29480672
1.61798811
2.35114145
1.955513
1.10529506
0.456839681
0.514323533
0.504279375
0
0
0.258988708
0.369659692
0.0758455545
0
0
0
0
0
0.392730236
0
0
0
0
0
0
0
0
0.401341319
0
0.621215582
0.973307729
1.14897799
0.0874565467
0
0.541211784
0.683423698
0.173573807
1.09819162
2.3838253
2.90141439
2.84326053
2.21149969
1.75345445
1.35448921
0.844255626
0.686887741
1.95893228
3.12512732
3.71751165
3.04144883
1.96010089
0.907525182
0.236468449
