0
0
0
0
0
0
0
0
0.000157024086
0.00134452723
0
0.007839269
0.0587305874
0.189069554
0.235763475
0.159688413
0.0235916246
0
0
0
0
0
0
0
0
0
0
0
0
0
0
0
0
0
0
0
0
0
0
0.00790755451
0.0523514114
0
0
0
0
0
0
0
0
0
0
0
0
0
0
0.000299773266
0
0
0
0
0
0
0
0
0
0
0
0
0
0
0
0
0
0
0
0
0
0
0.00157024094
0
0
0
0
0
0
0
0
0
0
0.0948758796
0.0471832491
0
0
0
0
0
0
0
0
0
0
0
0
0
0
0
0
0
0
0
0
0
0
0.10681244
0.119077958
0.0388120264
0
0
0
0
0
0
0
0
0
0.00259803492
0
0
0
0
0
0
0
0
0
0
0
0
0
0.144700512
0
0
0
0
0
0
0
0
0.00089931977
0
0
0
0
0
0
0
0
0
0
0
0
0
0
0
0.0799071118
0
0
0
0
0
0
0.000456797366
0
0
0
0
0
0
0
0
0
0
0
0
0
0
0
0
0.108877935
0.0869569406
0.00380510068
0
0
0
0
0
0
0
0
0
0
0
0.0724063292
0.205716446
0.368277848
0.644444227
0.850028038
0.660137594
0.16784586
0
0
0
0
0.0892166123
0.0219457466
0
0
0
0
0
0
0
0
0
0
0.08811903
0.347940832
0.492639422
0.773681521
1.01759934
1.15532482
1.01802862
0.6006549
0.00929369219
0
0
0
0
0
0
0
0
0
0
0
0
0
0
0
0.443571657
0.466178983
0.71263659
0.818749785
0.66451627
0.640754282
0.593708098
0.526545763
0.270257652
0
0
0
0
0.0287317764
0
0
0
0
0.0114290202
0.0723651946
0.13144815
0.23327443
0.486790091
0.383074969
0.492613226
0.543939352
0.611505449
0.446586192
0.186706915
0.222321048
0.340726912
0.430044919
0.493966013
0.300529301
0
0
0
0
0
0
0
0
0
0.070591405
0.0894367322
0.310476571
0.530700564
0.278619885
0.339527786
0.524418414
0.226533055
0.0221738536
0
0.0492813028
0.146592766
0.2130602
0.317810118
0.245291069
0
0
0
0
0
0
0
0
0
0
0
0.0264293421
0.0148576973
0
0.0342567898
0.264607191
0.0328111202
0
0
0
0
0.0166259278
0.0707340762
0
0
0
0
0
0
0
0
0
0
0
0
0
0
0
0
0
0.00259803492
0
0
0
0
0
0
0
0
0
0
0.116012335
0
0
0
0
0.0246705953
0.0737153515
0.0793410242
0.0185264777
0
0
0
0.0870519429
0.0786209106
0.0939888731
0
0
0
0
0
0
0.154525116
0.0811489969
0.162694529
0.0293478854
0
0
0
0
0.0774511993
0.136687368
0.120727599
0.096810393
0
0
0
0
0
0
0
0
0
0
0
0.162357017
0.114368729
0.283453643
0.278163373
0.0328111202
0
0
0
0
0.0998088866
0.154278889
0.177986577
0.0443229228
0
0
0
0
0
0
0
0
0
0
0.0507261232
0
0.0707597136
0.27915585
0.0667159408
0
0
0
0
0
0.180228695
0.263377428
0.330507755
0.135923654
0
0
0
0
0
0
0
0
0
0.0972774178
0.0830957666
0.155611724
0.199071243
0.196866721
0
0
0
0
0
0
0.187978134
0.335354358
0.424468547
0.484793961
0.25725466
0
0
0
0
0
0
0.155249745
0.442257464
0.53226918
0.57172811
0.565059125
0.215296596
0
0
0
0
0
0
0
0.0942132473
0.345081538
0.559891284
0.772267997
0.920314968
0.651560843
0.279115647
0
0
0
0.294147253
0.524701059
0.619199038
0.759320259
0.722422063
0.487502456
0.157797232
0
0
0
0
0
0
0
0.0219452344
0.213797107
0.465373665
0.763020635
1.11523533
1.25036561
1.10748899
0.892061114
0.771899402
0.751881361
0.895124793
0.840904772
0.598790407
0.482222766
0.266408741
0.0532038696
0.0109370397
0
0
0
0
0
0
0
0
0.0438904688
0.145601258
0.361645997
0.677345693
1.0759542
1.41985893
1.5151546
1.41723549
1.18321407
0.950070739
0.757137299
0.427010924
0.108094573
0
0
0
0
0
0
0
0
0
0
0
0
0
0.0509695821
0.175525025
0.357934564
0.542287469
0.701815367
0.796618938
0.659288347
0.370724678
0.207499087
0.123519376
0.0328111202
0
0
0
0
0
0
0
0
0
0
0
0
0
0
0
0
0
0
0
0
0
0
0.0519399904
0.0144706834
0
0
0
0
0
0
0
0
0
0
0
0
0
0
0
0
0
0
0
0
0
0
0.0845018104
0.0711099282
0
0
0
0
0
0
0
0
0
0
0
0
0
0
0
0
0
0
0
0
0
0
0.212800875
0.145878837
0
0
0
0
0
0
0
0
0
0
0
0
0
0
0
0
0
0
0
0
0
0
0.10888806
0.0103414133
0
0.0289413668
0
0
0
0
0
0
0
0
0
0
0
0
0
0
0
0
0
0
0
0
0
0
0
0.075343363
0.0238066074
0
0
0
0
0
0
0
0
0
0
0
0
0
0
0
0
0.185920015
0
0
0
0
0
0
0.152915552
0
0
0
0
0
0
0
0
0
0
0
0
0
0
0.0623767637
0.676398396
0.808447063
0.508469224
0
0
0
0
0
0.18407914
0.0490136035
0
0
0
0
0
0
0
0
0
0
0
0
0.0677292943
0.913958609
1.56633091
1.95730507
1.97346568
1.21317005
0.0531591512
0
0
0
0
0.0226005521
0.0459168702
0.00233398122
0
0
0
0
0
0
0
0
0
0.0801800489
1.24124479
1.93032694
2.44555926
2.5017941
2.46067786
1.89596033
0.969900429
0
0
0
0
0
0.142407253
0.0197512116
0
0
0
0
0
0
0
0
0
1.19163764
2.09677315
2.50517559
2.32177496
1.9223876
1.76376736
1.54983091
1.22106194
0.312116712
0
0
0
0
0.296577871
0.0439225808
0
0
0
0
0
0
0
0
0.524353743
2.06490612
2.50731444
2.07294679
1.40296924
0.857963264
0.583416104
0.774261296
0.904752612
0.449876726
0
0
0
0
0.337422848
0.130984038
0
0
0
0
0
0
0
0.176887795
1.11602187
1.95471072
1.99543762
1.15983129
0.566489756
0.112738445
0
0.296517789
0.361032248
0.21242705
0
0
0
0.21086435
0.511220694
0.185027719
0
0
0
0
0
0
0
0.0211059358
0.983620703
1.28356898
1.28548312
0.356763244
0
0
0
0
0
0
0
0
0.379407883
0.578787208
0.622440398
0.177952692
0
0
0
0
0
0
0
0
0.510490894
0.819460213
0.897524595
0
0
0
0
0
0
0
0
0.596433342
1.03941607
0.915181518
0.597635925
0.186480328
0
0
0
0
0
0
0
0
0.365248203
0.520782173
0.609143138
0
0
0
0
0
0
0
0.3037965
1.30567467
1.40676093
1.20118618
0.568082929
0
0
0
0
0
0
0
0
0
0.216108128
0.110229395
0
0
0
0
0
0
0
0
1.12855089
1.68371284
1.48156023
0.895726144
0.21599859
0.0142836869
0
0
0
0
0.0822129697
0.117170557
0.0488168336
0
0
0
0
0
0
0
0
0
0
0.73336941
1.65574443
1.59576666
1.36722457
0.584856033
0.00286198105
0
0
0
0
0
0.264076084
0.407966435
0.299398303
0
0
0
0
0
0
0
0
0.0617032796
1.06158996
1.78772557
1.82628024
1.3052851
0.847287118
0.156340167
0
0
0
0
0
0
0.403553903
0.737338245
0.771618485
0.246500969
0
0
0
0
0
0
0.579445183
1.54190552
2.24603724
2.25908995
1.61323392
1.00668943
0.474676847
0
0
0
0
0
0
0
0.367591918
0.873597443
1.28096366
1.19780958
0.694565475
0.486327529
0.155652896
0.507807791
0.955483675
1.43278682
1.94374454
2.29837513
2.52724195
1.87613428
1.10421526
0.530853748
0.0450105965
0
0
0
0
0
0
0
0.170374408
0.698599458
1.34228122
1.72388518
1.77006364
1.7109561
1.65807104
1.8682822
2.07499313
2.32863164
2.42010689
2.19851923
1.78134215
1.1487267
0.594838023
0.11780896
0
0
0
0
0
0
0
0
0.0394969992
0.386514664
0.877258599
1.4402262
1.9099828
1.99585736
2.14726925
2.36763048
2.45739508
2.33766794
1.87685978
1.26967573
0.822090328
0.321832091
0
0
0
0
0
0
0
0
0
0
0
0.0789939985
0.262260646
0.649644673
1.16889846
1.64720297
1.88907719
1.78880823
1.7159332
1.48008049
0.953012764
0.46114254
0.110279448
0
0
0
0
0
0
0
0
0
0
0
0
0
0
0.0917349681
0.316150934
0.640610933
0.861877441
0.825385094
0.646770418
0.336989075
0.150503442
0.098896727
0.00829833746
0
0
0
0
0
0
0
0
0
0
0
0
0
0
0
0
0
0
0
0
0
0.243763357
0.391554207
0.202872679
0.0266265124
0
0
0
0
0
0
0
0
0
0
0
0
0
0
0
0
0.0192613471
0.140418053
0.28564319
0.642327845
0.799361646
0.670866072
0.382542253
0.0970452651
0
0
0
0
0
0
0
0
0
0
0
0
0
0
0
0
0.169764623
0.585541606
1.26925874
1.60546267
1.41357183
1.11202073
0.642217577
0.135329098
0
0
0
0
0
0
0
0
0
0
0
0
0
0
0
0
0.462699026
1.26890719
1.95794964
2.02400303
1.67636251
1.11721492
0.631068885
0.311045319
0.152364016
0.0532530248
0
0
0
0
0
0
0
0
0
0
0
0
0.0733410642
0.344501615
1.1680336
1.92945349
2.14876509
2.25650787
1.90461612
1.43010676
0.95696938
0.592994869
0.474630564
0.247563869
0.04380491
0
0
0
0
0
0
0
0
0
0
0.107935786
0.424488157
1.13397563
1.91854334
2.22171164
2.39264154
2.41932964
2.34088564
2.03488469
1.53000331
1.05629826
0.740904629
0.594802797
0.22576423
0
0
0
0
0
0
0
0
0
0.0340873338
0.351516366
0.972125292
1.7641958
2.16726851
2.45000577
2.55496573
2.72641349
2.64377189
2.37200236
1.96814311
1.38152909
1.06426024
0.863895297
0.399275362
0.0901865736
0
0
0
0
0
0
0
0
0.161035076
0.628802121
1.53000116
2.07409072
2.48256779
2.57982445
2.54810739
2.3258636
1.98083627
1.86104167
1.88793635
1.53542304
1.29527819
0.942421973
0.719661832
0.330427647
0.101795167
0.00429459894
0
0
0
0
0.0113816755
0.150608599
0.495371193
1.10447407
1.83546638
2.35066628
2.53818202
2.46760106
1.82033026
1.19027627
0.961571574
1.13432837
1.44727278
1.65865982
1.47604895
1.34549892
0.912742257
0.679350436
0.272385567
0.0308913626
0
0
0
0
0.0388316736
0.338727504
0.838156819
1.38448894
2.02560234
2.3938992
2.22550321
1.56871891
0.858681321
0.532153606
0.382818222
0.572346568
1.08243966
1.50866437
1.69940734
1.7376579
1.42880881
0.972180009
0.419784993
0.0400083885
0
0
0
0
0.0445121154
0.391552269
0.960695207
1.47874177
1.98577774
2.09357357
1.37667799
0.675046206
0.408388346
0.228284016
0.170557007
0.235304266
0.610631943
1.08137584
1.61522722
1.81315255
1.6536082
1.06951892
0.634685338
0.174129948
0
0
0
0
0.0076396442
0.358618349
0.894299388
1.38864112
1.73308432
1.63512957
0.817391992
0.387370765
0.1978181
0.179657266
0.102179036
0.0287067387
0.290887207
0.793712914
1.47107315
2.08986402
1.89898086
1.46436608
0.689946592
0.0791259333
0
0
0
0
0.0604913831
0.428491503
0.964827299
1.41304016
1.50546968
1.28891969
0.703631461
0.170827672
0.129906714
0.00641477713
0
0
0.314481288
0.902321875
1.70455825
2.15455651
1.96587598
1.48134005
0.686695993
0.18184945
0
0
0
0
0.197168246
0.632484198
1.16431785
1.50085974
1.48316824
1.27871084
0.608549356
0.150464356
0.0215467699
0
0
0.072450541
0.674481034
1.54650533
2.13662291
2.19056296
1.92785382
1.14813673
0.517389357
0.00888449978
0
0
0
0
0.260147959
0.788484037
1.25753462
1.55462956
1.54664707
1.28711903
0.56998831
0
0
0
0.125518963
0.740252495
1.5332185
2.0374651
2.17101049
2.08144474
1.53092325
0.828377843
0.362708092
0.131922871
0
0
0
0
0.270418227
0.814605892
1.26100254
1.5796665
1.53979146
1.13134515
0.406864911
0
0.0797105879
0.555082202
1.11743927
1.71040368
2.07685566
2.29249358
2.20445442
1.83352876
1.06827581
0.485662222
0.180105716
0.0159508567
0
0
0
0
0.315303206
0.849505544
1.32466495
1.4927913
1.49537683
1.28216338
1.04951656
0.907653689
1.22030067
1.53738749
1.9052707
2.12076211
2.40091729
2.30504179
1.97974992
1.39086747
0.676755667
0.335303068
0.152612582
0.0215467699
0
0
0
0
0.263773352
0.789017916
1.2620635
1.521065
1.85195971
2.00238824
2.02397227
1.9745878
2.0615294
2.32284498
2.38912129
2.55541563
2.54097652
2.29403043
1.56242788
0.774453342
0.466052026
0.116011001
0.0438117683
0
0
0
0
0
0.13346003
0.635502577
1.1580162
1.62837088
2.00584841
2.25317955
2.39434528
2.38925886
2.46546841
2.44057131
2.47326827
2.44498467
2.18804169
1.48613775
0.774740279
0.5269593
0.262836754
0.129280627
0
0
0
0
0
0
0.0421468131
0.315886617
0.821496427
1.38459563
1.9041158
2.16697669
2.25086784
2.31960034
2.59926391
2.65213346
2.25011754
1.74217117
1.18728685
0.666499317
0.450094223
0.250152051
0.144978598
0
0
0
0
0
0
0
0.00832171924
0.0732107833
0.304600984
0.67626965
1.2603544
1.74779415
2.04036331
2.17152333
2.07468987
1.7584157
1.30682194
0.882862389
0.536097586
0.315874279
0.187671959
0.203656226
0.102516837
0
0
0
0
0
0
0
0.00174844393
0.01169586
0.0203383788
0.132723629
0.45657739
0.891498446
1.10435152
1.0751009
0.968195677
0.854709446
0.595929563
0.352789342
0.257832438
0.193733156
0.142773569
0.0271715652
0.00718225725
0
0
0
0
0
0
0
0
0.00349688786
0
0
0.0359257944
0.165904358
0.324300081
0.379182875
0.313578516
0.238201335
0.211376563
0.241769359
0.194037095
0.0676631033
0
0
0
0
0
0
0
0
0
0
0
0
0
0.00406090217
0
0
0
0.0600010306
0.166690677
0.204502672
0.133045569
0.0653696731
0.0578132495
0.0215467699
0
0
0
0
0
0
0
0
0
0
0
0
0
0
0
0.00580017501
0.0755226538
0.0914993063
0.117752865
0.105982579
0
0
0
0
0
0
0
0
0
0
0
0
0
0
0
0
0
0
0
0.0195151959
0.11594522
0.0130966688
0.107285142
0.00253054267
0
0
0
0
0
0
0
0
0
0
0
0
0
0
0
0
0
0
0.0110730613
0.0804309472
0
0
0.0240579322
0.317842633
0.460376799
0.0547738373
0
0
0
0
0
0
0
0
0
0
0
0
0
0
0
0.0580017492
0.0644888878
0.0616555586
0
0
0.126952752
0.703303695
0.498209178
0.0578732006
0
0
0
0
0
0
0
0
0
0
0
0
0
0
0
0.133459181
0
0
0
0.00703676092
0.501690745
0.701856792
0.688033879
0.163973019
0
0
0
0
0
0
0
0
0
0
0
0
0
0
0.0959665328
0
0
0
0.0416621491
0.411955208
0.498630047
0.491458982
0.524740636
0.135179982
0.0456993207
0.0244406033
0.00971881486
0
0
0
0
0
0
0
0
0
0
0.0332191847
0.0961719677
0
0
0.177145869
0.497984648
0.343984514
0.256820261
0.217280105
0.155016139
0.180952445
0.481139392
0.482600272
0.213109404
0
0
0
0
0
0
0
0
0
0.0168732367
0.111447923
0
0
0.0954060778
0.48131308
0.382152438
0.196479306
0.255538285
0.220643863
0.244919583
0.32439661
0.367214859
0.69001168
0.469266653
0.00707580475
0
0
0
0
0
0
0
0
0.0195257254
0.0121133411
0
0
0.326519728
0.473054618
0.238785148
0.327694088
0.566992342
0.60348624
0.20437701
0
0
0.743232071
0.672619641
0.138910368
0
0
0
0
0
0
0
0
0
0
0
0.245512903
0.608964801
0.404860318
0.404194951
0.711988032
0.689533532
0.190460339
0
0
0.0245684739
0.389351785
0.812226236
0.344591767
0.227615118
0
0
0
0
0
0
0
0
0
0
0.355637103
0.72973758
0.574481547
0.585121334
0.486932069
0
0
0.0205968674
0
0
0.133123457
0.547582805
0.725387096
0.38063851
0
0
0
0
0
0
0
0
0
0
0.544330716
0.978645563
0.692175806
0.119695984
0
0
0.0123344921
0.0504365489
0.0280259121
0
0.0398318321
0.361041427
0.833700597
0.513045311
0
0
0.0201778077
0
0
0
0
0.0399031714
0
0
0.904984713
1.08759832
0.0537396967
0
0
0.0236108415
0.0159762632
0.0264024921
0.0994498506
0
0
0.383236706
0.583647132
0.688080072
0.0563800894
0
0
0
0
0
0
0
0
0.10266418
1.20989978
0.762959599
0
0
0.041291859
0.00735480199
0.0759400949
0.0771061406
0
0
0
0.272978783
0.721453965
0.715330362
0
0
0
0
0
0
0
0
0
0.30181542
1.12639475
0.682915151
0
0
0
0.0959665328
0.0257447865
0.0179592222
0
0
0.157019794
0.52207762
0.891936839
0.442127913
0
0
0.00312066125
0
0
0
0
0
0
0.424075335
1.10102642
0.678478181
0
0
0.116560996
0.144824207
0
0
0
0.263857692
0.400540292
0.711349547
0.629201114
0.144862503
0
0
0
0
0
0
0
0
0
0.406633645
1.16597235
0.818293452
0
0
0
0
0
0
0.404825687
0.351733595
0.429237098
0.82061559
0.377149731
0
0
0.0135182301
0.00735480199
0
0
0
0
0
0
0.360090345
1.0652616
0.662786245
0
0
0
0
0.183146805
0.347909629
0.314385593
0.248884365
0.635996819
0.759199798
0.238579124
0
0
0.0149547644
0
0
0
0
0
0
0
0.182631493
0.529180706
0.356370926
0
0.170643836
0.233378723
0.291436762
0.107342042
0.222442031
0.149763867
0.345416188
0.975870848
0.543480515
0
0
0.0441288128
0
0
0
0
0
0
0
0
0
0.243775994
0.436125845
0.338425815
0.379803568
0.437936217
0.287813246
0.179473847
0.389252752
0.72355634
0.803770006
0.397838086
0
0
0
0
0
0
0
0
0
0
0.0360312127
0
0
0.127450407
0.196158007
0.306091905
0.331965774
0.320091248
0.401103467
0.709910929
0.897849858
0.72851932
0.137828901
0
0
0
0.0303199645
0
0
0
0
0
0
0
0.0195113905
0.0681998506
0.0471768305
0.0730109811
0.0523340069
0.095727995
0.363402069
0.667227805
0.584182382
0.499170333
0.387325823
0.0347258411
0
0
0.0433217511
0.00591883017
0.00245160074
0
0
0
0
0
0
0
0
0.039022781
0.0766143948
0.0875879228
0.072215125
0.230672956
0.446141809
0.459518611
0.178773925
0.0522315837
0.0908683687
0.0094012348
0
0.00907642022
0
0
0
0
0
0
0
0
0
0
0
0
0
0.0453167781
0.0946970582
0.16754739
0.147729412
0.138616234
0.115588136
0.0642991662
0.0627191663
0.0171496961
0.00966620911
0.00735480199
0
0
0
0
0
0
0
0
0
0
0
0
0
0
0
0.00752988644
0.113823198
0.322001845
0.360183299
0.26911965
0.184146211
0.17500788
0.0477222167
0.00370634091
0
0
0
0
0
0
0
0
0
0
0
0
0
0
0
0.0206265673
0.158479661
0.502786636
0.802759767
1.10511327
0.854869783
0.612903059
0.343461901
0.0457308479
0
0
0
0
0
0
0
0
0
0
0
0
0
0
0.0143752377
0.139601722
0.296486318
0.67395848
1.31173217
1.60107541
1.33218956
0.714211881
0.417807728
0.124174267
0
0
0
0
0
0
0
0
0
0
0
0
0
0.0752988607
0.232515872
0.276805103
0.692819893
1.41645789
2.18103981
2.25827909
1.62470889
0.797483802
0.390563548
0.179960713
0.0601744205
0.00741268182
0
0
0
0
0
0
0
0
0
0
0
0.126175061
0.478427649
0.634562492
1.37634301
2.39743948
2.83085299
2.67553329
2.01163149
1.18799162
0.71815604
0.468441844
0.333023131
0.130957514
0.00609752862
0
0
0
0
0
0
0
0
0
0.12458539
0.243679672
0.609100878
1.34687507
2.09372401
2.84290147
2.85018682
2.62764478
2.07242012
1.56274199
1.40530288
1.11085999
0.582998693
0.480098248
0.0844368339
0
0
0
0
0
0
0
0
0.0431257114
0.137316823
0.524449587
1.15823603
2.15574718
2.66840148
2.74315882
2.58543468
2.30993724
1.88275278
1.66841459
1.59347093
1.50486636
0.912866771
0.550030112
0.37486726
0.0125537356
0
0
0
0
0
0
0.0219051242
0.163618162
0.366585582
0.840044498
2.01854205
2.64142394
2.70394778
2.50339127
2.24773812
1.91983259
1.50773585
1.39129758
1.56548321
1.47922754
1.25017715
0.603011072
0.47545284
0.225113213
0.0173120201
0.000597796927
0
0
0
0
0.011651489
0.145156145
0.717649221
1.53126097
2.51711321
2.66261935
2.44833565
2.19940257
1.76091623
1.2790606
0.991707444
0.916531503
1.44278693
1.71622717
1.44795573
1.02104473
0.581468701
0.530736506
0.179464832
0.00949715823
0
0
0
0
0.0074452511
0.170694381
1.04109025
2.01925707
2.46214604
2.51296329
2.06272364
1.5076772
0.950012207
0.384580284
0.371386796
0.572562516
1.1675421
1.84702337
1.55562854
1.3534708
0.780193329
0.589661479
0.333215445
0.0410004109
0
0
0
0
0.0219075717
0.326922655
1.40466523
2.1614635
2.21311522
2.17187428
1.39617884
0.690171123
0.142462119
0
0.0129607432
0.351677358
0.959039152
1.74142909
1.90760469
1.71641004
1.12684548
0.422887266
0.371731162
0.0523869507
0
0
0
0
0.111572348
0.561034381
1.57468212
2.42983174
1.98048937
1.48398948
0.545261562
0
0
0
0
0.252194226
0.834964216
1.63477898
2.25896764
2.04806232
1.39243472
0.554015398
0.232423872
0.160811424
0
0
0
0
0.122893326
0.779007375
1.70301294
2.53975058
1.86225736
0.758309782
0.137099504
0
0
0.00478615751
0.0643985718
0.239017814
0.785522938
1.63530374
2.50921202
2.43498087
1.4139924
0.574958861
0.0626680031
0
0
0
0
0
0.0833241045
0.904624104
1.94446182
2.44013214
1.51820242
0.374394953
0.115153626
0
0
0.0895979777
0.316132724
0.41354388
1.01489079
2.03694844
2.56533098
2.4395802
1.53034818
0.373920977
0
0
0
0
0
0
0.125936121
1.06940734
2.14005947
2.27395892
1.28702474
0.29080078
0.066189006
0
0.12458539
0.272745669
0.412867039
0.982906818
1.67762482
2.57996106
2.70899034
2.12185216
1.13023424
0.0768646747
0
0
0
0
0
0
0.216426209
1.26458251
2.23971581
2.31393886
1.33387804
0.502342403
0.506241202
0.428737909
0.463055074
0.704836965
1.05939901
1.68769062
2.4889586
2.68082523
2.4332881
1.78140771
0.501265287
0
0
0
0
0
0
0
0.184661672
1.22327614
2.29161668
2.34551549
1.64937949
0.733393669
0.918134749
1.18508768
1.29194093
1.60526037
2.17188478
2.59959745
2.75671268
2.60900736
2.02686906
1.03738701
0.126909018
0
0
0
0
0
0
0
0.173340529
1.00002432
2.15867901
2.14724493
1.66953385
1.27035213
1.40933979
1.85023987
1.93091762
2.24710441
2.6062603
2.6010325
2.47397137
2.28105998
1.41446197
0.302618921
0
0
0
0
0
0
0
0
0.194417477
0.733801723
1.65401423
2.03525782
1.65389955
1.71110809
2.06830621
2.44014335
2.49636745
2.52419686
2.38943076
2.3795135
1.99675548
1.43785739
0.549620271
0
0
0
0
0
0
0
0
0
0.164980069
0.559132218
1.08562231
1.57104886
1.62249768
1.95292521
2.25040531
2.43609118
2.46427989
2.41555214
2.12148523
1.73847032
1.35315049
0.564964414
0
0
0
0
0
0
0
0
0
0
0.0738159716
0.373833299
0.84923631
1.17962432
1.25596297
1.41721678
1.67081809
1.84349144
1.77417552
1.70319486
1.44213605
0.864681363
0.385223895
0.0406510532
0
0
0
0
0
0
0
0
0
0
0.0163209159
0.176338986
0.489107102
0.78446573
1.02994132
1.10410035
1.16938066
1.18692052
1.02890468
0.831091702
0.56213367
0.102503128
0
0
0
0
0
0
0
0
0
0
0
0
0
0.0326418318
0.127962559
0.306455046
0.58212024
0.839022458
0.954805493
0.750202894
0.475726575
0.293896496
0.110750571
0
0
0
0
0
0
0
0
0
0
0
0
0
0
0
0
0.0379066467
0.153390959
0.302518994
0.371676803
0.259322226
0.115904763
0.0123904981
0
0
0
0
0
0
0
0
0
0
0
0
0
0
0
0
0
0
0
0.0100079039
0.143503308
0.329669833
0.39407748
0.228964046
0.0170042999
0
0
0
0
0
0
0
0
0
0
0
0
0
0
0
0
0
0
0.0340598486
0.26843223
0.557271242
0.685101926
0.33830303
0
0
0
0
0
0
0
0
0
0
0
0
0
0
0
0
0
0
0.0191059988
0.204966262
0.566326678
1.07961404
0.977515519
0.222263068
0
0
0
0
0
0
0
0
0
0
0
0
0
0
0
0
0
0.100079037
0.243940443
0.463165611
1.10296345
1.42708099
1.05498219
0.112350062
0
0
0
0
0
0
0
0
0
0
0
0
0
0
0
0
0
0.234150782
0.52795285
0.905419767
1.41232312
1.34462953
1.13158345
0.417795002
0
0
0
0
0
0
0
0
0
0
0
0
0
0
0
0
0.165585324
0.467218518
1.02236569
1.28786135
1.29950035
0.848610282
0.915182531
0.304369658
0
0
0
0
0
0
0
0
0
0
0
0
0
0
0
0.0573179945
0.247908324
0.959024608
1.43194723
1.3412894
1.02970695
0.602974892
0.468996346
0.0629742816
0
0
0
0
0
0
0
0
0
0
0
0
0
0
0.0291139036
0.232895553
0.639077842
1.4442575
1.6219207
1.2550416
0.784031332
0.306337923
0.0407513157
0
0
0.273320854
0.317221522
0
0
0
0
0
0
0
0
0
0
0
0.0348175652
0.355217129
1.11127412
1.61844146
1.36953056
0.928081989
0.308378071
0
0
0
0.152713373
0.828735709
1.29120493
0.711337984
0
0
0
0
0
0
0
0
0
0
0.0669230968
0.626597106
1.48857415
1.59520006
1.20838678
0.330529183
0
0
0
0
0.2608127
0.968157232
1.57387531
1.38804567
0.656431258
0
0
0
0
0
0
0
0
0
0.107769623
0.899739146
1.6792928
1.42743051
0.93441087
0
0
0
0
0
0.051449284
0.662888288
1.41250384
1.76829016
1.36698937
0.0293023065
0
0
0
0
0
0
0
0
0.227901936
1.11747003
1.87900555
1.56886911
0.417301238
0
0
0
0
0
0
0.418370783
1.24382281
1.9851259
1.80131721
0.466946632
0
0
0
0
0
0
0
0
0.304926664
1.28766596
1.89717138
1.25911999
0
0
0
0
0
0.0127108451
0.0707425177
0.398820341
1.21263087
1.92652166
1.82816696
0.600613773
0
0
0
0
0
0
0
0
0.410463929
1.45331275
1.83599901
0.879422188
0
0
0
0
0
0.131770283
0.343698889
0.666624188
1.4105674
1.63722563
1.30478632
0.185265258
0
0
0
0
0
0
0
0
0.602702439
1.57584286
1.74709988
0.718312621
0
0
0
0
0.165585324
0.343560368
0.66317153
1.09471011
1.39076447
1.15980613
0.746522129
0
0
0
0
0
0
0
0
0
0.756907523
1.68151236
1.8296361
0.779154062
0
0
0
0.435296029
0.444683969
0.734584332
1.00646353
1.20703256
1.08087814
0.595703423
0.0909294561
0
0
0
0
0
0
0
0
0
0.711509585
1.65968788
1.88713348
0.937308908
0
0
0
0.432783633
0.504843831
0.681942999
0.88140285
0.910418153
0.625246584
0.355875343
0
0
0
0
0
0
0
0
0
0
0.634114325
1.48589504
1.87531209
1.08394599
0
0
0
0.318234801
0.418063879
0.387817264
0.403085172
0.489672959
0.318902493
0
0
0
0
0
0
0
0
0
0
0
0.499317765
1.14115632
1.6995877
1.35121727
0.536409914
0.0234395545
0.0867578685
0.174704835
0.315873176
0.214500606
0.240315318
0.119800977
0
0
0
0
0
0
0
0
0
0
0
0
0.299381912
0.897504866
1.44025218
1.3289659
1.08972597
0.548478186
0.496141762
0.477430403
0.363618284
0.187756121
0
0
0
0
0
0
0
0
0
0
0
0
0
0
0.108255096
0.567737639
1.03708935
1.25288558
1.28899443
1.00315845
0.793176651
0.370747685
0.130338892
0
0
0
0
0
0
0
0
0
0
0
0
0
0
0
0.0201685019
0.237650335
0.532011151
0.987945676
1.16069508
1.13726175
0.991653562
0.539006829
0.284294307
0.0417407192
0
0
0
0
0
0
0
0
0
0
0
0
0
0
0
0.0403370038
0.129460245
0.405185908
0.711809278
0.915558159
0.78027004
0.510419428
0.441426098
0.292195141
0.118203022
0
0
0
0
0
0
0
0
0
0
0
0
0
0
0
0
0.0468429737
0.156259269
0.35443446
0.461904854
0.403146416
0.203870326
0.0412834659
0.0386637263
0.00238467427
0
0
0
0
0
0
0
0
0
