1.18323183
0
0
0
3.72992182
7.71054602
0
0
1.62329364
0
4.80230808
3.78263569
0
0
2.93279767
0
3.78386545
3.43303633
5.06679344
0.0336756706
2.86639404
5.17238712
5.71742725
3.49569511
0.972524166
0
0.40050602
0
0
5.00316048
4.00219917
0.72411263
0
1.67175698
0
0
0
6.95275688
6.53942204
0
5.12011576
0
0
0
0
0.818619728
0
0
0
3.02743578
2.96932554
0
2.17506981
0
0
0
0
0
0
0
0
4.06560993
2.04456306
5.25133085
0.70827502
1.77907038
8.64201927
6.72845697
0
0
4.14710236
0
3.8315649
2.25294018
0
0.936181664
0
0.349317759
0
0
0
0
6.7896781
0
0
0.086705327
5.04139137
0
0
3.03894377
4.33623028
0
1.29875946
0
0
0
0.66725421
2.53692889
0
0
3.43404269
3.83160257
1.60859489
5.63070536
0
5.92088318
2.39682674
0
0
1.40967345
0
3.20927262
4.26084471
0
0
6.66369343
1.00312424
0
1.26191545
3.89754987
