23
24
23
23
23
23
23
23
23
22
23
23
24
24
23
23
23
23
24
23
24
23
24
24
24
23
24
24
24
24
23
23
23
23
23
23
23
23
23
23
24
23
24
23
23
23
23
24
24
24
23
24
24
24
24
23
23
24
23
24
23
23
24
22
23
22
23
23
23
23
23
23
24
23
24
24
23
24
25
24
24
23
24
24
24
23
23
24
24
23
22
23
23
23
23
23
24
23
23
23
23
23
23
24
24
25
24
24
24
24
24
25
23
24
23
24
23
23
23
23
23
23
24
23
23
24
24
23
23
23
23
24
24
24
24
24
24
24
24
24
23
24
23
23
23
23
23
23
23
23
23
23
24
23
23
23
24
23
24
24
24
25
24
25
25
23
24
24
24
24
24
24
24
23
23
23
23
23
23
23
23
23
23
23
24
24
24
23
23
24
24
23
24
24
24
25
23
24
23
23
23
23
23
23
23
22
22
23
6
4
5
21
24
24
23
23
23
24
23
24
24
23
24
24
23
23
24
23
24
23
23
23
23
23
23
23
19
2
19
3
2
24
24
23
24
23
24
24
23
24
22
24
23
24
23
23
23
23
22
23
23
23
23
23
1
20
2
24
24
1
23
24
24
24
24
24
24
24
24
24
24
24
24
23
23
22
24
23
23
23
23
1
15
23
24
20
24
2
24
24
24
23
23
24
24
24
24
24
24
24
23
23
24
23
24
24
23
24
8
6
24
23
24
24
24
10
23
24
24
24
24
24
24
24
24
24
24
24
24
23
24
24
23
23
23
20
4
24
23
24
24
24
24
9
19
25
25
24
24
24
24
24
24
24
24
23
24
23
24
23
23
23
24
3
23
24
24
23
24
24
24
4
24
24
24
23
24
24
24
24
25
24
24
24
24
24
23
23
23
23
19
4
24
23
23
23
24
23
24
3
24
24
24
24
23
24
24
24
25
24
23
23
23
23
22
24
24
24
3
21
24
23
23
23
24
24
15
9
24
24
24
23
24
24
24
24
24
24
24
23
23
23
23
23
23
23
2
23
24
23
23
23
23
23
2
24
24
24
24
24
24
24
24
24
24
24
24
23
24
23
22
23
24
23
1
24
24
23
23
24
24
3
19
24
24
24
24
24
24
24
24
24
24
24
24
24
23
24
23
24
24
24
13
13
24
24
24
24
6
5
24
24
24
25
24
23
24
23
24
24
25
24
24
24
24
24
23
23
23
24
24
2
23
25
24
6
3
23
24
24
24
24
25
23
24
24
24
24
24
24
23
24
24
24
23
24
23
23
24
24
1
4
1
4
24
24
23
24
24
24
24
23
24
24
24
25
24
23
24
24
24
24
23
23
24
23
23
23
24
18
23
24
24
24
24
23
24
24
24
24
24
23
23
24
23
24
24
24
24
24
23
23
23
23
22
23
24
24
23
24
24
23
24
24
24
23
24
24
24
24
24
24
24
23
24
24
23
23
24
24
24
24
23
23
23
24
23
23
24
24
24
23
23
24
24
24
24
24
24
24
24
23
24
24
24
24
24
23
24
23
24
23
23
23
23
23
24
24
24
24
24
24
23
23
24
24
23
24
24
24
24
24
23
24
24
23
23
24
23
24
23
23
24
23
24
24
24
24
24
23
23
24
24
24
24
23
24
24
24
24
24
23
24
24
23
23
23
23
24
23
23
24
24
24
23
24
24
23
24
24
24
24
24
24
23
24
24
24
23
24
23
23
23
23
24
23
23
23
23
24
23
24
23
24
24
24
24
24
24
24
24
24
24
24
