22
21
22
21
22
21
21
21
21
21
22
21
21
21
21
20
19
21
22
20
21
21
22
21
21
21
20
21
22
22
21
21
21
22
22
21
22
21
21
21
20
21
21
21
22
21
21
21
21
21
21
21
21
20
20
21
22
22
22
21
21
20
20
21
20
20
21
21
21
20
21
21
21
22
21
22
21
21
20
21
21
21
21
21
22
22
21
21
21
21
21
20
21
20
21
20
21
22
21
20
21
21
21
21
21
21
21
20
21
20
21
21
21
21
21
20
21
20
21
20
21
21
20
8
2
1
1
1
3
20
21
21
21
20
20
21
20
20
20
20
22
21
21
22
21
21
21
21
20
21
11
0
10
17
19
18
1
1
11
21
20
21
21
20
20
21
20
20
22
21
21
21
21
21
21
20
20
21
1
20
21
21
17
6
16
18
1
16
20
21
21
21
21
21
20
20
22
21
21
21
21
21
21
20
20
21
1
21
19
2
0
16
20
20
15
1
21
20
20
20
20
21
20
20
22
21
21
21
21
21
20
20
20
20
6
0
0
2
20
21
21
21
21
2
0
21
20
20
20
20
20
20
22
20
21
20
21
21
21
20
20
20
11
1
15
15
20
20
20
20
20
21
1
20
20
20
20
20
20
20
21
20
20
20
21
21
20
20
20
15
1
15
20
21
21
20
20
20
21
21
1
6
20
20
20
20
20
19
21
21
21
21
20
20
21
20
18
1
14
20
21
21
20
20
20
20
21
20
21
0
20
20
20
20
20
20
21
20
20
20
20
20
20
21
0
3
20
20
20
20
20
20
20
20
20
20
20
1
20
19
19
20
20
20
20
20
20
20
20
20
20
6
1
19
20
20
20
20
19
19
19
19
20
20
20
1
19
20
20
20
20
20
21
20
21
20
20
20
19
1
17
20
20
20
20
19
19
19
19
19
19
19
20
0
20
19
20
20
19
19
21
20
20
20
20
20
6
1
20
20
20
21
20
19
20
19
20
20
20
19
20
0
19
20
19
19
18
19
21
20
20
19
20
20
1
16
20
19
20
19
20
19
20
20
19
19
19
19
20
1
20
20
19
18
18
19
20
20
20
20
19
20
1
20
19
19
19
20
19
19
19
19
19
20
19
19
20
1
19
19
19
18
19
19
21
20
20
19
20
20
1
18
20
19
19
19
19
19
18
19
19
19
19
19
7
2
19
19
19
19
19
19
20
20
19
19
18
20
1
18
18
19
19
19
19
18
19
19
18
19
18
18
0
18
19
19
18
18
19
19
20
20
20
20
20
20
0
5
19
18
19
19
18
19
18
18
18
19
18
11
3
19
18
18
18
18
18
18
20
20
20
19
20
20
20
1
17
19
19
18
19
18
19
19
18
18
17
1
18
18
19
18
17
18
18
18
20
20
19
19
19
19
19
7
0
19
19
19
19
19
18
18
18
17
1
15
18
18
18
18
18
18
18
17
20
19
19
18
18
18
19
19
3
1
0
7
18
19
19
14
10
1
14
18
18
18
18
18
18
18
17
18
20
19
19
19
19
18
17
19
19
16
0
1
0
6
1
1
2
17
18
18
18
18
18
17
17
17
18
18
20
19
19
19
18
18
18
18
19
19
19
19
13
3
11
17
18
18
18
18
18
18
18
18
17
18
17
17
19
19
19
18
19
18
18
19
18
18
19
19
18
19
18
18
17
18
18
18
18
18
18
18
17
17
18
18
19
19
19
19
19
18
19
17
18
18
18
18
18
18
18
18
18
18
18
18
18
17
17
17
17
17
17
17
