24
24
24
23
24
24
24
23
22
23
23
23
23
23
23
24
24
23
24
24
24
24
24
24
24
24
24
24
23
24
24
24
23
24
23
24
24
23
23
23
23
23
23
24
24
23
23
24
24
25
24
23
24
24
24
23
24
24
24
24
23
23
23
24
23
24
23
23
23
23
23
14
6
8
23
24
24
24
24
23
23
24
23
23
24
24
24
24
24
23
23
23
23
23
23
23
23
6
7
20
19
14
1
23
23
24
23
24
24
24
23
24
23
24
23
23
23
23
24
23
24
24
23
23
5
24
24
24
24
24
25
2
23
24
23
24
24
23
24
25
24
23
23
23
23
23
23
23
24
22
23
9
24
23
23
24
23
23
24
24
2
24
24
24
24
24
24
23
24
24
24
23
22
23
22
23
23
23
20
23
24
23
23
23
23
24
24
24
13
23
24
23
23
24
23
24
24
23
24
23
24
24
23
23
23
23
23
23
24
24
24
23
24
24
24
23
24
1
23
25
24
24
24
24
24
24
24
24
23
23
24
24
23
23
23
23
23
24
24
24
23
23
24
25
24
2
24
24
25
24
24
24
24
24
24
24
23
23
23
22
23
23
23
19
0
18
24
23
24
24
24
24
24
18
24
24
24
24
23
24
24
24
24
24
23
23
24
24
23
23
24
4
24
2
23
24
24
24
23
23
24
25
14
24
24
24
24
24
25
24
23
24
23
23
23
23
22
23
12
24
24
23
24
23
24
24
24
24
24
25
12
24
24
25
24
24
24
24
23
23
23
23
23
24
24
24
3
23
24
24
24
23
24
24
23
24
24
23
20
24
24
24
24
24
24
25
24
23
24
24
23
23
23
6
23
23
24
24
24
24
24
24
24
24
24
8
23
24
24
24
24
24
24
24
23
24
23
24
23
23
23
1
23
24
23
24
24
24
24
24
24
23
24
2
25
24
24
24
24
23
24
24
23
23
23
24
24
23
23
13
23
23
23
24
24
24
24
24
24
24
18
13
24
25
24
24
24
24
23
24
24
24
24
23
24
24
15
23
23
24
24
24
23
24
23
23
24
24
1
24
24
25
24
24
24
24
23
23
23
24
23
24
24
24
4
23
24
23
23
23
24
24
24
24
24
6
23
24
24
24
24
24
23
24
24
24
23
23
23
24
23
24
1
24
24
24
24
23
24
24
24
24
19
9
25
24
23
24
24
23
24
24
25
24
23
23
23
23
24
24
2
24
23
24
24
23
23
23
23
23
2
25
24
24
24
24
24
23
24
24
24
24
24
23
24
24
23
24
1
24
23
24
23
23
23
24
24
1
24
23
24
24
23
24
24
24
24
24
24
24
24
23
24
23
25
23
19
23
23
23
24
24
24
25
1
23
24
24
23
24
24
24
24
24
25
23
24
23
23
23
23
23
24
24
24
0
23
24
24
24
23
1
22
24
23
24
24
23
24
24
24
24
24
23
24
24
24
24
23
24
22
23
24
7
6
23
22
6
5
23
24
24
24
24
23
24
24
23
24
24
24
23
24
24
23
23
23
23
24
23
23
23
24
7
7
22
24
23
24
23
24
24
24
23
23
24
24
24
24
24
24
23
23
23
23
24
23
23
23
23
24
24
24
23
23
23
24
24
23
24
24
23
23
24
23
24
24
23
25
24
25
24
23
24
23
23
22
23
23
23
24
24
23
24
24
24
24
24
24
24
23
24
24
24
24
23
24
24
23
23
23
23
22
23
24
24
24
24
23
24
24
24
23
23
24
23
24
24
23
24
24
23
24
23
