23
24
23
23
23
23
24
23
23
23
24
24
23
24
23
24
23
23
24
23
23
23
23
23
24
23
24
24
24
23
23
23
23
23
23
23
24
23
23
23
23
24
24
23
24
24
23
23
23
23
23
24
24
24
24
24
23
23
22
23
23
23
24
23
23
24
23
23
23
24
23
23
24
23
23
24
23
23
23
23
24
24
23
23
24
22
23
23
23
24
23
23
24
23
23
24
16
3
0
0
0
22
24
24
23
23
22
23
23
23
23
23
23
22
23
23
24
23
23
23
24
23
23
23
8
7
9
5
1
1
24
24
24
23
23
22
23
23
23
23
22
24
23
24
24
23
23
23
24
23
23
23
24
23
24
24
24
6
0
23
24
24
23
23
24
23
24
24
22
22
23
24
23
23
23
23
24
23
23
23
20
17
21
24
24
25
1
17
24
24
24
24
23
23
23
23
22
23
23
23
23
22
23
23
23
23
23
12
1
10
0
1
24
24
1
0
24
25
23
24
23
22
23
24
23
22
23
24
23
23
23
23
24
23
4
9
22
24
25
8
17
23
16
1
24
24
24
23
23
24
23
23
23
23
22
23
23
23
23
23
23
17
1
23
23
24
23
24
24
24
25
1
23
24
23
23
23
23
23
23
23
23
23
23
23
22
23
23
22
1
12
23
23
23
24
23
24
24
25
0
18
24
23
24
24
23
23
24
24
23
24
23
24
23
22
24
6
3
23
23
22
22
23
23
23
23
24
1
17
24
23
24
24
24
24
24
24
24
23
23
23
24
24
21
1
20
24
23
23
23
23
22
23
23
24
3
22
23
23
23
24
23
23
23
23
23
23
23
23
23
23
3
6
23
24
23
24
23
23
23
23
23
21
1
22
24
23
23
23
24
23
23
23
24
22
23
23
23
19
1
23
23
23
22
23
23
24
23
23
22
6
2
23
24
23
24
23
23
23
23
23
24
22
23
23
24
3
3
24
23
23
23
23
24
23
23
24
22
1
21
23
23
23
23
23
23
23
23
22
23
23
22
22
24
2
19
23
23
24
23
23
23
24
23
23
9
0
24
23
23
23
23
22
23
23
24
23
23
23
23
22
12
1
24
23
22
23
24
23
23
23
23
22
0
16
24
24
23
23
23
22
23
23
23
23
23
22
24
23
1
3
23
23
23
24
23
23
23
24
24
5
4
23
23
23
23
22
23
23
23
23
23
23
22
22
23
23
2
12
23
23
23
23
23
23
23
23
15
1
22
23
23
23
23
23
23
23
23
23
23
23
23
23
24
23
1
9
23
22
23
23
23
23
22
20
1
16
22
22
22
23
22
22
23
23
23
23
23
22
21
22
23
22
1
2
24
23
22
23
22
23
22
1
9
22
22
23
22
23
22
23
22
23
22
23
23
22
22
22
22
22
8
0
23
23
24
23
23
22
2
4
23
22
22
23
23
22
23
23
22
22
22
22
23
22
21
22
22
22
24
1
18
23
22
23
19
2
5
22
22
23
22
23
23
22
22
22
22
22
22
23
23
22
23
22
23
22
22
16
1
5
9
5
0
10
23
23
22
22
23
22
23
22
22
23
23
23
22
22
22
22
22
22
22
22
22
22
21
8
6
10
20
22
22
23
23
22
23
22
22
23
23
23
22
23
22
23
22
22
22
22
22
22
22
23
22
22
22
22
22
22
21
22
22
23
23
22
23
22
22
22
21
23
22
22
22
22
22
21
21
22
22
22
22
22
22
23
23
23
22
22
22
22
21
22
22
22
23
23
22
22
22
22
22
