24
23
24
23
23
22
24
22
22
22
23
22
23
22
23
23
22
23
23
23
22
23
24
24
23
24
24
23
23
23
23
24
22
23
23
22
22
22
23
23
23
22
23
23
23
23
24
22
23
23
23
23
23
23
23
23
23
23
23
23
23
23
24
23
23
22
23
22
23
22
23
23
23
23
23
23
23
23
24
22
24
23
23
24
23
23
23
23
23
23
23
22
23
22
23
22
23
23
23
24
23
24
23
23
23
24
22
22
24
23
23
23
23
23
23
23
23
23
23
22
23
23
22
23
23
22
23
23
23
24
23
23
24
24
24
23
23
23
22
24
24
23
24
23
23
22
23
22
23
23
23
22
22
23
23
23
23
22
24
23
23
23
23
23
24
23
24
24
24
23
23
23
23
23
23
22
23
23
22
22
22
17
6
4
4
17
23
23
24
24
24
23
23
23
23
23
24
24
24
23
23
23
22
23
23
22
22
22
7
4
9
16
17
3
0
23
23
24
23
23
23
23
23
24
23
24
23
23
22
23
22
22
23
23
22
21
7
22
23
23
23
24
6
2
24
23
23
23
23
24
22
23
23
24
22
22
22
23
22
23
23
23
22
11
20
23
23
24
24
23
24
1
24
24
24
23
24
24
23
24
23
23
23
24
23
23
23
22
23
23
16
11
23
23
24
23
24
24
23
1
23
24
24
24
23
24
23
24
23
24
23
22
22
22
23
23
23
21
9
22
24
23
23
23
23
24
23
2
21
24
24
23
23
23
23
23
23
24
23
23
22
22
22
22
23
7
12
23
23
23
22
24
23
23
24
2
24
24
23
24
23
24
22
24
23
23
23
23
23
23
22
23
21
4
22
23
23
24
23
23
24
23
17
2
24
23
23
23
23
23
24
24
24
23
22
23
23
22
23
23
8
6
23
23
24
23
23
24
24
24
1
12
24
23
23
24
23
23
23
24
23
23
23
23
22
23
23
23
6
22
24
23
24
24
23
23
24
18
1
23
23
23
24
24
24
23
23
24
23
22
23
23
24
23
23
20
4
23
23
24
24
24
22
24
24
1
17
23
24
23
23
23
24
23
24
23
23
23
23
22
24
22
23
13
3
24
23
24
24
23
24
24
6
12
23
24
24
24
23
23
23
23
24
24
23
23
23
24
24
23
24
10
6
23
23
23
25
23
24
13
4
23
24
23
23
23
23
23
22
22
23
23
23
23
23
23
23
23
23
6
18
23
23
23
24
23
17
1
23
23
23
23
23
24
24
23
22
23
23
24
23
23
22
23
23
23
23
12
10
23
23
24
24
21
1
22
23
23
24
24
23
24
23
24
23
22
24
24
24
24
23
24
24
22
23
18
3
23
24
24
16
2
18
23
23
23
23
23
23
23
24
24
23
23
23
23
24
23
23
22
23
22
23
24
1
18
22
10
1
18
24
23
23
23
23
24
23
23
24
23
23
22
23
23
24
23
23
23
23
23
23
24
22
5
2
7
22
23
24
23
23
23
23
23
23
23
24
23
23
24
23
24
23
23
23
23
24
23
23
24
24
23
23
23
23
24
23
23
24
23
24
23
23
23
24
23
23
23
24
23
23
23
23
25
23
23
23
23
23
22
23
23
23
23
23
23
24
23
24
23
23
23
24
23
23
24
24
23
23
23
24
23
23
22
23
23
23
24
23
23
23
23
23
23
24
23
23
23
21
23
23
23
23
23
24
24
23
22
23
24
23
23
23
23
22
23
23
23
23
24
23
24
23
23
23
22
22
23
23
23
23
24
24
24
