571
779
390
380
370
-155
210
303
271
240
-921
-616
-414
-454
-306
-490
-265
-350
-67
-120
397
100
74
-38
7
-207
642
671
685
665
491
201
310
800
445
386
108
108
-60
-108
357
-426
-397
-719
-594
244
-713
-849
-817
-399
375
106
-5
-87
29
-160
220
43
303
33
433
159
585
653
383
87
511
589
519
414
449
495
-289
-221
-198
128
-139
329
-107
329
-299
-246
388
655
-591
-297
642
828
-30
-790
311
-118
10
-212
0
-579
39
322
-170
275
-250
104
153
448
275
-188
-206
469
715
241
-39
-119
705
160
-34
555
290
673
631
-223
62
397
-149
529
357
-167
-81
632
312
340
-363
83
-291
291
585
-791
-341
-207
448
521
-597
-356
-135
522
19
-199
-24
171
334
475
