232
-285
-558
-603
-613
-248
-371
-394
-562
-792
-79
105
-289
-769
-844
385
97
-626
-1011
-831
245
-525
-669
-732
-213
-5
-213
-238
-508
-165
65
182
-287
-500
169
246
139
-352
-571
305
267
-8
-364
-337
-75
-249
-261
-423
-131
-175
-25
16
-65
199
206
254
236
-177
63
58
118
-81
-11
-36
54
116
-50
-136
20
3
-61
-99
-175
-3
-31
10
-150
225
177
140
199
14
97
169
271
148
4
124
221
-3
215
-335
20
231
19
29
-137
-157
193
-46
-73
33
117
167
112
47
17
210
164
26
97
-195
226
269
80
-45
-26
97
247
-291
-104
-16
-68
170
-178
-158
318
228
13
67
-78
188
345
279
79
35
-35
385
365
-321
-208
-178
332
329
-162
-272
-279
303
629
487
80
156
322
149
-136
192
322
252
86
128
355
655
375
233
-183
149
188
520
504
524
-361
-287
107
136
487
-12
-28
-337
-110
150
-40
-429
-306
-657
-447
90
112
246
-139
-329
198
236
127
371
298
139
94
177
83
395
-177
-160
-229
-218
-269
-170
-174
-120
-77
-253
-59
270
236
240
74
351
237
320
61
334
309
-14
136
84
112
-83
-305
-73
-37
-92
-154
-199
-256
-293
-117
-289
-25
-270
-227
13
296
162
190
241
140
288
87
56
-15
-89
-74
-324
-252
-150
-257
-308
108
-66
-57
33
-101
-40
181
204
161
289
192
194
48
37
295
0
10
-67
4
-161
-162
-195
132
-186
-137
-19
-215
65
-189
54
-49
-356
-191
-482
182
98
105
-85
-89
-81
-271
16
-445
-84
-596
-599
-284
-150
-87
-375
-339
-60
9
-153
436
538
419
472
536
262
513
723
692
718
-170
-195
6
16
-529
-511
-374
-275
-537
-394
-39
-168
114
46
-24
264
328
177
458
585
122
237
390
506
208
-471
-109
-147
-568
-386
-108
-82
-100
-56
-102
140
300
84
169
160
105
-113
110
288
110
-283
-250
-382
-279
-207
10
-167
-280
133
-117
324
73
63
-145
-2
6
8
-43
49
178
-82
18
-16
-24
278
-152
-298
-266
63
-57
14
-216
-324
-198
-157
356
-94
153
-18
50
64
186
80
78
114
-133
-334
-145
48
-22
-332
-454
-423
-106
-188
49
-332
-113
-22
-18
348
-100
-30
-223
-351
21
-86
-65
-184
-75
67
27
-196
-41
-2
-90
-85
84
-40
153
-302
-140
103
154
-26
-599
-774
-881
-974
-1081
-597
-813
-899
-1070
-683
-41
-306
-584
-1027
-479
538
-10
-400
-426
-188
161
-360
-342
-54
203
-499
-257
-684
-267
138
-293
-341
-575
-257
247
312
-347
-226
148
55
146
-147
72
226
-174
-374
-150
121
85
215
-58
-222
-75
139
262
266
-15
-94
208
45
-64
4
-6
11
-57
-191
15
39
59
-157
-67
-56
-13
-169
-35
-179
-169
101
323
2
-7
-54
177
245
2
158
-138
93
134
-3
-86
-61
113
154
-110
-57
-86
-111
-21
158
-124
-52
59
218
134
84
-163
277
340
-204
-55
-96
82
68
-301
-168
-87
279
18
-238
-28
207
153
-214
-185
58
160
409
240
-60
-353
33
494
206
-300
-403
196
252
-57
-313
-125
132
300
230
-225
246
104
170
290
117
-152
-294
-239
15
299
-131
-223
-128
-339
-223
309
232
-109
-199
-449
15
48
-260
-108
-252
87
-111
-163
28
175
-189
-222
-86
218
235
-18
-95
-378
-135
-21
298
-236
-343
-212
-69
-119
-213
180
-96
110
-160
162
-90
-36
-55
50
290
179
-25
127
179
147
24
67
95
50
-11
-40
184
60
-239
133
129
118
10
141
-27
-42
-37
92
127
342
130
185
66
92
103
19
31
65
137
174
77
103
52
45
164
184
183
-41
-75
45
84
-17
-54
44
287
86
187
-148
270
102
115
51
-236
-169
7
27
89
-228
41
-11
59
92
24
128
162
-28
-142
-63
137
193
44
-244
-7
-48
59
16
-218
-174
74
143
275
-148
-12
11
-5
250
27
-168
-57
-192
-168
-37
-286
355
223
205
1
-347
-18
-40
-228
-74
339
-208
-98
87
214
478
-245
7
413
192
-101
33
214
321
-15
112
191
-191
-290
-102
-149
-132
-366
170
448
189
-124
207
378
269
192
136
149
-81
6
4
306
92
-226
17
128
-124
-206
-2
185
185
-133
-22
250
293
-115
95
317
77
5
163
4
57
-150
-221
-157
55
-257
-172
-98
105
-144
-119
-124
125
-15
46
141
201
102
116
22
459
243
25
-44
226
327
137
-110
43
126
-194
-170
-98
57
-249
-254
25
169
-19
-266
208
153
53
124
168
321
202
-214
-158
123
-57
-332
-111
-27
-47
-264
36
29
147
-186
53
300
121
-271
39
-3
-50
-131
-95
182
-35
-522
-373
-95
-24
-277
-265
-281
-73
-164
9
138
-116
-401
-451
-270
-113
-287
-509
93
-84
-156
-282
-884
452
-105
-514
-551
-735
325
-293
-811
-784
-44
117
85
-218
-109
17
-91
234
259
-53
-102
15
19
-218
67
94
19
-118
-233
-144
162
71
-322
89
299
-18
173
-7
-51
112
-38
98
20
41
17
192
-125
-105
-373
177
259
-152
-336
-27
313
-84
67
176
37
104
36
-53
160
90
34
-184
70
-18
217
-35
279
-36
19
79
251
298
-3
-286
-288
192
451
46
-160
204
291
64
-44
286
110
-12
-23
64
-125
29
219
240
149
-108
-197
277
271
-158
-202
138
325
-107
53
-103
49
117
-60
27
244
105
10
-113
88
145
16
84
359
276
-129
-4
298
213
-56
-123
116
389
-185
23
159
3
-58
-128
-89
-56
-318
215
-203
-111
-149
-82
-110
138
-11
-213
-317
94
298
172
95
-40
97
239
22
258
558
441
-59
-269
180
652
553
602
-103
-277
-120
-64
21
-135
-484
-114
-30
157
229
-31
-297
-162
-128
-102
203
224
-14
-260
-365
191
234
142
179
2
-70
-229
-102
74
252
137
197
-82
-62
6
284
291
231
11
-183
200
106
245
139
-483
-476
-160
112
167
101
70
-90
201
79
174
261
259
91
76
101
281
229
195
-54
-181
-159
158
221
-40
-220
-278
17
20
62
42
-17
-161
-197
71
249
275
-18
-126
-10
-77
282
148
198
-29
-324
-67
21
75
57
-452
-287
-263
-114
4
-49
-299
-174
-195
11
100
-53
-527
-201
-101
161
278
-300
-210
-309
317
280
86
-176
-309
-91
-29
25
136
45
-189
-230
-159
179
-21
-738
-578
-426
-249
-465
21
-400
-217
-568
-742
341
60
15
-225
-490
185
-67
-212
97
129
-250
178
261
-12
-369
-121
174
160
-77
-525
180
362
-126
-536
-374
211
220
-106
-163
-59
-153
-29
16
61
93
99
126
-33
48
85
165
39
-152
-137
127
98
58
-341
-91
-110
137
-32
-238
-8
78
-149
118
-169
52
126
-18
82
-26
137
362
225
242
93
-201
374
405
1
-290
16
313
222
68
-213
132
150
7
96
-97
-130
-203
234
176
161
70
10
225
20
-300
83
191
78
-174
-353
22
110
-18
-123
-186
36
-112
-24
-134
-30
-29
13
212
180
174
553
119
349
20
-230
511
205
107
-171
-273
429
158
83
-199
-43
156
89
161
184
-141
104
234
-69
-237
-250
-334
-296
109
-515
-634
-230
-29
-612
-989
-988
-385
17
-885
-865
-578
-558
85
-431
-346
-270
-35
233
90
-53
-34
110
-58
-246
-200
55
165
-24
-313
-542
-224
-23
187
-267
-386
-661
-316
-8
-336
-141
43
-102
103
-193
-189
-13
16
-243
-179
178
321
115
55
70
162
216
-193
65
49
141
-65
8
75
-227
-4
151
174
139
70
-153
110
141
189
19
296
362
214
78
247
419
171
155
170
101
240
250
-12
180
-169
-224
159
149
119
-80
14
-59
88
-107
29
294
247
165
-86
298
370
234
61
-55
296
217
-61
98
186
-211
-62
20
-9
-17
-56
212
-8
170
-24
434
332
-101
88
-64
327
380
10
-28
109
172
147
-83
-186
-127
-23
148
41
-177
-45
-62
-376
-696
-59
105
-398
-529
-507
-592
-621
281
85
-515
-1038
-1210
423
-35
-859
-531
-497
-448
-974
-444
96
126
322
99
141
140
180
221
285
-98
-524
-116
280
273
-627
-489
-36
-246
-312
-644
76
129
-553
-367
9
201
356
292
62
25
-238
-219
173
-8
-222
-588
-224
68
-201
-459
-253
253
-257
-203
13
45
156
-178
295
53
85
234
102
356
-92
-125
145
235
93
-201
-143
9
329
-139
-282
-2
7
-118
-358
-28
-54
21
-23
-85
142
-25
-61
151
332
-200
-213
-150
336
55
-727
-109
-153
64
-448
-494
-90
59
-114
-301
11
119
298
84
208
350
207
-7
350
575
-484
91
3
511
83
-841
-132
38
141
-589
40
222
21
32
-91
55
72
177
95
146
211
-57
307
-557
-60
97
293
152
-396
-247
381
467
574
55
-52
-259
191
251
210
367
273
-207
-275
353
500
602
377
117
-327
133
170
151
-22
-342
-280
114
250
-26
-200
-401
-464
-43
-86
54
143
114
131
16
61
365
414
210
406
25
-143
-51
-253
-240
159
-96
-319
-116
-154
86
-124
43
-93
106
52
165
250
222
114
-156
-35
169
-17
113
130
-80
-11
25
-104
330
202
34
-46
-101
250
168
92
114
35
-117
163
-81
-13
49
-57
-47
174
102
248
118
-97
28
-174
23
157
-94
-241
-143
-150
183
-77
-110
-18
222
106
207
173
331
52
-219
73
-186
44
-106
-178
-177
-3
4
-198
-132
-308
20
144
-53
305
-99
-149
-9
135
58
143
-41
-160
-182
149
-57
50
-73
-483
-149
-22
49
-33
169
343
117
249
338
307
-83
-488
-439
29
251
-413
-515
-287
-25
-28
-808
-406
-132
8
-47
-539
-197
160
155
-83
-192
-94
153
356
182
-470
-159
218
274
-214
-249
13
333
37
76
-131
242
171
-42
53
188
203
249
-21
86
296
136
20
-30
-26
-24
364
92
-246
-144
174
146
79
-319
-266
173
197
-223
-378
-66
1
-167
-159
-159
91
8
-51
-8
15
-91
56
197
51
-382
-71
162
319
-142
-261
-102
271
264
-260
-413
-144
108
-37
130
-10
80
121
41
-127
-60
-129
148
67
21
-237
-60
117
130
-88
-481
-24
271
63
-510
-356
-39
-146
-199
-157
-84
188
96
243
-144
-72
321
446
376
-401
159
262
527
560
-167
49
243
217
106
-225
-27
155
208
-384
-159
13
-111
455
92
-540
-380
-96
161
-307
-764
-913
-776
-414
-161
-367
-876
-896
-9
-68
-61
-102
-20
-150
-438
-345
-236
8
-41
-533
-678
-207
98
183
-262
-594
-433
-293
6
17
-339
-395
49
110
-111
231
121
7
93
129
70
-244
-180
-31
230
352
67
-396
-7
174
371
51
-291
43
165
225
149
-68
-345
-248
64
-83
128
316
-19
19
-365
20
-41
65
266
-3
-431
3
280
373
103
-570
72
249
173
206
-368
-182
-180
157
46
-177
264
94
-79
-206
-118
205
413
129
-186
-203
37
360
293
-60
-296
101
94
202
-19
-249
-363
130
315
54
-241
77
-241
-558
-230
229
527
323
-295
-650
215
443
640
16
-430
-67
177
490
469
-368
19
10
164
251
-85
-62
36
-12
153
131
-186
263
147
74
-294
-649
-144
-485
-718
-702
-436
-433
-305
-73
-43
-96
184
527
488
216
142
54
256
-94
-381
-286
-17
-278
-362
28
289
-360
-555
125
355
42
21
214
338
134
-135
277
13
120
-184
-137
92
206
165
221
207
-158
-254
89
366
169
-139
120
325
129
112
69
95
-50
-154
99
87
-396
-311
-306
-253
72
209
242
117
188
8
136
97
63
176
43
25
60
241
-62
-186
287
99
-62
-192
146
44
-229
-272
-220
39
136
38
60
141
-20
-164
199
357
157
-279
270
67
318
65
14
231
30
-278
-401
-60
-255
-322
-124
-259
162
-4
55
244
60
121
179
154
500
-167
55
68
44
-212
-397
176
97
-434
-393
-325
-160
-181
-181
-191
-96
288
-60
35
-10
275
-134
336
612
697
481
-376
-164
196
398
612
588
470
804
613
577
351
782
576
448
240
38
59
264
252
-109
-79
227
116
-254
-339
-267
-420
-447
-16
244
15
109
512
46
-131
-22
301
132
168
-6
-96
120
-37
-15
-242
98
-125
-167
-188
-138
140
-31
224
99
172
74
266
47
250
-96
-358
-278
-113
274
149
-138
-121
71
201
-80
247
401
94
154
-109
239
138
58
293
46
-170
42
1
103
-79
-270
36
39
127
118
-144
-230
-274
-114
-106
-96
212
-1
186
-28
-22
134
162
141
-27
-76
-39
201
72
105
-291
-124
-118
74
-84
-105
4
-89
-189
-274
-81
3
-216
-118
-160
-94
-244
-127
-75
-63
42
-297
-293
-212
-381
109
-111
102
-111
-407
