-173
-102
-32
-16
-110
-78
77
119
-32
101
-194
-203
-183
108
-230
72
83
32
-85
-204
-43
-156
-193
-87
63
88
115
-74
-73
109
-31
-220
-12
-212
51
-55
118
6
-33
-139
89
-32
-114
-176
-191
110
106
66
-61
-58
-16
-147
11
-141
-168
3
25
-14
-83
124
-76
-30
-45
-29
-173
100
-207
98
-49
77
39
-168
-240
-180
-223
-18
152
-239
96
-5
-106
-65
-71
-79
-139
51
-109
-49
-130
-243
-178
-97
-75
-71
50
-137
67
-126
29
-44
-211
-179
-16
-239
82
-128
-55
-83
-97
113
-122
39
-211
169
-153
50
-191
-103
94
-201
13
31
167
117
135
-130
-158
196
131
211
-184
192
78
-58
39
187
317
200
-83
334
196
66
160
54
352
-52
150
147
86
-216
14
53
183
69
-9
104
243
89
-255
94
-155
-108
-98
29
-47
-218
228
146
176
-128
206
120
-136
31
-92
12
17
-156
-78
132
-124
-102
244
51
27
218
152
-16
145
71
249
258
165
110
-197
123
-126
9
-35
86
35
133
105
98
-170
37
-285
-139
-143
124
-165
-36
-66
113
117
158
151
-160
-491
321
87
-236
-110
-210
-89
387
-33
-111
-139
95
27
6
-102
-150
-75
89
-74
-40
-43
38
110
-150
109
115
65
-79
-68
60
128
-22
-73
-177
-15
4
157
-51
-62
-42
-179
-168
-35
-37
-139
-48
-105
-47
5
8
-154
53
-185
94
-132
49
-84
148
-50
-197
-127
-177
99
92
-44
-43
77
-175
-143
-29
-111
-61
-109
-151
61
32
182
-72
105
31
-226
188
-151
-10
85
-210
81
-69
-27
-30
145
45
-68
-147
-93
77
-123
70
-129
-185
-50
22
136
-119
-73
110
-8
-86
67
108
-15
-68
-60
66
-155
-22
-113
88
74
114
-137
-88
10
-88
7
-183
-12
-58
-107
-132
-81
-89
159
104
-55
-28
-186
-32
152
-149
111
3
-29
141
107
130
-166
-61
214
431
-161
-15
9
-192
-72
-73
-191
-114
221
-194
-66
-38
27
-191
-123
39
75
-131
-299
152
-19
-108
206
15
236
225
117
73
411
-10
164
-7
238
-153
94
94
270
144
323
95
-55
-422
26
-329
5
187
-137
-101
192
-33
225
-43
-502
226
-9
176
209
3
-95
-225
-225
-54
218
-78
127
187
69
132
167
-78
133
-45
193
37
-324
-132
-142
-59
145
-138
-116
163
-123
-156
242
-125
-154
110
31
-24
-291
238
-153
-145
-47
-90
110
240
-35
-7
73
199
153
-223
-332
71
84
-311
8
-150
73
-146
45
-36
55
163
47
104
-99
-249
261
-62
-116
17
127
302
216
84
77
258
21
58
-47
139
-295
72
39
-148
226
-104
83
-228
-201
-43
-193
228
-65
13
-102
-148
-41
-147
136
89
172
-37
39
162
105
188
43
334
-121
158
81
-125
74
-49
-130
-93
62
-167
205
-275
-47
267
-16
135
-138
66
-120
49
-137
201
30
100
-117
-158
81
157
-196
150
183
-141
392
38
-181
165
48
477
-151
-225
80
43
-93
-125
-156
212
-267
249
-124
6
-162
44
-41
16
109
-6
-35
188
83
-28
26
290
228
27
68
-15
129
-14
123
-54
211
112
-158
121
4
370
88
-174
-6
-50
42
55
23
-108
60
-171
147
-214
-127
112
231
40
227
265
34
33
13
95
94
222
172
166
291
-334
-245
71
-40
224
194
179
224
152
-320
-137
-24
-240
56
145
-48
-147
-64
-228
133
41
-211
-12
-2
-127
70
-66
102
202
65
198
188
-103
400
-63
104
-237
241
243
-71
222
138
33
0
-22
20
33
-222
-30
-122
-35
-178
-51
-138
-106
48
305
93
72
260
63
34
164
-86
128
80
-121
132
-37
-386
-240
-96
-123
-75
43
64
-306
71
-146
-243
46
-143
-227
208
-1
103
270
247
-102
206
52
139
-64
93
217
46
295
53
-88
-42
-92
171
-3
87
-150
-264
255
19
-28
147
188
-275
-145
84
-15
-151
-110
-158
76
221
-117
150
66
30
43
89
72
81
128
57
82
-26
-409
-157
-74
116
-154
-155
204
211
14
-38
-30
-83
165
115
-123
130
-34
210
71
73
186
156
72
-19
58
19
295
-24
80
-80
198
151
144
116
260
200
113
2
110
41
-19
-303
-312
-193
27
-221
185
-252
96
-170
-48
-102
127
108
237
-12
-50
44
-57
-15
200
-103
-104
211
-238
160
-263
-13
55
210
152
67
-182
-5
146
-151
187
-66
53
-6
-177
47
-219
-39
-415
-51
184
-95
-27
10
174
69
223
289
-209
281
82
24
-20
-236
-79
369
33
-90
-21
123
-291
68
119
158
120
-330
-55
110
-166
152
135
4
148
-155
237
-233
63
225
147
-118
303
46
-30
-34
-140
-46
99
47
91
158
76
-2
124
-168
62
-144
180
64
-109
64
41
-54
39
30
-215
178
108
129
193
-53
135
214
-64
42
-127
242
-158
-41
-138
-6
98
119
97
55
-59
-44
164
327
-246
-23
-18
200
21
-82
-137
108
198
151
212
78
-23
320
111
-81
165
-164
-91
125
-142
-89
-137
62
30
168
-2
-258
230
-203
31
108
236
35
-299
173
34
202
-56
19
56
99
224
317
232
13
51
206
102
134
217
141
193
128
91
72
-81
-170
167
28
216
110
-5
-152
117
-137
-239
-72
-53
149
62
80
-194
150
126
83
5
-34
-104
-228
90
-236
-86
-64
95
60
52
0
30
-42
97
-46
-33
113
-56
187
247
-78
102
-60
169
-27
305
-158
-84
179
-226
-245
-441
-68
-69
9
148
-19
16
-171
-193
225
-151
-108
-92
-8
158
-33
0
-34
-78
113
-126
85
-190
119
-248
253
100
-136
356
32
7
-346
15
87
100
-66
119
-122
15
228
-193
193
284
-25
92
19
210
-136
50
165
-24
15
107
248
-159
-317
-54
-29
147
-179
86
-125
1
6
276
163
-187
45
-116
70
-18
-247
166
295
-141
63
130
268
-15
93
124
-158
-254
-166
-119
110
-198
38
-154
-1
104
-22
-36
32
-16
-7
-72
-138
283
112
7
-132
31
256
205
171
102
151
69
118
167
174
-83
-49
55
98
-8
19
213
-47
319
149
81
-149
-68
-131
-90
81
291
173
-137
239
324
150
134
-81
-326
71
-105
-48
-143
-21
345
-177
35
-102
104
-51
-141
156
96
128
-7
-102
-148
198
-304
56
61
253
219
75
-127
23
-109
162
-38
-20
14
59
-29
276
221
-50
52
240
247
-186
7
103
-25
-116
248
-118
190
-74
32
86
-120
73
158
-107
273
-184
-105
145
-157
-42
134
-150
8
-83
31
-158
337
239
-51
74
-102
4
166
65
60
39
-70
23
122
95
-169
82
153
37
116
-185
-162
123
-65
157
10
187
-19
191
17
-86
1
-12
12
-163
-157
125
-278
-137
14
243
101
-128
-133
-62
44
116
148
-137
-126
-83
-21
224
-148
-198
127
42
106
101
-300
34
112
201
17
137
157
-73
149
-53
-119
90
-109
-61
318
-39
-71
-195
12
-55
104
300
47
-167
-318
-39
-6
270
-222
-67
-74
351
355
103
69
-101
158
73
15
95
-10
178
-133
74
48
146
125
-115
-118
229
-134
226
-97
-97
-153
188
-119
-31
-99
-174
236
74
-87
-33
25
80
177
181
-76
160
168
222
-34
106
41
-81
59
126
-176
41
150
246
77
-182
-133
-111
304
-37
-130
-33
45
349
-34
489
25
163
195
-62
246
130
-123
-76
-125
77
-218
74
-355
44
-70
60
209
-186
254
195
290
-137
211
70
128
9
177
-145
-250
-44
-32
175
264
-297
123
-17
-270
-40
-176
101
-181
54
-191
97
92
98
-187
40
-15
48
-1
80
120
63
-181
-95
-100
101
169
-90
99
94
0
-29
150
-55
67
-151
-174
-134
-142
57
156
129
127
-50
-57
-105
-72
90
2
139
111
53
-92
-152
71
-201
-106
-170
-97
96
80
-99
-34
116
-65
49
-9
-76
-12
-170
82
-129
40
123
-78
11
-34
99
168
74
-32
-167
-81
-72
87
-44
24
-150
-43
-17
156
51
-190
10
-81
-181
163
41
-161
-157
-107
-121
-99
-122
124
-184
-99
-17
-49
8
119
-121
178
-43
-18
-144
-194
46
181
-158
16
-144
-117
-5
-148
-130
160
-27
-43
78
-76
-98
-19
-58
-381
9
50
153
232
-43
-86
14
216
337
-13
-249
-84
-202
129
63
88
11
198
194
192
27
-92
180
-88
256
89
22
118
68
196
-301
31
109
106
32
233
-102
-105
63
-40
-170
68
103
99
-65
-148
-141
140
-49
-14
450
-5
196
-200
203
-92
-105
30
62
-40
51
17
143
68
213
-99
19
243
-192
240
-86
-10
-349
-42
-194
86
90
116
163
182
282
1
114
433
107
330
1
38
152
-305
267
-117
-245
-119
-101
-105
-92
-31
-86
-86
-156
225
84
99
151
3
15
-14
44
264
37
132
-71
-75
44
205
-102
117
-109
136
257
141
76
-67
147
-104
189
60
-193
-90
261
300
-87
20
-6
157
45
-15
-49
222
57
196
-22
-125
51
-108
68
165
264
-97
-76
-138
-10
-171
-94
17
-105
27
51
313
244
-279
-62
193
14
-39
117
19
-122
-16
-145
-30
-66
316
96
77
271
-121
-49
-18
186
-184
32
-90
-77
209
44
-146
-27
129
112
-8
300
-57
165
186
-146
-215
145
-71
-161
-107
-177
-236
81
-228
191
134
-92
261
86
245
421
260
-89
-5
101
-73
137
17
202
151
-199
-108
-89
-80
-174
56
-182
-215
39
266
149
79
83
182
7
149
213
-281
219
-37
31
-136
-72
29
25
-105
-123
-95
182
282
148
176
-93
35
-305
-16
41
46
33
220
-18
-180
24
-132
51
-4
-125
21
62
-160
-105
42
94
395
155
104
-25
246
-253
278
-100
135
75
132
179
18
128
-127
-145
-260
233
-26
151
100
-134
-168
-87
52
-75
190
295
-108
-245
-241
92
-26
-97
293
-190
-3
-209
-36
-157
271
102
165
86
126
213
57
40
71
-164
121
-290
233
-423
223
260
-33
-300
66
-201
-288
328
50
-17
255
167
-21
7
-29
-209
-21
180
130
140
-98
-20
-174
-73
-148
-135
39
340
-108
47
605
-188
-9
62
194
-132
186
96
-92
-177
249
162
274
121
-165
212
-69
-445
-191
166
77
105
10
-74
56
44
-157
-5
-98
40
304
143
176
78
-87
185
398
1
-62
-42
-49
-271
302
-105
-32
1
69
50
-75
54
209
-317
178
-7
-174
6
-77
-37
163
-31
-49
-56
197
58
102
154
-95
138
192
-72
-77
-98
289
177
-129
-151
-215
-48
58
-112
177
103
-106
-73
-373
-98
96
171
5
79
365
-53
219
-18
-173
-180
-160
372
151
128
459
41
295
-191
-74
81
-187
-71
53
149
-224
-168
-95
-152
45
-14
70
-15
22
151
-22
-23
-144
-122
-84
131
155
-122
-91
40
-149
-164
166
-140
64
-154
170
101
-14
-176
-197
-194
-21
-167
-90
21
-55
-144
-29
-213
-54
153
116
-152
31
123
-102
-35
-135
133
-170
9
-172
-96
-94
116
-185
116
-186
-156
93
15
95
-141
-8
91
74
-72
155
-151
118
39
10
-61
-182
-177
-100
143
113
123
-166
-139
-67
-80
126
-58
-274
-82
78
161
61
132
169
42
91
100
-129
-64
-109
-133
-85
-103
-166
96
-63
-4
20
-148
-110
-32
-69
143
-173
-218
193
-43
74
-110
31
128
-20
-19
469
27
-108
147
-64
264
-4
130
-209
232
-143
28
-118
70
9
-215
-41
27
-269
136
-3
-23
91
-92
128
-335
-197
-127
-106
62
101
74
145
250
-158
-106
-125
21
-112
213
-90
113
-158
294
504
283
36
67
-35
98
182
19
-227
39
88
114
-123
214
153
-241
-227
113
-44
291
90
-368
-256
-22
54
-160
-175
189
-110
-244
-144
180
30
-15
71
206
-27
143
162
195
327
302
-67
-36
-182
75
119
237
-131
41
-15
43
91
-342
329
231
14
-191
72
-190
-422
306
-127
-174
379
23
19
-30
-127
-153
103
-42
-40
276
-207
39
-46
8
-60
-49
-56
-21
-143
89
-213
159
181
45
99
171
102
-186
158
256
-161
-197
26
133
75
28
-42
97
80
-13
181
39
31
-132
116
-132
130
12
216
184
112
-147
-42
41
-176
97
132
-235
203
17
203
-236
329
2
65
-116
91
-27
-147
87
-15
331
61
96
-30
130
-151
121
244
-97
-109
-19
-48
56
185
304
-153
22
121
-150
-94
-203
57
-163
-9
-97
93
96
-395
153
182
149
18
-82
477
76
121
145
3
229
-352
293
205
167
-20
222
-100
-73
-179
133
-425
-130
288
281
-9
-105
-10
12
-60
93
284
207
-78
-82
250
-52
123
-99
-143
-6
187
-18
127
-149
-53
102
135
341
50
-245
159
-181
-213
-133
90
335
-135
116
37
-152
-169
196
44
-145
177
-183
-98
228
143
-23
-20
-165
74
-31
-132
-172
67
288
-119
-209
-285
120
0
-172
-158
65
-145
-223
19
-182
-134
208
-170
156
2
113
9
133
-90
-136
-1
48
114
107
-114
-157
-110
-31
163
41
-63
63
137
-28
227
3
229
-76
384
-41
55
-30
14
285
44
138
192
41
-260
-299
150
-171
7
-138
123
-24
-20
94
-156
180
242
-161
-113
49
148
108
45
59
59
-168
126
-94
-72
67
-160
-197
-174
149
17
334
86
-4
-68
28
455
-23
137
-126
169
187
156
-137
-65
-20
-30
34
71
-116
146
147
-19
-194
-14
44
129
222
-121
233
103
-17
68
-225
-4
95
-30
235
241
-80
329
-42
-30
-163
185
-123
107
68
149
126
5
206
55
317
-121
100
-187
-74
235
82
76
-162
6
-81
102
149
83
130
184
199
325
103
162
61
-119
-110
38
98
109
-207
-45
-13
183
-41
59
-22
72
-65
307
275
250
67
-144
-157
137
233
-175
149
156
-87
-114
166
-166
117
311
312
-23
-26
52
154
130
-31
249
-89
-196
-181
-66
-192
-21
89
-131
125
-91
113
-198
129
109
-127
2
-188
81
35
8
-42
-148
-53
-173
144
154
117
96
33
-98
-133
-212
127
78
-5
-96
138
132
24
-235
72
171
-124
39
-98
110
-156
-198
67
31
44
-138
-207
-117
-54
-155
-60
145
-156
71
-24
-132
-60
80
-237
-171
-50
-149
153
-51
-126
-118
63
94
-94
-224
88
-97
-106
48
4
-74
-154
-146
-157
-172
-114
-120
111
16
19
2
-29
6
-73
-35
9
-64
-17
61
-91
-72
81
-168
-13
102
-9
183
-64
-163
-50
-71
-177
-149
-51
37
-132
133
-82
-97
11
-374
-105
94
-13
-105
-167
-86
-50
-175
-307
145
194
280
273
78
191
130
-44
226
8
-400
-226
248
-134
189
393
-108
159
-78
193
-380
-64
93
-168
64
235
175
95
-43
-240
-110
-275
-114
-209
88
-191
16
-132
167
280
-180
-166
193
-10
-168
-26
-51
115
41
-46
69
87
132
-99
142
-237
33
55
230
9
16
-141
251
63
155
-179
84
154
-135
-105
-149
119
120
109
-143
114
589
166
211
-58
-102
214
63
56
195
-84
-89
123
-5
-418
-228
-298
-206
88
284
-70
75
99
224
191
-120
170
-122
122
-180
-77
159
-186
66
273
-121
-191
87
-113
224
-123
13
139
450
-56
81
26
-245
-96
68
139
-100
-122
162
247
297
-2
38
107
13
-301
120
-53
-2
173
284
-154
62
-21
123
149
99
280
159
267
-127
-152
-142
-48
-171
39
10
49
-108
-73
-194
185
196
-65
72
142
-108
-12
99
-458
147
116
265
112
114
23
-95
-152
-99
184
-238
-200
104
-254
0
-67
85
-16
-195
21
160
116
76
-27
-153
59
-65
158
257
-105
163
-39
-341
-22
-154
192
8
280
-16
44
-26
-72
92
-39
-26
11
-108
120
302
49
107
-224
-87
-112
35
237
59
106
124
259
277
-75
-190
116
316
260
-79
163
412
-67
-123
-16
-107
-106
38
2
-235
98
225
171
168
-35
-204
20
117
-108
-54
92
-84
-127
225
-3
77
252
-90
97
153
227
-56
340
128
311
-40
208
143
-18
143
-120
172
-319
234
281
175
141
19
-52
101
46
-138
-72
121
167
221
-163
245
146
-159
-165
108
88
37
26
171
-184
71
-11
137
-4
266
-102
91
39
138
110
142
79
-269
-32
-126
-165
-180
-249
-417
-61
-13
73
320
-185
476
357
259
67
90
-194
-242
260
-134
56
-36
44
-9
-104
36
-103
153
-32
199
271
67
-87
-481
-103
-15
126
-67
-47
93
-229
148
-112
90
-175
103
49
-39
-52
224
283
48
38
94
-203
5
93
-82
146
56
-138
125
32
-355
-272
88
-111
98
-162
80
-95
-184
75
-53
122
-174
-73
198
19
-245
4
281
145
-269
39
302
42
179
76
-173
175
88
-157
260
-250
-135
-152
132
108
349
-7
168
161
-357
-193
-65
-62
127
216
178
95
-304
-153
-61
442
-5
161
-38
111
-173
-54
180
295
21
-42
-219
101
118
-36
57
293
-357
-207
248
299
-22
42
298
-180
136
13
201
-38
107
112
-42
-59
146
-158
39
-165
-63
-6
64
137
60
139
-124
-186
52
42
3
100
153
189
27
154
-3
14
-22
-189
178
-225
173
-2
54
387
-125
-38
-164
105
-99
122
-21
87
119
-129
-138
163
-61
-288
109
-430
152
-109
-179
84
7
215
260
-22
-239
68
-175
-118
-39
-199
-151
70
138
-169
-118
78
-104
203
-48
-169
71
-43
117
153
-178
265
150
135
-116
23
137
1
-156
15
-165
53
164
-291
32
76
265
-348
95
23
47
159
-100
214
366
82
59
165
-29
-249
-194
111
-30
45
-171
132
214
-204
-110
22
-353
-150
-21
-139
-82
-48
-108
2
18
-338
183
225
-241
74
408
-124
78
-3
-187
231
102
-206
-60
108
236
189
-123
8
55
12
237
124
-335
-138
-84
185
85
304
-137
-41
-283
38
199
200
-89
-120
31
-15
56
10
8
70
-37
-106
33
17
98
38
202
162
-235
144
146
-59
-7
-151
-132
-213
19
224
32
137
-127
143
-114
-82
292
59
-108
-68
83
254
242
239
130
-54
-112
199
263
-79
93
-46
-88
-29
9
94
359
-239
483
-48
-132
51
-75
186
319
125
11
-174
-189
138
180
-187
-270
11
-188
-197
331
-232
-16
109
-207
-106
-125
178
-114
145
-216
-40
62
8
165
-107
422
178
161
-7
252
-303
249
9
-249
-71
-31
-124
-163
11
-180
-48
37
141
-255
59
-262
-71
200
-92
-171
162
-208
-91
-24
102
-178
267
-294
-13
133
100
-129
186
-148
-105
-170
-171
-64
141
-49
45
91
94
115
12
-345
25
159
115
50
87
49
58
13
-71
-34
21
-136
309
-52
-27
-111
-126
-202
36
15
-13
102
1
-45
82
75
-158
226
-240
-201
-48
-52
-49
181
114
209
9
207
129
-52
129
247
-4
-3
-120
-351
31
-209
189
-229
36
178
86
-233
-380
-111
167
169
-153
-16
-112
26
179
-188
239
-119
188
241
238
52
51
275
45
304
116
-9
34
129
144
-174
79
-196
-92
163
139
-206
-165
-58
313
179
16
-176
93
-31
-171
-114
13
108
-46
-11
-85
77
135
-201
243
-66
235
-82
416
-119
95
-107
173
-38
-200
-136
-88
-96
61
-15
140
-56
-273
0
91
-156
206
-2
-439
133
-94
215
-197
120
276
4
-30
-18
261
-85
-197
47
-111
209
121
90
-115
137
-87
100
218
-94
-151
-176
139
251
-42
68
20
-91
106
-261
-65
-298
96
-119
286
-51
200
162
86
166
138
156
-238
59
-72
339
51
-9
-219
129
64
46
208
70
9
-167
-119
15
31
-218
132
129
-176
-122
-41
21
-48
-137
168
119
9
28
52
-17
-224
-65
90
-206
61
-64
-85
39
24
35
-141
-225
25
-182
-203
100
151
-150
89
128
-225
-62
-73
-62
-38
133
-105
60
10
-138
136
111
-127
-123
-236
-72
-43
172
-136
52
-4
85
103
-32
-208
100
59
107
94
-176
84
81
22
35
-111
-180
-32
60
-24
-55
51
44
-151
-87
138
-125
175
-222
-222
-186
-26
-207
9
-77
-177
148
-42
-119
-177
-134
110
-7
-11
-196
-21
-1
77
70
-16
2
-69
-43
18
-177
-155
-18
-180
-156
-151
-121
160
125
49
408
-26
-45
84
-116
131
127
-31
-127
194
110
-130
-148
170
-69
-98
-10
-111
-169
-84
126
232
127
42
-80
25
-78
15
-85
177
63
-36
-4
139
-68
158
-133
-36
-169
-270
-157
259
-135
86
14
199
-81
-61
238
87
168
-57
38
213
-25
-106
21
163
35
386
-181
99
69
95
208
-169
-320
-168
-142
180
-5
-128
-196
-104
212
70
-63
-79
23
314
192
-61
32
-172
315
-300
205
-196
-8
-166
2
125
287
-192
144
-5
214
-426
67
-183
-29
106
159
114
-150
322
28
-99
-144
75
-93
-111
-221
92
138
-145
-36
-199
112
-158
117
157
-167
-182
-85
-25
47
40
-121
113
-77
-145
-170
-113
-78
-130
-207
-93
108
101
-76
-14
-82
-122
-54
-153
-6
-80
-26
-220
72
-42
103
-141
117
104
-10
-240
-33
15
-140
-215
-72
-189
-199
54
-195
-118
-62
67
51
-214
134
91
-103
-173
-7
-4
45
-116
-174
-105
-252
-175
38
-179
-156
152
169
-208
71
-128
-100
-189
-168
-53
-229
-42
-69
3
-140
33
-198
164
-124
118
72
-24
130
-50
114
84
106
-52
-67
-101
-94
102
-226
-17
-41
111
49
134
-57
59
-15
-94
36
144
-246
112
-76
40
-90
-33
-59
-74
61
184
93
-158
232
18
79
-32
184
-43
177
-35
102
-126
-184
139
112
244
59
8
135
143
-56
-82
58
324
203
-141
-15
47
-88
153
288
-117
64
-91
-206
31
104
228
106
-4
155
-112
38
-107
268
275
180
100
-57
293
-43
-126
30
-158
-106
66
131
-59
96
-256
-206
209
122
83
-140
-273
-123
33
-113
204
3
280
223
-116
-34
184
-14
95
-27
144
-187
54
110
151
63
-85
144
-61
139
-170
112
62
-93
-157
106
-202
119
-421
321
-134
-13
-304
-145
133
132
317
-73
133
454
-102
46
-112
-181
7
122
83
70
56
-2
9
-131
52
144
-90
110
46
106
117
-76
-136
-11
70
129
-69
-22
-145
-121
-59
-199
24
-187
-143
2
117
127
78
48
-62
-201
-192
22
-44
-4
128
-124
-161
-2
105
16
-68
110
-210
-104
-132
100
-102
39
-120
-215
41
-132
-177
-185
131
114
22
55
115
-185
-64
-162
-176
-78
44
28
-110
-47
120
106
151
-39
123
44
-183
-159
165
-174
30
115
-162
-40
86
25
-186
-182
-105
89
-3
-89
61
84
94
87
-177
-40
-41
-197
168
-110
86
-112
89
-25
87
93
29
-1
158
-220
-77
-17
-183
110
-9
-108
133
158
-129
-104
127
-389
-67
192
161
223
-73
-139
-139
-96
45
-124
138
-181
127
189
148
-136
194
119
-85
-250
0
294
311
-42
320
-133
127
-113
148
-34
-163
113
55
-163
187
-77
289
165
380
-59
-219
82
-250
123
83
-29
-205
194
345
-259
-10
9
-158
142
-2
23
34
-122
-278
-48
-21
294
-62
20
-92
280
-170
-56
93
-238
239
2
-160
-9
5
-129
-120
-233
15
-8
179
145
-85
50
266
464
146
-24
-64
8
197
-289
112
235
42
-211
101
17
-85
-132
-344
281
60
208
-64
-3
-66
289
-42
-6
-108
-8
-197
185
124
34
-28
239
1
206
-81
-115
171
-57
21
22
165
-19
-15
-94
90
148
191
-39
-126
108
124
103
108
21
-185
-81
9
-70
361
150
118
38
155
25
-57
-168
266
-132
-129
88
-212
-181
-266
109
156
86
118
-199
-123
232
9
214
-178
295
175
-82
-16
103
-146
45
5
-117
124
200
183
-218
141
60
91
57
-39
-57
-146
40
-199
172
170
-22
-201
219
-53
298
207
-22
-46
95
-138
13
-183
-26
61
-129
-54
53
-196
208
69
-43
35
18
133
-78
-133
136
168
52
60
-24
-153
180
-80
-465
-17
39
-54
-129
204
69
204
82
23
158
54
22
-54
207
47
-54
118
-154
298
-95
46
104
-156
388
184
110
79
124
11
217
-67
-129
-295
-96
205
96
-285
35
-156
-119
-93
-91
42
23
9
119
-63
-217
-5
52
146
-168
-137
-94
163
515
103
222
-155
-114
-80
102
97
121
85
2
-156
138
166
-174
189
-153
140
66
129
-71
-205
-183
165
114
-63
38
241
84
132
-228
38
-10
-3
3
-76
-192
93
55
-85
333
226
84
-92
134
132
-53
-72
-152
-20
272
-41
276
103
285
-42
-169
-288
80
134
86
98
166
-25
382
-62
104
151
-18
-215
-269
179
64
132
-171
-204
132
80
183
-166
32
-135
-244
153
-89
2
109
53
-111
-221
30
-46
-118
272
-175
103
165
-169
-155
35
-11
205
209
152
151
201
-134
41
149
171
-85
-45
-253
-50
-241
-65
134
211
6
97
77
-51
-211
-10
230
-190
-155
88
147
189
99
-85
131
267
-128
126
62
-47
-16
-50
93
88
42
180
2
173
-28
60
-21
12
-218
61
80
-106
-172
-70
32
369
-156
108
-58
266
55
107
-105
154
97
-16
-128
52
-58
196
160
487
-293
122
277
342
173
-110
-186
-108
-48
-64
266
15
62
-64
76
-138
74
-277
36
-66
-236
-180
-171
46
-137
-175
-71
153
-87
302
33
90
132
-53
161
-47
-126
-179
53
140
-17
114
-9
-128
-4
128
-118
-178
46
-32
-87
60
32
-221
-23
-111
114
-96
202
-71
276
237
157
247
176
-99
48
65
139
198
43
-35
117
92
-134
46
153
-162
-156
68
-7
-165
142
-156
175
-139
178
13
96
122
-56
-140
-94
115
62
192
-176
-97
-112
-39
-4
-217
70
-1
108
-64
-182
279
-203
98
1
113
50
88
-138
-78
18
124
150
295
2
260
191
101
140
185
-209
24
36
176
-73
-94
41
-87
-46
30
-90
32
-111
285
75
-128
-93
148
-126
-147
-175
-15
-109
-219
-164
78
-151
177
-58
58
40
88
101
-60
-119
4
-133
132
29
6
-7
-20
-186
-87
-125
-31
-53
77
-196
-46
-50
-42
116
-120
-82
106
-128
-78
67
-114
-186
-172
87
131
-136
-173
-192
81
77
-73
7
-22
160
-137
-23
-97
-77
-44
-44
41
114
-118
-62
-98
-168
-210
-13
36
-173
-129
-158
-96
-178
25
91
-215
18
-12
-154
-10
-99
-91
92
-128
-228
-169
69
28
-24
-6
-2
-118
-24
41
94
-149
-229
-171
-216
-146
-47
-128
-144
-88
22
26
10
0
-19
123
-126
58
-93
125
-203
233
-123
120
-36
134
103
-73
98
-297
-22
-141
105
-47
-584
35
-75
200
117
-185
-181
-101
-165
239
132
-17
119
105
-22
-105
-46
158
-167
-206
32
-97
-67
128
154
308
164
200
12
-253
118
37
41
96
-38
-30
-116
302
-338
102
226
-45
-77
-128
92
-77
-111
-457
140
-140
254
265
-140
-113
-115
-135
96
111
-360
55
155
-124
120
-128
171
48
-182
88
76
253
49
27
-177
88
218
-138
60
-115
189
54
-265
-192
102
-144
-45
-52
-61
42
111
-119
77
-110
116
200
-48
34
316
-131
43
100
-130
-197
-120
-42
197
-144
170
-195
142
69
-148
48
-79
-97
214
5
-380
221
289
-175
-76
45
41
30
160
282
-293
-160
-49
278
-8
-293
115
163
136
118
203
157
-210
-17
-6
89
-32
66
128
53
-69
-270
-18
52
-149
-154
-89
125
50
235
235
277
65
209
74
-46
-135
-122
124
-168
99
212
52
-222
-44
138
-119
-42
83
24
208
115
-114
172
9
107
-144
-33
144
-117
-31
160
131
93
63
93
93
311
-217
-29
11
288
152
120
287
44
-69
-26
-191
35
-83
-84
267
221
199
125
28
17
82
-104
-8
-81
172
150
70
145
55
-115
124
-176
64
-146
-49
-135
-116
87
-47
279
286
31
77
200
-135
-55
-83
-112
10
-28
-32
-51
-82
111
-44
116
-6
-103
67
-158
58
158
31
147
-65
44
246
-34
-157
-125
130
151
-61
-196
145
248
-26
190
106
-52
-43
159
275
121
-163
-140
137
-1
-113
-71
-15
157
-15
-221
317
-38
-110
13
-105
-142
43
67
49
-64
-281
-193
135
7
194
27
185
35
-102
219
-23
252
113
-49
-218
-34
-242
89
188
121
163
147
-139
106
-166
182
-149
-220
34
-84
252
181
33
-191
114
94
66
-135
273
-112
-52
209
21
-50
41
25
-49
-171
-146
44
33
75
111
94
-247
21
278
73
-180
-45
-32
8
112
-48
-191
38
129
24
59
-221
30
134
125
221
109
-33
56
168
-85
-161
87
-180
378
98
81
-110
152
-98
-121
-378
-1
285
130
-153
39
93
138
130
-27
278
92
-41
-251
8
-11
220
196
149
119
322
54
40
30
116
15
-154
-42
49
73
-185
122
163
-105
142
104
-183
121
39
107
64
35
134
-11
85
89
-262
28
33
-149
-38
81
244
-49
150
265
159
167
-447
63
-257
-93
-41
271
134
275
130
-65
146
-153
115
84
107
126
161
-39
-230
-4
-44
-104
31
357
-145
-173
101
-157
-62
203
3
-174
279
-129
-73
-287
159
62
167
35
-98
141
115
243
344
280
231
22
-156
61
187
-58
122
167
-145
34
198
140
-171
41
-62
-71
-131
-163
159
192
-118
-260
204
-91
133
150
155
-117
46
-97
215
-93
74
-125
-130
-31
203
-82
-192
217
286
144
91
-298
90
229
165
-94
-34
-192
187
108
163
-171
-195
107
-55
82
256
-42
-129
146
-212
-204
-122
-86
-75
26
113
-79
-130
-231
212
175
-357
187
-141
24
86
297
-133
-12
133
-196
-203
41
140
-73
76
-55
-93
277
-56
-56
-96
-152
169
416
-94
14
68
54
194
221
3
37
-134
-264
-18
-17
223
124
-190
34
-8
187
200
217
-125
-138
139
-122
-14
150
11
-173
40
21
38
-64
258
133
103
103
44
-29
-74
-138
344
-59
274
126
-14
89
-36
270
44
110
178
175
126
-118
-62
-8
91
-204
334
-181
268
194
264
78
-221
-333
145
91
-295
-48
160
-26
27
184
89
-154
-166
407
75
123
-118
-134
38
154
98
-205
-52
-242
-179
67
79
170
-111
16
-42
151
-245
99
79
139
97
176
-17
-336
125
-44
-163
-239
-15
-68
157
-8
-179
121
39
-26
-68
-14
48
-38
-50
-176
19
-33
-223
336
-128
-50
130
152
8
-415
233
48
169
-115
-109
-65
229
275
334
275
-34
58
-178
-200
-78
141
208
208
-52
264
158
-111
-70
231
112
-227
-240
-116
-8
5
-169
-58
191
-73
140
-140
78
-283
-50
105
161
108
85
-60
-114
-2
-89
6
17
80
243
-162
135
-339
41
184
199
-115
264
-58
-37
160
-214
-16
-15
145
184
123
242
-21
-105
-62
-50
-378
54
-233
97
-23
188
-190
89
-205
220
145
-704
279
-75
102
348
151
-109
38
278
10
-192
196
-106
-174
251
123
60
319
-91
106
-386
-175
81
190
165
-3
22
144
340
87
380
-315
46
-61
-173
-19
-126
56
-27
-106
157
250
71
69
182
-35
24
-109
-210
-65
-23
324
23
241
203
-204
39
6
132
273
54
28
115
-116
94
-99
-35
-96
117
256
151
65
-60
274
136
-136
172
-34
100
36
-7
-161
73
194
-116
114
7
4
281
156
29
-175
-60
-2
-92
28
213
-100
-38
-180
58
274
30
-33
-230
91
-2
117
-26
-557
95
68
225
-137
198
324
101
-216
-53
196
-199
-179
268
226
75
-142
-86
-79
-111
-132
-186
-188
119
103
-205
-122
32
-291
101
145
216
91
-132
42
-142
33
149
163
-36
230
-162
-186
-86
105
-19
-27
-25
-159
-246
-1
92
-151
-80
-236
-228
134
-259
-52
145
86
7
-139
85
-135
335
-306
114
182
46
-108
13
-107
158
-84
131
-112
218
-34
113
14
158
0
-232
-100
-58
62
-59
124
32
-166
207
-76
40
267
214
-23
158
-78
-91
-6
104
230
-45
17
27
122
60
123
-128
203
-51
278
-194
-195
166
22
-93
41
76
144
-119
163
137
-29
-136
105
-128
189
-33
-199
65
-397
97
158
107
-160
-213
-332
132
-126
-47
209
34
3
-138
167
-70
-8
152
141
213
30
-119
390
-115
275
-107
317
156
-80
-174
-346
290
141
-196
-28
94
34
-169
-165
36
-39
-322
-212
30
104
-248
-92
-9
47
142
86
170
-171
138
-306
-115
25
246
-9
83
106
28
-36
-107
141
219
-275
38
95
-88
122
125
-86
50
-53
-39
151
-46
90
-102
20
200
126
168
23
85
-25
-107
-134
106
42
257
-145
54
-53
269
204
42
116
154
-4
-254
-147
-284
147
-159
-82
107
336
-174
222
186
60
230
399
-37
188
-154
-204
7
-332
60
105
75
-94
70
-203
-407
-15
138
-63
-182
87
-153
168
93
-342
-15
92
151
102
46
40
54
-258
268
139
-41
44
32
-149
-3
175
26
-28
113
-61
-77
239
135
9
-7
141
217
306
-87
166
-57
-131
-16
150
182
-137
-201
-55
-215
-21
-152
142
115
349
221
-9
-111
-87
-314
106
-137
-194
146
58
-31
19
225
241
131
38
89
164
-173
163
-224
-85
-336
1
55
27
16
58
-142
-70
-33
-24
217
221
130
-221
89
-114
94
-170
-130
-41
150
204
-141
-226
317
-186
41
3
213
87
176
61
186
-144
-334
-73
-98
-83
84
178
-345
202
-125
-225
33
-122
-137
-23
-21
220
185
-167
84
173
198
121
96
53
33
-439
-101
178
97
-196
-117
-12
46
145
-312
-115
12
-99
122
23
-57
142
36
-15
81
-392
-110
160
-73
-151
142
-48
16
-174
81
152
66
210
114
176
115
201
-240
21
-81
160
146
-71
44
332
190
119
70
-204
-86
-44
-186
168
-71
-8
148
-158
274
-150
-72
262
183
-326
-144
51
-182
258
162
-36
196
34
114
110
112
-17
-9
16
-121
-132
-80
-59
0
126
161
-237
-49
312
-30
254
-259
139
151
-45
8
99
92
-342
-315
-200
-320
66
-58
-88
-76
10
-64
161
148
382
-67
174
-107
-171
127
-75
27
175
-164
88
-259
-63
154
307
121
84
-194
99
-141
114
100
5
-42
-74
-17
143
134
109
126
49
-88
-370
-207
-191
-331
98
490
148
64
110
268
-321
71
-61
-136
-93
53
141
9
-79
217
156
-246
138
214
-47
-399
5
50
-22
199
-186
50
-17
30
-97
-8
-120
-101
131
-85
252
-79
-163
56
202
142
147
-139
11
173
-200
-26
-95
199
-196
20
191
-139
-314
-132
35
-146
-8
10
58
15
57
85
91
55
161
94
262
19
85
238
-71
795
-443
-100
153
101
-64
175
222
-374
-26
106
-94
-157
138
84
157
-13
-101
259
105
26
69
27
158
-134
-84
210
45
-71
-326
33
71
-108
16
152
-235
-175
123
-77
141
91
-53
-169
153
-193
-131
62
-116
9
-103
-60
-116
102
99
104
261
199
67
-262
-299
-109
93
25
25
20
-118
-14
249
270
181
-193
48
112
135
-68
97
80
-46
-71
-13
-57
105
-183
-77
-113
-59
95
134
-337
-104
105
-174
59
79
87
-48
-243
-16
87
-10
148
-5
186
142
128
-102
-47
306
-8
51
1
-173
137
92
-137
-3
118
45
-241
88
207
177
84
-179
-159
-91
-148
-210
-13
-68
17
-83
-183
8
-67
-133
40
135
150
172
40
-315
49
378
107
-159
145
219
146
173
-103
-255
298
223
-77
-85
-90
54
-240
-49
42
-193
-168
32
51
134
-110
171
308
-57
-188
83
144
122
144
-71
82
-106
-74
-50
-137
-1
-250
-22
-263
-163
-103
-317
-152
27
113
60
-134
-86
184
-101
-61
33
59
-42
-135
118
332
41
59
-144
259
-85
142
-147
-79
62
98
76
188
41
-6
-188
-64
-114
-77
319
-36
-169
-107
-19
20
180
-74
89
-121
43
209
54
302
534
92
211
45
-186
-148
-121
295
-182
-176
72
36
51
-330
147
-11
-382
-97
-177
34
102
188
141
215
52
-125
295
-108
-30
50
282
-207
-91
-35
154
77
236
180
-56
-19
257
-162
78
-31
30
108
95
-31
-114
-324
-268
366
-135
-202
71
-125
-151
-55
150
155
122
-85
-28
270
-78
84
-73
-71
175
3
68
255
276
-39
173
110
82
354
5
-40
90
198
67
164
91
219
-5
-94
59
159
158
-42
196
171
128
147
-72
110
-56
-243
179
-165
107
90
-62
-150
-53
158
27
-7
198
154
184
156
90
-70
-18
199
62
-60
-163
167
-66
249
10
242
4
-148
-7
359
-60
102
85
73
85
-4
317
155
138
-61
121
147
-36
77
11
8
40
-42
-368
-109
22
49
174
-165
-286
-150
584
171
135
-16
244
-82
73
110
-116
-223
114
201
-10
-78
-215
214
75
132
240
136
-115
-206
-33
98
207
-260
-88
-205
174
-36
88
-178
114
-157
26
-34
-275
114
-82
-288
122
-16
-221
-4
193
-87
99
124
183
147
-147
80
229
-112
-52
-425
42
217
116
87
-1
-138
-29
-11
-127
-64
89
23
94
-147
-388
-503
202
146
22
14
-346
-574
-197
-154
-171
28
117
-228
-209
-9
85
237
36
145
119
63
-11
177
-30
11
602
-113
6
-140
-13
-97
219
-135
-89
-139
129
-78
10
-60
218
170
-29
91
159
31
-196
157
267
99
268
-280
-254
85
115
-81
-85
224
-345
-354
-31
108
28
87
99
51
-9
-150
79
25
35
-117
44
-193
-22
250
197
161
96
-87
151
33
-29
198
-126
165
92
254
276
181
-49
171
180
81
-8
-180
55
225
-119
61
109
-349
-164
-45
57
1
92
-339
-448
158
-28
74
-125
-76
23
-186
-13
14
-72
57
231
138
34
15
-118
121
236
160
188
72
87
-333
30
48
-64
-136
167
56
-7
-374
504
-42
-69
-82
-180
3
-48
166
-170
-134
363
-34
-32
-291
129
4
-131
-38
-87
36
-321
69
53
-73
-257
95
-26
236
-281
362
-387
22
-16
-161
120
4
141
-209
153
168
117
-116
-46
-264
-228
-155
121
-72
-39
94
32
86
-77
178
-28
303
87
-319
-164
-69
27
-13
161
211
-144
307
342
317
106
64
28
-295
137
62
-33
-155
-157
136
-154
278
5
433
-263
-96
-34
7
-11
-388
-120
42
-6
-342
130
220
-165
-14
-303
51
173
84
139
133
-211
140
-17
-58
174
-12
182
-14
-334
175
-147
-156
324
75
75
-232
-13
154
85
10
-65
-92
207
104
-424
343
57
-65
-197
43
102
151
-64
99
149
-3
-106
54
-398
236
-21
83
72
-295
-124
236
109
45
-181
91
89
72
571
-93
14
219
147
185
103
127
-160
-185
-342
176
56
388
79
83
-183
49
14
102
73
2
76
269
-26
71
-150
2
11
55
-51
78
-146
-124
59
172
45
-23
202
-155
-243
138
-70
-18
-122
-96
-203
288
187
311
-41
20
325
141
182
-52
131
-90
120
15
-233
176
-12
-179
-7
185
-34
181
-69
130
-127
-32
319
-98
117
140
-45
110
-19
-70
231
49
278
230
-121
380
-175
-27
25
448
-156
-81
364
-169
-174
-69
-25
-64
134
190
-69
-54
-75
-84
-157
112
0
-234
144
9
-280
139
234
55
82
4
-281
250
157
-99
85
141
-88
-271
237
311
-126
135
262
196
92
-167
-158
45
93
-81
200
-164
78
-122
-98
-202
-179
-213
228
-101
210
-90
15
68
65
-153
-67
153
-228
108
277
-220
323
167
-172
34
25
-103
-131
-102
-47
319
-86
-227
199
-54
26
246
44
3
-97
-57
42
225
174
143
-197
198
-249
122
143
-17
-226
-199
-96
-132
21
68
-204
123
-147
-17
-83
228
358
-38
-202
123
249
-180
-65
185
241
155
46
209
-108
-17
176
61
-383
61
50
276
-31
-151
110
99
57
64
146
174
-130
186
206
68
-88
123
-32
38
416
-100
-180
-100
64
123
89
165
-30
94
252
383
156
222
164
27
160
-16
-32
-17
-225
-168
186
-72
113
112
-21
-76
-84
258
135
345
97
41
-151
-214
-70
142
92
-211
199
41
-87
150
78
-65
179
137
117
-34
-18
-107
-35
-185
94
-42
165
60
31
-32
22
-10
-12
277
136
-254
-149
148
68
35
104
124
35
332
92
48
148
-18
360
-63
-48
-122
43
103
-244
168
-99
-218
130
-116
405
99
108
-216
129
222
41
339
98
-128
77
58
-149
-193
132
-139
321
-140
121
154
-174
-303
142
75
-218
-257
-90
312
131
230
-225
95
175
127
31
-210
-173
-171
276
226
-140
-144
16
-209
-230
81
106
-2
41
-115
-165
-17
-66
-158
141
170
168
-159
-255
-120
144
-260
137
174
135
-135
590
-114
-119
119
121
162
118
156
33
254
-180
-56
-127
297
9
-220
68
-153
-276
122
-123
-441
-44
82
10
-222
-262
-131
141
-36
-212
-92
148
-138
106
151
-241
278
162
76
263
375
21
34
-89
67
-182
119
31
-88
82
-89
160
-160
-48
61
59
-74
23
-131
-441
88
-8
-23
386
152
265
180
-48
151
-195
221
68
214
-15
76
108
52
97
-128
120
125
136
-99
-66
-42
-130
98
59
-162
-77
-35
114
-96
82
-112
-120
93
-211
82
-165
-162
-112
36
145
52
26
-162
96
18
161
-71
2
-152
-80
-137
-59
-14
13
-153
-96
-69
23
137
84
-15
-210
87
41
-52
76
-57
78
48
41
16
60
-166
-170
-185
134
-184
-168
106
-46
-6
-28
-13
-107
-157
34
92
-164
157
104
-102
-76
-29
-98
-139
132
-210
-87
100
119
-46
-163
150
-106
-146
79
-184
-71
100
62
-130
-157
-18
81
-126
-191
84
151
-104
-70
126
-122
-58
-174
-192
-199
-101
-83
157
-79
141
223
-20
261
-82
166
-24
160
-244
120
3
170
-19
267
13
-17
98
-63
75
76
-175
-383
-318
-170
-232
-80
554
93
-101
-90
-104
-213
214
-82
141
-39
233
43
58
-115
-203
43
-204
97
236
-300
-10
86
112
164
29
-67
188
-164
262
100
-208
120
109
-71
253
-54
-72
-293
-208
150
211
27
49
-73
115
274
-89
-79
218
66
14
86
11
142
143
-34
-253
-234
-122
-111
-91
199
129
73
275
-139
-69
355
18
27
-149
-279
277
-413
70
-174
-207
131
-119
109
-427
64
-136
-446
42
-24
108
131
-13
-256
42
-217
-159
236
103
258
-59
-149
-298
-58
330
84
-39
-10
-37
4
-103
465
3
24
-367
60
137
223
-86
-189
-201
-299
-365
0
-231
-8
-167
-92
-131
-54
327
-125
131
185
191
-90
-273
311
-98
-124
241
143
119
-12
91
-14
197
101
-319
233
-6
-60
-255
180
-3
89
186
-8
32
169
194
-297
113
-235
-181
174
-138
-57
-122
276
-67
-126
170
-57
137
90
61
38
-369
82
-224
13
102
-210
-360
308
-121
168
194
-82
27
377
-7
165
220
-165
358
-5
182
77
58
-311
-103
-376
-134
-96
92
-390
6
127
116
-75
126
-435
353
-106
264
-116
139
-5
182
-151
251
110
-7
19
283
269
61
-108
-30
-299
195
-158
149
-143
0
175
202
289
364
237
-18
88
-196
-2
-54
-65
86
332
13
82
-71
108
-25
317
139
319
82
-79
-160
19
-130
-131
89
42
118
-48
-71
200
136
-97
98
160
2
-117
-231
105
-148
-147
-12
-86
19
-105
37
-215
95
151
-14
-12
339
45
39
-66
44
-79
92
24
-174
-30
-198
-81
112
-219
128
-456
98
36
119
-13
212
-171
-167
-86
-8
73
-468
12
231
26
-26
-243
145
-125
270
-65
-134
-40
83
-59
199
-68
93
68
227
-102
93
-170
82
81
-157
6
44
-240
-14
339
-287
-306
-25
306
-1
-55
-127
-83
76
243
148
-163
-281
-186
56
119
226
114
237
-150
25
-181
128
-130
143
360
-99
57
217
-54
-142
-172
-230
11
-93
-117
40
-113
13
4
160
11
461
-165
-9
123
96
47
-44
37
7
-67
294
181
-65
-117
287
-71
-216
-146
-113
177
191
-216
150
-238
257
183
44
215
50
-181
270
-32
180
175
188
44
95
319
104
17
-100
-126
88
282
5
18
110
-189
-280
-216
-231
-98
218
333
-136
-4
68
-163
-121
-34
160
-179
348
-174
101
-186
-227
-146
-146
107
-330
-23
-184
-410
47
-285
118
156
78
-329
127
-69
-77
-146
102
176
102
386
112
-356
-52
-171
79
14
-109
136
-91
31
-67
165
-96
-110
-52
282
88
107
-239
38
-230
-65
-383
33
235
-132
-110
433
84
-43
-107
73
293
113
-175
6
47
95
-31
52
-12
53
60
147
-208
-4
314
-209
-316
103
77
-44
-99
-303
11
143
169
-33
-209
185
97
162
204
73
260
-41
44
-19
-52
17
-103
-7
-27
141
146
164
-110
104
-170
-247
-14
-202
-179
145
1
48
-142
5
208
34
92
-9
69
250
268
-123
33
168
-133
-79
65
3
-98
-292
-101
10
259
-128
169
-158
-116
-4
82
53
11
-149
169
-13
-139
51
107
96
254
262
50
-32
-103
-136
117
106
-189
100
30
-125
-221
226
-155
113
-142
-20
-8
159
-6
-130
168
-94
-150
-147
-104
-169
98
106
-214
394
306
30
-19
-146
101
76
-84
-98
158
164
-231
101
-156
-144
11
130
-47
89
-178
9
266
253
228
-205
56
-103
-115
220
-138
-61
3
134
-122
-43
-3
-76
-125
199
74
3
-143
-214
-45
67
-14
-2
-14
-4
-57
257
-108
-25
173
-128
99
87
156
-216
146
178
-31
-57
-90
378
-25
99
119
191
27
65
-94
115
-40
158
274
-206
44
183
-27
-146
111
-86
213
35
17
-19
-39
60
171
-32
-191
-152
283
-130
-74
-57
-71
-82
11
251
152
155
-48
60
234
-115
-255
343
219
95
81
-21
-35
-29
355
-39
128
-198
-267
201
-167
37
56
116
14
-7
30
-90
-30
-280
45
12
183
22
-253
-227
95
14
66
335
227
192
15
-104
-128
-22
-7
204
53
38
-184
-92
74
37
-219
305
-66
-27
-77
-68
33
12
-199
269
-209
273
-145
14
197
62
-413
-174
-167
-286
76
57
120
-52
122
-20
-118
24
-191
1
185
8
-35
-274
189
65
43
19
-417
127
67
-120
236
442
-196
142
-29
484
23
-58
-58
-22
107
235
-162
-413
-426
-15
48
-34
-317
-85
-159
-1
-21
199
158
-106
-242
199
188
70
-127
143
-98
-104
-100
25
7
-118
-107
-2
182
-387
-218
-120
-203
-38
-48
103
-43
-26
274
-217
-90
186
108
-269
-172
47
243
128
98
-123
77
53
-41
151
-8
21
-129
231
-95
7
-322
-86
-285
-20
10
35
-74
58
10
237
190
-51
1
-154
26
203
319
-322
-97
62
-48
58
233
-457
-191
269
-362
193
-135
7
159
-56
-42
141
53
-256
28
-171
288
61
65
181
-29
-46
-292
-9
-319
268
-48
-110
215
-72
-92
-40
-220
84
-97
-115
-80
81
-47
-55
-8
-21
407
14
11
118
-4
167
71
-56
-28
249
-329
-39
315
-92
-392
-56
-399
-180
-289
-138
138
270
276
155
13
-255
162
-26
8
160
-178
-103
-68
-51
149
101
-5
-219
22
-192
2
-66
-176
-55
-40
84
294
-264
210
-1
46
-88
-69
38
116
-28
-111
-134
-405
172
-6
119
9
424
-175
-151
-86
15
-23
13
44
228
192
-239
448
-212
-87
-191
102
-171
-74
107
58
-119
-16
78
-63
1
81
104
-86
-336
75
92
-247
87
-103
55
3
-57
42
-89
70
-132
-55
108
-40
152
-119
-198
-52
5
-179
-166
116
-39
154
-129
84
-72
-55
-174
44
-148
34
-177
-137
-129
-117
-154
147
-101
-162
12
-63
177
116
-168
-41
-89
-112
105
-7
-147
-158
-180
2
-104
67
-131
-72
-54
-90
-28
109
106
99
-161
-13
79
-78
69
100
-23
-32
-151
-15
-83
-19
-91
-148
101
-184
93
169
-85
11
-144
-34
124
-14
-13
54
-134
-101
-99
106
-28
-145
-75
-73
52
83
-192
-25
-137
96
-145
74
134
-83
26
143
-184
23
-53
154
-196
20
-61
-27
107
-34
28
19
-88
152
181
158
-292
71
-100
0
88
52
-20
196
52
130
-141
104
27
-186
57
-154
-60
-227
233
-18
36
57
96
-303
-177
95
239
-19
239
174
285
167
-160
146
17
-130
132
-199
136
152
-108
15
288
345
255
153
-43
56
129
10
109
-62
-83
-58
26
254
94
-281
-51
100
-152
180
-92
-88
-136
-71
-110
84
-10
-25
183
-59
154
78
-6
138
-126
11
-155
-167
-2
104
83
-30
-279
-1
172
102
-119
193
-48
55
-133
221
194
-802
317
165
124
285
-143
127
75
338
-139
3
-35
-124
267
-38
-71
-66
150
128
66
181
-67
304
-161
-186
409
-186
345
-121
-96
25
222
145
29
-26
91
127
-89
137
-248
-118
123
297
109
2
-151
-72
-41
316
292
71
5
-63
0
156
-101
103
-99
69
17
-24
-26
228
112
-197
39
225
-300
91
-22
-35
-68
134
-214
216
66
28
-132
7
133
120
-58
11
203
104
-11
-103
353
271
152
-68
-219
263
105
30
-39
-92
299
16
84
177
170
-3
112
-38
134
-15
86
-117
528
105
173
-101
40
-77
-70
22
72
87
-156
407
276
-73
-8
-199
-124
-115
131
-233
-3
-87
180
-30
34
-273
56
-29
-82
306
16
93
13
311
197
-137
54
-82
164
35
125
75
-24
-211
53
123
-12
-62
-98
50
-78
-114
71
253
61
266
3
43
40
220
-4
-99
254
-21
204
250
-300
140
158
155
-28
-88
239
-98
-124
-119
86
235
-466
-198
172
265
115
-242
269
228
26
7
-100
-66
104
-116
111
333
-59
94
-26
-124
34
120
262
-176
157
-112
258
-152
18
128
-53
88
-51
-10
324
-164
57
-487
-94
-23
13
-162
-277
167
143
-72
-31
53
307
-36
64
87
283
-17
8
41
164
-87
-136
155
144
-177
-34
84
-354
54
0
47
103
64
-84
-95
-45
-65
219
-157
200
11
-278
-101
113
324
92
88
-262
167
-31
-9
10
-89
-118
-79
126
222
48
137
125
-180
-191
-281
-38
-52
-68
43
111
169
12
-10
-70
24
74
-71
-100
-74
-238
-244
143
31
148
262
55
-305
-72
-2
-30
-248
103
161
124
-2
113
146
-156
220
58
57
10
-123
-132
197
-27
-73
-113
228
8
-323
121
-102
-111
14
6
-27
100
111
100
-9
68
-59
-130
-150
-3
-53
54
-106
-200
-58
128
0
159
90
-292
124
124
-39
-159
306
79
213
97
-25
-324
74
-48
-1
-88
-134
212
108
101
-84
90
192
-205
164
-195
-114
-219
110
14
174
99
-162
39
178
-71
13
141
-16
-46
35
-103
84
117
220
250
-3
-35
116
19
167
-130
-119
95
89
-65
96
-118
-250
197
-153
22
-19
143
118
112
-137
-147
-236
-116
-224
207
92
-237
-174
237
81
58
52
111
-215
93
95
-150
-84
47
78
-72
73
249
61
-143
-80
180
73
197
-53
5
195
-29
-43
-38
-151
129
129
-166
-155
80
-62
-26
66
93
-99
-64
-156
-23
-65
-144
275
158
144
305
76
-166
-229
-55
-35
150
-12
-23
-19
112
40
54
154
283
-65
291
319
23
-161
92
-65
103
-276
11
-124
-24
-190
-200
307
2
33
115
-209
-136
-115
95
164
-171
112
-33
165
107
150
-306
-9
-196
314
235
-232
-87
190
92
104
113
154
-240
45
-100
125
-70
122
66
-26
211
-38
131
-241
-48
29
-58
-65
-262
242
-3
228
-69
102
125
120
8
-132
62
-166
99
-139
179
-53
-31
80
33
-177
253
88
-26
-163
-3
58
114
-17
67
-78
163
39
-67
-75
73
-77
-149
169
-275
282
-175
1
181
127
165
-14
-162
-12
-204
44
-225
272
-144
-125
130
-226
186
181
-250
28
-113
-45
-108
-129
-41
229
4
104
308
135
165
-157
120
-139
-101
61
9
-61
7
10
-210
70
97
-43
-19
-168
-56
-199
-31
-151
-27
-143
92
-33
-235
-146
-115
122
156
18
6
192
-143
-79
-37
79
-127
145
-41
-147
5
199
-29
95
-92
-84
-59
-84
43
-140
-165
102
-206
22
-1
-154
132
-133
89
7
-110
-275
44
-195
-63
36
-203
-146
-176
128
-53
82
49
33
-87
-214
-90
64
-38
58
-162
-92
30
72
92
-121
-150
161
-31
126
-39
113
137
-24
170
135
142
124
-76
-183
31
-10
-40
-118
-204
-114
-89
-95
48
-34
91
-132
-282
-88
-72
143
188
190
151
-198
-21
-152
-220
-54
161
42
-214
44
-31
44
47
148
91
-20
-98
-6
-74
-143
9
177
-108
138
-238
-136
233
-204
-137
-26
103
-374
-212
-83
52
111
-149
94
-62
235
-56
-266
-150
-83
-161
45
143
315
-23
319
341
121
21
51
76
-123
268
-27
127
-49
136
194
-47
180
-136
131
-27
-104
95
216
-76
-209
-108
8
16
-60
14
106
-7
-126
-58
-49
-81
-41
-72
101
-166
241
-23
-16
96
-3
-239
-116
13
-158
-139
115
-47
-37
168
-148
-2
197
101
-18
-122
-73
109
158
-390
376
-8
-45
23
12
56
3
73
-64
-64
-20
-30
289
-304
