-27
-36
-108
289
10
146
-177
216
22
-280
58
182
49
-261
136
-376
-22
-35
-508
175
170
-368
-127
-28
227
87
176
-276
33
-299
262
129
-356
-94
14
173
309
-320
-319
261
213
110
87
13
27
-307
8
-221
-84
162
-543
-73
232
-246
217
145
-158
-94
-119
-354
-367
-117
305
148
-102
-169
-307
-315
104
-173
-181
292
-217
-379
55
-108
-295
57
-141
-67
221
67
-46
-165
-18
143
-106
-76
378
-244
129
89
-309
201
-206
347
24
-196
-127
24
-8
-102
214
-350
239
162
-151
263
-198
-10
-29
-74
331
-246
-101
-153
201
-33
250
-153
157
75
236
108
-292
136
-322
-275
-358
146
30
249
-276
-294
-37
-320
-332
-123
-39
185
-263
0
107
186
287
217
-349
295
-63
-70
214
-90
-268
-106
-339
95
238
-91
-310
35
-409
278
-72
-313
-243
-313
-125
486
-19
99
177
110
-238
191
99
-323
127
59
-142
383
-147
-408
213
95
101
-84
302
-298
162
-349
126
-88
285
202
-471
-19
-194
359
236
132
90
-11
329
-242
-94
-279
-160
106
-206
-83
222
-138
85
-75
259
141
291
92
187
108
-58
92
-346
-361
-16
-101
-517
322
-612
-343
-256
81
-201
-189
-166
-213
233
-37
-423
-175
67
-304
93
-41
117
199
-209
-156
-251
-261
30
-63
19
-106
-14
-48
89
-47
-194
-12
-197
-31
130
-570
13
120
-309
365
99
11
344
123
-216
130
-196
-230
-88
192
-212
-321
-295
-64
-263
82
3
-60
158
159
-157
-61
252
-206
173
-153
-250
-84
-94
-57
-48
214
-251
204
52
-86
150
-223
-391
45
2
-292
104
-12
335
-330
253
12
361
139
-340
227
328
-452
153
277
255
-273
264
186
241
-413
-17
57
140
-34
-172
134
153
88
97
29
-146
268
-302
-310
-286
169
-362
-71
-18
215
-335
-53
-356
-173
-232
190
377
115
157
113
26
-434
-93
279
291
339
-86
-206
-20
120
96
-57
226
-262
178
-380
-80
-187
138
-35
-248
-61
-284
-266
-363
70
-11
308
-25
178
271
-188
226
108
-561
-332
-110
11
-125
-265
-62
52
141
330
-97
252
-31
-492
110
281
108
98
3
205
-184
-333
128
-99
-1
-27
162
-338
-213
141
59
-353
-347
159
-295
-344
-3
122
161
23
104
-222
-437
-42
312
207
-169
196
146
-122
-59
-43
125
84
-271
213
40
24
78
-106
-208
122
-132
65
54
311
60
128
-144
154
201
121
97
118
73
92
154
108
-149
-242
67
-204
-39
361
-115
-237
256
232
46
-338
380
-107
10
49
-388
296
283
-140
-556
-255
372
-199
95
-293
-334
341
-125
-93
-43
151
-171
44
-186
-230
-195
-281
-138
186
262
-322
125
106
-116
-70
-174
-508
174
225
-91
-96
9
-72
51
249
-77
-541
248
-234
-181
176
-258
103
-52
-221
72
-124
158
-157
-136
-197
-226
137
337
274
220
-7
88
-181
199
-271
124
-53
122
381
102
-8
-167
-282
68
133
-340
-228
-139
58
140
-194
-224
-205
82
263
440
94
-4
-210
-152
-32
-52
-467
-438
-217
100
336
110
-143
-8
274
-152
173
-267
33
178
-337
-75
380
65
-165
28
-159
-87
-226
351
152
-40
62
-143
336
120
-489
180
228
416
2
52
-421
108
-55
-144
126
-80
-97
-630
6
154
-97
61
-121
-407
-341
168
-102
-132
-67
-161
134
-128
-141
-283
79
77
-35
-401
236
600
235
-334
153
-238
-81
152
-50
-345
117
92
-275
-6
-80
102
408
-97
-77
270
140
53
-269
-256
-225
-36
-142
-33
228
-112
-309
-95
44
107
-168
299
-405
147
-216
-200
3
26
-77
-392
187
-57
208
182
235
-133
-228
-213
-141
-395
367
-55
-163
-299
62
225
-163
-42
61
-234
61
-126
-438
-183
-18
-226
80
-72
304
295
239
340
165
-397
-79
-108
-143
-290
-135
318
-260
205
-110
-115
43
311
-209
-168
44
-63
-507
240
117
74
47
131
-348
-17
82
220
-256
231
-138
245
-144
-179
-147
172
-154
1
-272
-292
256
224
89
142
-90
73
-162
-18
110
-162
-152
-233
66
-240
247
-363
58
196
-205
-41
-2
-294
-107
-52
273
10
-164
-15
94
-428
-177
-130
275
-306
15
-46
-3
-107
47
-44
-276
-58
81
-321
224
318
233
-2
-242
257
186
368
-235
-650
-209
67
47
104
-455
-248
-204
403
362
14
-30
-77
12
87
-27
-388
-227
-127
137
237
96
-430
256
88
41
