-65
-83
-77
-64
-52
-37
-41
-60
-64
-54
-33
-27
-16
25
2
-51
-32
-26
-13
-13
13
53
-11
-55
-52
-53
-44
-27
20
18
-67
-54
-50
-56
-56
-27
12
-44
-77
-19
6
6
14
48
23
-60
-45
8
7
18
50
48
-33
-58
-10
17
2
31
77
11
-70
-31
18
15
108
123
126
113
94
96
93
72
67
101
114
110
111
118
104
92
-92
-85
-77
-68
-30
21
27
66
-87
-108
-118
-109
-73
-40
-9
24
-22
-30
-40
-32
-16
-18
16
-12
-2
-8
2
16
9
16
7
-44
-4
-7
12
28
20
26
-24
-52
-1
4
18
9
25
3
-43
-28
-37
-78
-110
-128
-127
-122
-128
-125
129
143
144
128
78
21
-31
-59
80
110
128
123
89
42
-5
-25
-52
-58
-59
-70
-59
-66
-87
-53
-61
-83
-108
-131
-136
-138
-112
-47
-3
-10
-36
-61
-83
-95
-57
-7
-3
-17
-37
-61
-81
-62
-18
9
-15
-39
-48
-71
-91
-37
11
11
9
-16
-32
-30
-33
-35
-26
-8
-22
-36
-27
-23
-24
0
36
20
-62
-96
-97
-97
-90
-15
36
-34
-96
-140
-169
-184
-139
-25
-24
-134
-74
-110
-150
-164
-76
5
-90
-153
-2
-20
-43
5
101
57
-107
-103
-11
-31
-17
76
112
-34
-114
-64
-23
-34
36
113
32
-107
-84
-32
7
3
-6
-13
-13
-4
-3
0
-10
2
11
1
-12
6
22
31
-31
-8
4
1
6
45
82
65
-16
-25
-34
-38
-15
27
54
31
13
0
-15
-20
-4
31
32
26
-6
-12
-19
-10
26
51
36
32
-11
-21
-12
8
46
48
35
30
-15
-20
-2
30
44
35
36
23
-17
11
24
7
0
8
9
-5
43
54
40
30
28
16
-5
2
74
53
31
32
20
-26
-33
29
24
12
5
-9
-49
-64
-1
66
-17
-17
-22
-45
-64
2
93
59
-7
-13
-26
-54
-40
59
95
-1
-9
-21
-49
-58
19
102
42
-39
-16
-37
-63
-16
86
87
-13
-40
2
-9
-5
4
5
9
17
28
-28
-48
-40
-42
-39
-17
3
-2
-18
-20
-24
-34
-16
35
36
-33
3
3
-9
-2
75
111
18
-48
-3
-15
-22
30
114
76
-40
-49
-6
-14
4
100
140
15
-46
-7
-13
-10
61
141
75
-45
-35
5
-15
24
115
120
-5
-52
-9
9
110
121
97
72
59
44
5
-36
23
69
93
95
93
86
67
29
-40
-27
-6
16
18
29
38
33
-39
-53
-55
-51
-44
-38
-27
-10
-17
-26
-34
-48
-50
-47
-43
-28
1
2
-5
-7
-16
-23
-25
-18
0
-1
-7
-11
-16
-21
-23
-7
2
2
4
-4
-31
-34
-12
2
-31
-25
-10
-6
-13
-26
-35
-25
-72
-42
-13
-3
3
-2
-33
-29
-64
-50
-39
-25
7
-7
-64
-24
-11
-17
-24
-13
15
-60
-107
-5
15
22
26
42
22
-77
-56
59
5
14
27
33
-44
-88
19
93
12
21
30
-10
-87
-34
80
74
21
34
12
-77
-83
43
93
37
-18
-17
-19
-21
-20
-7
3
-1
-39
-55
-72
-77
-61
-34
-6
6
-12
-37
-61
-58
-41
-35
-19
6
-17
-26
-31
-19
-8
5
25
41
-18
-21
-15
-3
7
33
59
25
0
2
16
21
37
63
62
-10
2
12
25
36
53
70
19
-40
9
19
31
64
83
54
-26
-44
-50
-92
-88
-75
-79
-83
-72
-70
-172
-151
-113
-106
-101
-82
-65
-90
-198
-154
-117
-97
-60
-29
-93
-120
-98
-82
-64
-26
-18
-90
-198
-114
-6
9
33
50
0
-176
-210
-15
9
29
61
36
-101
-240
-147
45
21
50
58
-20
-208
-223
-19
71
41
61
17
-153
-259
-105
67
60
88
127
142
130
115
119
93
63
-38
-23
2
9
31
51
57
51
-46
-75
-94
-79
-28
-17
-8
17
16
-14
-44
-29
-3
-9
-30
-24
10
-6
0
18
12
-18
-25
-31
-10
-8
28
36
15
-1
-9
7
-13
6
30
24
-1
-4
-2
2
0
34
33
9
-4
-18
-1
-3
-34
-15
-26
-36
-45
-71
-67
7
-15
-11
-16
-15
-40
-98
-56
75
26
19
15
2
-58
-112
-3
129
48
47
45
17
-50
-35
113
138
9
1
-21
-81
-111
-5
119
70
2
-7
-50
-101
-44
112
122
32
0
-33
-96
-87
52
141
67
-4
-6
-62
-117
-23
138
119
18
-13
-1
33
37
21
6
23
60
44
-115
-66
-46
-53
-66
-1
92
70
-160
-137
-113
-115
-119
-36
71
83
-107
-115
-109
-124
-121
-42
38
71
-44
-65
-92
-125
-97
-47
1
19
-4
-20
-45
-59
-27
-4
21
19
-13
-40
-47
-29
-20
5
19
13
-29
-59
-39
-3
6
6
8
5
11
28
14
0
-14
-24
-26
-10
32
14
-5
-16
-41
-60
-45
0
16
-2
-20
-64
-116
-91
-25
27
11
24
1
-51
-49
44
101
52
-5
-14
-57
-85
9
100
87
18
-10
-47
-94
-60
53
96
44
-10
-32
-81
-94
8
101
63
8
-10
-57
-100
-37
67
84
14
-26
-8
89
120
123
109
96
99
70
26
42
50
67
76
88
97
66
40
-3
-15
-42
-56
-37
-18
-17
-22
18
21
4
4
23
26
9
-6
0
-9
-6
11
9
-2
-13
-5
-9
-15
-5
-5
-12
-12
-2
2
-16
-11
-3
-11
-10
-4
1
-2
-16
-2
2
-10
-21
-16
-5
-7
