0
0
0
0
0
0
0
0
0
0
0
0
0
0
0
0
0
0
0
0
0
0
0
0
0
0
0
0
0
0
0
0
0
0
0
0
0
0
0
0
0
0
0
0
0
0
0
0
0
0
0
0
0
0
0
0
0
0
0
0
0
0
0
0
0
0
0
0
0
0
0
0
0
0
0
0
0
1
4
6
5
4
2
1
0
0
0
0
0
0
0
0
0
0
0
0
0
0
-1
-2
-3
-5
-2
-3
0
2
6
6
7
7
7
7
7
7
7
6
4
1
0
0
0
0
-3
-9
-18
-26
-38
-39
-34
-27
-17
-12
-8
-8
-7
-7
-7
-7
-5
-1
1
2
0
0
0
0
-3
-8
-13
-22
-40
-46
-49
-53
-54
-54
-51
-51
-51
-51
-50
-46
-39
-26
-15
-5
0
0
0
0
4
10
16
22
19
13
4
-9
-22
-31
-35
-33
-36
-37
-38
-39
-35
-32
-25
-11
0
0
0
0
6
14
21
34
44
46
47
46
44
38
35
36
33
28
21
14
7
-11
-15
-6
0
0
0
0
1
4
6
10
15
19
24
29
36
40
40
41
37
33
28
25
14
2
1
3
0
0
0
0
0
0
0
0
0
0
2
2
4
7
7
6
2
1
5
2
-3
0
6
3
0
0
0
0
0
0
0
0
0
0
0
0
0
0
0
-4
-7
-5
-2
-6
-6
1
5
1
0
0
0
0
0
0
0
0
0
0
0
0
0
0
-2
-7
-6
-1
-1
-3
3
7
2
0
0
0
0
0
0
0
0
0
0
0
0
0
0
0
-3
-4
-1
4
1
0
8
10
2
0
0
0
0
0
0
0
0
0
0
0
0
0
0
-1
-3
-2
5
5
0
2
7
2
0
0
0
0
0
0
0
0
0
0
0
0
0
0
0
-5
-6
-3
2
-2
-2
4
6
0
0
0
0
0
0
0
0
0
0
0
0
0
0
0
-3
-7
-8
0
-6
-6
0
6
2
0
0
0
0
0
0
0
0
0
0
0
0
0
0
-2
-7
-10
-5
-4
-7
-3
6
6
0
0
0
0
0
0
0
0
0
0
0
0
0
0
0
-6
-8
-6
0
-7
-4
5
8
2
0
0
0
0
0
0
0
0
0
0
0
0
0
0
-3
-6
-6
1
1
-2
6
11
6
0
0
0
0
0
0
0
0
0
0
0
0
0
0
-2
-7
-8
-2
1
0
7
12
8
1
0
0
0
0
0
0
0
0
0
0
0
0
0
0
-4
-8
-8
-4
-9
-6
2
8
3
0
0
0
0
0
0
0
0
0
0
0
0
0
0
-2
-6
-7
-7
-9
-12
-8
-11
-1
0
0
0
0
0
0
0
0
0
0
0
0
0
0
0
-2
-3
-2
-2
-10
-11
-6
-4
-1
0
0
0
0
0
0
0
0
0
0
0
0
0
0
0
0
0
0
0
0
0
0
0
0
0
0
0
0
0
0
0
0
0
0
0
0
0
0
0
0
0
0
0
0
0
0
0
0
0
0
0
0
0
0
0
0
0
0
0
0
0
0
0
0
0
0
0
0
0
0
0
0
0
0
0
0
0
0
0
0
0
0
0
-2
-9
-18
-25
-24
-16
-10
-3
-1
1
0
0
0
0
0
0
0
0
0
0
0
0
0
0
-9
-28
-47
-61
-56
-47
-41
-34
-31
-29
-31
-31
-31
-31
-30
-26
-17
-7
0
1
0
0
0
0
-10
-27
-38
-47
-42
-42
-50
-54
-58
-58
-60
-62
-60
-60
-59
-51
-36
-16
0
3
0
0
0
0
-1
0
5
5
9
4
-10
-18
-25
-28
-29
-33
-30
-33
-42
-45
-36
-11
5
6
0
0
0
0
9
28
41
51
57
50
39
32
30
27
28
26
27
13
-9
-19
-15
8
18
8
0
0
0
0
11
26
39
50
53
58
59
61
61
63
66
64
56
33
14
11
17
28
22
6
0
0
0
0
3
7
10
15
18
22
32
38
41
44
45
42
22
1
5
17
29
37
19
2
0
0
0
0
0
0
0
0
0
1
3
4
7
8
6
-4
-28
-29
-6
22
41
33
10
-1
0
0
0
0
0
0
0
0
0
0
0
0
0
0
-5
-25
-37
-19
10
34
44
22
2
0
0
0
0
0
0
0
0
0
0
0
0
0
0
0
-11
-29
-25
0
29
46
33
9
0
0
0
0
0
0
0
0
0
0
0
0
0
0
0
-3
-20
-30
-12
15
39
46
22
1
-1
0
0
0
0
0
0
0
0
0
0
0
0
0
-2
-14
-32
-27
1
26
42
31
6
-1
0
0
0
0
0
0
0
0
0
0
0
0
0
0
-9
-31
-41
-20
14
34
40
18
0
0
0
0
0
0
0
0
0
0
0
0
0
0
0
-5
-26
-46
-37
0
28
42
29
6
-1
0
0
0
0
0
0
0
0
0
0
0
0
0
-1
-16
-39
-41
-15
25
43
40
17
-1
0
0
0
0
0
0
0
0
0
0
0
0
0
-1
-9
-31
-43
-19
17
45
47
25
5
-1
0
0
0
0
0
0
0
0
0
0
0
0
0
-4
-23
-42
-31
2
35
53
35
12
-1
0
0
0
0
0
0
0
0
0
0
0
0
0
-2
-14
-37
-43
-21
15
37
42
20
1
0
0
0
0
0
0
0
0
0
0
0
0
0
0
-5
-24
-39
-36
-14
16
33
31
6
-1
0
0
0
0
0
0
0
0
0
0
0
0
0
0
-8
-24
-26
-15
8
33
33
20
2
0
0
0
0
0
0
0
0
0
0
0
0
0
0
0
-3
-2
12
33
48
48
33
13
2
0
0
0
0
0
0
0
0
0
0
0
0
0
0
0
0
0
0
0
0
0
0
0
0
0
0
0
0
0
0
0
0
0
0
0
0
0
0
0
0
0
0
0
0
0
0
0
0
0
0
0
0
0
0
0
0
0
0
0
0
0
0
0
0
0
0
0
0
0
0
0
0
0
0
0
0
0
0
0
0
0
0
0
-1
-3
-6
-5
2
6
7
5
3
1
0
0
0
0
0
0
0
0
0
0
0
0
0
0
0
1
3
14
21
18
14
10
7
4
3
3
3
3
3
5
8
10
6
2
0
0
0
0
7
19
33
46
51
46
37
33
30
31
29
29
30
30
29
25
23
21
14
4
0
0
0
0
7
22
36
44
53
54
56
56
58
60
59
59
61
59
55
45
40
36
21
5
0
0
0
0
2
10
14
19
23
31
37
41
42
45
46
47
45
46
49
51
52
41
18
4
0
0
0
0
1
1
1
3
9
10
15
17
18
19
20
19
18
25
39
55
55
37
15
3
0
0
0
0
0
0
0
0
2
3
2
4
5
8
7
7
12
23
44
55
50
30
13
3
0
0
0
0
0
0
0
0
0
0
0
0
0
1
1
1
11
32
53
53
36
20
7
2
0
0
0
0
0
0
0
0
0
0
0
0
0
0
0
6
20
43
53
45
24
13
5
0
0
0
0
0
0
0
0
0
0
0
0
0
0
0
2
13
31
47
49
32
18
6
1
0
0
0
0
0
0
0
0
0
0
0
0
0
0
-1
4
18
38
48
41
22
11
5
1
0
0
0
0
0
0
0
0
0
0
0
0
0
-1
-1
9
29
47
47
30
17
6
1
0
0
0
0
0
0
0
0
0
0
0
0
0
0
-1
5
19
44
51
40
22
11
4
0
0
0
0
0
0
0
0
0
0
0
0
0
0
-2
2
13
40
56
48
28
15
6
1
0
0
0
0
0
0
0
0
0
0
0
0
0
0
2
12
31
54
55
37
18
10
4
0
0
0
0
0
0
0
0
0
0
0
0
0
0
-2
6
23
49
57
45
22
13
5
1
0
0
0
0
0
0
0
0
0
0
0
0
0
-1
3
14
38
53
49
29
17
7
4
0
0
0
0
0
0
0
0
0
0
0
0
0
-1
0
10
28
49
50
43
27
11
4
1
0
0
0
0
0
0
0
0
0
0
0
0
0
0
7
20
44
57
52
39
24
8
2
0
0
0
0
0
0
0
0
0
0
0
0
0
0
3
14
32
53
64
57
35
15
4
0
0
0
0
0
0
0
0
0
0
0
0
0
0
0
6
23
43
51
49
34
20
11
2
0
0
0
0
0
0
0
0
0
0
0
0
0
0
0
0
0
0
0
0
0
0
0
0
0
0
0
0
0
0
0
0
0
0
0
0
0
0
0
0
0
0
0
0
0
0
0
0
0
0
0
0
0
0
0
0
0
0
0
0
0
0
0
0
0
0
0
0
0
0
0
0
0
0
0
0
0
0
0
0
0
0
0
1
2
3
5
0
-3
-4
-4
-2
-1
0
0
0
0
0
0
0
0
0
0
0
0
0
0
4
1
4
5
-2
0
-1
0
-2
-2
-1
-1
-1
-1
-2
-3
-4
-6
-6
-2
0
0
0
0
-3
-11
-5
4
11
9
9
4
3
-1
-2
-1
-2
-2
-2
-3
-2
-3
-6
-4
0
0
0
0
-14
-17
1
12
8
5
5
2
4
2
4
5
3
7
6
13
17
3
-6
-2
0
0
0
0
-9
-3
10
11
1
-2
-1
3
3
2
3
4
7
8
4
14
17
2
-6
-2
0
0
0
0
2
2
11
7
6
5
5
10
7
5
5
9
13
-2
-6
14
22
2
-6
-4
0
0
0
0
1
2
2
3
3
5
5
9
8
7
9
11
8
-12
1
30
24
-3
-9
-1
0
0
0
0
0
0
0
0
0
0
1
0
2
1
3
4
-12
-12
16
33
7
-5
-3
1
0
0
0
0
0
0
0
0
0
0
0
0
0
0
2
-5
-18
0
30
23
1
-7
-1
0
0
0
0
0
0
0
0
0
0
0
0
0
0
0
1
-16
-10
21
33
8
-7
-5
0
0
0
0
0
0
0
0
0
0
0
0
0
0
0
2
-6
-16
4
34
18
-3
-7
0
0
0
0
0
0
0
0
0
0
0
0
0
0
0
1
3
-13
-11
18
29
5
-7
-3
0
0
0
0
0
0
0
0
0
0
0
0
0
0
0
4
-5
-16
1
30
19
-3
-7
0
0
0
0
0
0
0
0
0
0
0
0
0
0
0
3
-1
-15
-8
17
30
5
-7
-3
0
0
0
0
0
0
0
0
0
0
0
0
0
0
1
3
-14
-15
10
33
15
-1
-7
0
0
0
0
0
0
0
0
0
0
0
0
0
0
1
3
-8
-18
4
26
25
5
-7
-2
0
0
0
0
0
0
0
0
0
0
0
0
0
0
2
1
-18
-7
19
34
6
-6
-5
1
0
0
0
0
0
0
0
0
0
0
0
0
0
1
2
-11
-11
10
37
15
-8
-8
0
0
0
0
0
0
0
0
0
0
0
0
0
0
0
2
-5
-18
2
27
29
1
-10
-2
1
0
0
0
0
0
0
0
0
0
0
0
0
0
0
-1
-14
-9
10
33
18
-1
-4
0
0
0
0
0
0
0
0
0
0
0
0
0
0
0
0
-8
-17
-4
15
32
23
3
-6
-1
0
0
0
0
0
0
0
0
0
0
0
0
0
0
0
0
0
0
0
0
0
0
0
0
0
0
0
0
0
0
0
0
0
0
0
0
0
0
0
0
0
0
0
0
0
0
0
0
0
0
0
0
0
0
0
0
0
0
0
0
0
0
0
0
0
0
0
0
0
0
0
0
0
0
0
0
0
0
0
0
0
0
0
2
7
9
9
10
6
5
2
1
0
0
0
0
0
0
0
0
0
0
0
0
0
0
0
4
14
20
30
36
36
29
24
19
16
15
15
15
15
14
10
6
4
2
0
0
0
0
0
-2
10
25
35
45
47
46
44
42
44
41
42
41
41
43
40
29
18
11
2
0
0
0
0
0
9
30
32
29
27
28
33
33
40
41
42
42
44
52
48
41
26
14
5
0
0
0
0
5
19
34
33
26
23
22
24
24
25
30
29
33
34
44
47
37
24
7
3
0
0
0
0
5
15
21
22
19
22
26
28
27
25
28
29
32
38
45
58
42
14
-1
-2
0
0
0
0
1
4
5
5
6
8
13
16
15
15
16
19
21
34
58
65
42
7
-5
-3
0
0
0
0
0
0
0
0
0
0
2
2
2
3
4
9
17
35
66
63
27
2
-4
-2
0
0
0
0
0
0
0
0
0
0
0
0
0
0
2
9
26
56
67
46
10
-5
-4
0
0
0
0
0
0
0
0
0
0
0
0
0
0
0
3
16
39
66
61
25
0
-7
-2
0
0
0
0
0
0
0
0
0
0
0
0
0
0
3
8
25
56
64
42
7
-4
-4
-1
0
0
0
0
0
0
0
0
0
0
0
0
0
2
6
17
38
66
57
20
-1
-6
-1
0
0
0
0
0
0
0
0
0
0
0
0
0
0
4
12
26
57
65
41
5
-5
-3
0
0
0
0
0
0
0
0
0
0
0
0
0
0
4
9
19
45
67
57
19
-1
-6
-1
0
0
0
0
0
0
0
0
0
0
0
0
0
1
4
18
35
64
68
35
3
-6
-3
0
0
0
0
0
0
0
0
0
0
0
0
0
1
5
10
24
58
68
49
13
-5
-5
-1
0
0
0
0
0
0
0
0
0
0
0
0
0
3
8
22
49
70
60
24
-2
-6
-3
0
0
0
0
0
0
0
0
0
0
0
0
0
1
5
15
37
73
70
42
8
-4
-4
0
0
0
0
0
0
0
0
0
0
0
0
0
0
2
9
27
59
81
61
24
5
-3
-1
0
0
0
0
0
0
0
0
0
0
0
0
0
0
1
13
42
69
72
50
10
0
-1
0
0
0
0
0
0
0
0
0
0
0
0
0
0
0
-1
10
43
66
55
27
1
-7
-2
0
0
0
0
0
0
0
0
0
0
0
0
0
0
0
0
0
0
0
0
0
0
0
0
0
0
0
0
0
0
0
0
0
0
0
0
0
0
0
0
0
0
0
0
0
0
0
0
0
0
0
0
0
0
0
0
0
0
0
0
0
0
0
0
0
0
0
0
0
0
0
0
0
0
0
0
0
0
0
0
0
0
0
3
7
9
9
5
2
-1
-2
-1
0
0
0
0
0
0
0
0
0
0
0
0
0
0
0
7
15
20
17
9
2
1
2
5
7
9
9
9
9
8
4
0
-2
-2
-1
0
0
0
0
5
20
21
12
-5
-10
-7
-7
-1
2
5
5
4
5
5
1
-9
-13
-11
-4
0
0
0
0
10
25
23
13
-5
-10
-8
-12
-12
-11
-9
-9
-12
-7
-2
-8
-22
-32
-25
-9
0
0
0
0
12
24
24
26
16
13
10
6
0
-1
-2
-1
-3
3
14
1
-25
-42
-33
-12
0
0
0
0
7
15
22
23
22
23
26
22
19
20
17
19
21
36
45
20
-20
-43
-30
-9
0
0
0
0
1
4
6
8
7
11
17
18
18
18
17
22
29
54
54
14
-22
-35
-22
-5
0
0
0
0
0
0
0
0
0
0
2
2
4
3
6
14
31
48
32
-5
-29
-29
-13
-1
0
0
0
0
0
0
0
0
0
0
0
0
0
0
4
17
42
44
10
-20
-30
-23
-6
0
0
0
0
0
0
0
0
0
0
0
0
0
0
0
8
31
47
30
-6
-30
-27
-11
-2
0
0
0
0
0
0
0
0
0
0
0
0
0
0
4
17
43
44
12
-19
-27
-18
-4
0
0
0
0
0
0
0
0
0
0
0
0
0
0
2
9
30
48
30
-6
-28
-27
-10
-1
0
0
0
0
0
0
0
0
0
0
0
0
0
0
7
19
42
41
6
-22
-28
-19
-3
0
0
0
0
0
0
0
0
0
0
0
0
0
0
6
15
35
43
20
-15
-29
-25
-10
-1
0
0
0
0
0
0
0
0
0
0
0
0
0
1
9
30
44
33
-4
-27
-26
-18
-3
0
0
0
0
0
0
0
0
0
0
0
0
0
1
7
21
42
40
10
-22
-28
-20
-8
-1
0
0
0
0
0
0
0
0
0
0
0
0
0
4
13
38
47
22
-7
-28
-21
-12
-2
0
0
0
0
0
0
0
0
0
0
0
0
0
2
9
27
50
41
3
-25
-29
-16
-4
0
0
0
0
0
0
0
0
0
0
0
0
0
0
4
18
43
51
24
-15
-33
-33
-11
-1
0
0
0
0
0
0
0
0
0
0
0
0
0
0
6
29
51
44
11
-32
-40
-31
-7
0
0
0
0
0
0
0
0
0
0
0
0
0
0
0
6
28
41
35
-1
-33
-32
-20
-4
0
0
0
0
0
0
0
0
0
