0
0
25
2
0
0
53
0
6
48
23
8
31
77
0
18
123
126
118
104
0
0
21
66
0
16
16
16
4
28
26
0
143
144
78
0
110
128
89
0
0
0
0
0
0
0
0
11
9
0
0
36
0
0
0
36
0
5
101
0
0
113
112
0
7
11
6
31
0
4
45
82
13
0
51
36
0
30
48
36
54
40
28
9
74
32
20
66
0
0
59
95
0
0
102
42
2
4
9
28
3
0
111
36
0
100
140
0
24
141
75
9
121
97
93
67
0
16
29
38
2
0
0
0
2
4
0
2
0
0
3
0
0
0
15
0
22
42
22
93
34
30
43
93
0
0
0
6
0
0
5
41
2
21
63
62
19
64
83
19
0
0
0
0
0
0
0
0
29
61
0
45
61
58
0
71
127
142
119
93
16
0
0
17
10
36
15
7
34
33
0
2
0
0
0
75
48
45
0
138
9
0
112
122
0
0
141
67
33
37
23
92
0
0
0
83
0
0
0
21
0
0
6
19
32
14
0
0
24
1
44
101
0
0
100
87
0
67
101
8
120
123
99
70
21
4
26
9
0
11
9
2
0
2
0
1
