0
0
0
0
0
0
0
0
0
0
0
0
0
0
1
6
5
2
0
0
0
0
0
0
0
0
0
0
2
6
7
7
7
7
4
0
0
10
22
19
4
0
0
0
0
0
0
0
0
14
34
46
47
44
41
37
28
14
3
0
0
0
0
0
2
7
7
2
5
1
6
0
0
0
0
0
0
0
0
4
1
10
2
0
0
0
0
0
0
0
0
5
4
7
0
0
0
0
0
0
0
0
0
0
6
2
0
0
0
0
0
0
0
1
1
11
8
0
0
0
0
0
0
0
0
1
7
12
1
0
0
0
0
0
0
0
0
0
0
0
0
0
0
0
0
0
0
0
0
0
0
0
0
0
0
0
0
0
0
0
0
1
0
0
0
0
0
0
0
0
0
0
0
0
0
0
0
0
3
0
0
28
51
57
39
30
28
27
0
8
18
0
0
26
50
58
61
63
66
56
17
37
22
0
0
0
0
1
4
8
6
0
34
44
10
0
0
0
0
0
0
0
0
15
46
33
0
0
0
0
0
0
0
0
0
34
42
6
0
0
0
0
0
0
0
0
25
43
29
0
0
0
0
0
0
0
0
2
53
47
5
0
0
0
0
0
0
0
0
16
42
20
0
0
0
0
0
0
0
0
33
48
33
2
0
0
0
0
0
0
0
0
0
0
0
0
0
0
0
0
0
0
0
6
7
3
0
0
0
0
0
0
0
19
46
51
37
31
29
30
29
23
14
0
0
22
44
54
56
60
59
61
55
52
21
0
0
1
3
10
17
19
20
25
55
55
15
0
0
0
0
0
0
1
6
43
53
36
7
0
0
0
0
0
0
0
18
48
49
18
1
0
0
0
0
0
0
5
44
51
30
6
0
0
0
0
0
0
2
31
56
48
15
1
0
0
0
0
0
0
14
53
57
22
5
0
0
0
0
0
0
7
44
57
43
11
1
0
0
0
0
0
0
23
53
64
35
4
0
0
0
0
0
0
0
0
0
0
0
0
0
0
0
0
0
2
5
0
0
0
0
0
0
0
0
0
0
4
5
11
9
3
0
0
0
0
0
0
0
0
12
8
5
4
5
8
14
17
0
0
0
2
11
6
10
8
11
13
30
24
0
0
0
0
0
0
1
2
4
0
33
7
1
0
0
0
0
0
0
2
1
34
33
0
0
0
0
0
0
0
0
4
1
30
5
0
0
0
0
0
0
0
3
0
33
30
0
0
0
0
0
0
0
2
3
19
34
5
1
0
0
0
0
0
0
2
2
37
15
1
0
0
0
0
0
0
0
0
15
33
3
0
0
0
0
0
0
0
0
0
0
0
0
0
0
0
0
0
0
7
9
10
5
1
0
0
0
0
0
0
0
14
35
47
46
44
42
41
43
29
11
0
0
19
34
29
33
40
42
44
52
41
14
0
0
15
22
22
28
27
29
38
65
42
0
0
0
0
0
0
2
3
9
56
67
27
0
0
0
0
0
0
0
3
25
66
61
0
0
0
0
0
0
0
0
12
57
66
20
0
0
0
0
0
0
0
4
35
68
57
0
0
0
0
0
0
0
3
22
70
68
13
0
0
0
0
0
0
0
9
59
81
42
0
0
0
0
0
0
0
0
13
69
72
10
0
0
0
0
0
0
0
0
0
0
0
0
0
0
0
0
0
0
7
9
5
0
0
0
0
0
0
0
0
0
20
21
9
2
7
9
9
8
0
0
0
0
25
26
16
10
0
0
3
14
0
0
0
0
15
23
23
26
20
22
54
54
0
0
0
0
0
0
0
2
4
17
48
32
0
0
0
0
0
0
0
0
4
43
47
0
0
0
0
0
0
0
0
0
19
48
30
0
0
0
0
0
0
0
0
9
44
43
0
0
0
0
0
0
0
0
4
38
47
10
0
0
0
0
0
0
0
0
18
51
41
0
0
0
0
0
0
0
0
0
29
51
11
0
0
0
0
0
0
