0
0
0
0
0
0
0
0
0
0
0
0
0
25
2
0
0
0
0
0
13
53
0
0
0
0
0
0
20
18
0
0
0
0
0
0
12
0
0
0
6
6
14
48
23
0
0
8
7
18
50
48
0
0
0
17
2
31
77
11
0
0
18
15
108
123
126
113
94
96
93
72
67
101
114
110
111
118
104
92
0
0
0
0
0
21
27
66
0
0
0
0
0
0
0
24
0
0
0
0
0
0
16
0
0
0
2
16
9
16
7
0
0
0
12
28
20
26
0
0
0
4
18
9
25
3
0
0
0
0
0
0
0
0
0
0
129
143
144
128
78
21
0
0
80
110
128
123
89
42
0
0
0
0
0
0
0
0
0
0
0
0
0
0
0
0
0
0
0
0
0
0
0
0
0
0
0
0
0
0
0
0
0
9
0
0
0
0
0
0
11
11
9
0
0
0
0
0
0
0
0
0
0
0
0
0
36
20
0
0
0
0
0
0
36
0
0
0
0
0
0
0
0
0
0
0
0
0
0
5
0
0
0
0
0
5
101
57
0
0
0
0
0
76
112
0
0
0
0
0
36
113
32
0
0
0
7
3
0
0
0
0
0
0
0
2
11
1
0
6
22
31
0
0
4
1
6
45
82
65
0
0
0
0
0
27
54
31
13
0
0
0
0
31
32
26
0
0
0
0
26
51
36
32
0
0
0
8
46
48
35
30
0
0
0
30
44
35
36
23
0
11
24
7
0
8
9
0
43
54
40
30
28
16
0
2
74
53
31
32
20
0
0
29
24
12
5
0
0
0
0
66
0
0
0
0
0
2
93
59
0
0
0
0
0
59
95
0
0
0
0
0
19
102
42
0
0
0
0
0
86
87
0
0
2
0
0
4
5
9
17
28
0
0
0
0
0
0
3
0
0
0
0
0
0
35
36
0
3
3
0
0
75
111
18
0
0
0
0
30
114
76
0
0
0
0
4
100
140
15
0
0
0
0
61
141
75
0
0
5
0
24
115
120
0
0
0
9
110
121
97
72
59
44
5
0
23
69
93
95
93
86
67
29
0
0
0
16
18
29
38
33
0
0
0
0
0
0
0
0
0
0
0
0
0
0
0
0
1
2
0
0
0
0
0
0
0
0
0
0
0
0
0
0
2
2
4
0
0
0
0
2
0
0
0
0
0
0
0
0
0
0
0
0
3
0
0
0
0
0
0
0
7
0
0
0
0
0
0
0
15
0
0
0
15
22
26
42
22
0
0
59
5
14
27
33
0
0
19
93
12
21
30
0
0
0
80
74
21
34
12
0
0
43
93
37
0
0
0
0
0
0
3
0
0
0
0
0
0
0
0
6
0
0
0
0
0
0
0
6
0
0
0
0
0
5
25
41
0
0
0
0
7
33
59
25
0
2
16
21
37
63
62
0
2
12
25
36
53
70
19
0
9
19
31
64
83
54
0
0
0
0
0
0
0
0
0
0
0
0
0
0
0
0
0
0
0
0
0
0
0
0
0
0
0
0
0
0
0
0
0
0
0
9
33
50
0
0
0
0
9
29
61
36
0
0
0
45
21
50
58
0
0
0
0
71
41
61
17
0
0
0
67
60
88
127
142
130
115
119
93
63
0
0
2
9
31
51
57
51
0
0
0
0
0
0
0
17
16
0
0
0
0
0
0
0
10
0
0
18
12
0
0
0
0
0
28
36
15
0
0
7
0
6
30
24
0
0
0
2
0
34
33
9
0
0
0
0
0
0
0
0
0
0
0
7
0
0
0
0
0
0
0
75
26
19
15
2
0
0
0
129
48
47
45
17
0
0
113
138
9
1
0
0
0
0
119
70
2
0
0
0
0
112
122
32
0
0
0
0
52
141
67
0
0
0
0
0
138
119
18
0
0
33
37
21
6
23
60
44
0
0
0
0
0
0
92
70
0
0
0
0
0
0
71
83
0
0
0
0
0
0
38
71
0
0
0
0
0
0
1
19
0
0
0
0
0
0
21
19
0
0
0
0
0
5
19
13
0
0
0
0
6
6
8
5
11
28
14
0
0
0
0
0
32
14
0
0
0
0
0
0
16
0
0
0
0
0
0
27
11
24
1
0
0
44
101
52
0
0
0
0
9
100
87
18
0
0
0
0
53
96
44
0
0
0
0
8
101
63
8
0
0
0
0
67
84
14
0
0
89
120
123
109
96
99
70
26
42
50
67
76
88
97
66
40
0
0
0
0
0
0
0
0
18
21
4
4
23
26
9
0
0
0
0
11
9
0
0
0
0
0
0
0
0
0
0
2
0
0
0
0
0
0
1
0
0
0
2
0
0
0
0
0
