23
-15
-2
85
40
-58
-24
23
7
-9
16
28
-55
-76
-4
34
-22
-7
2
-54
-81
-25
26
27
3
45
16
-66
-45
12
26
7
73
84
-18
-67
-23
9
-3
-12
105
50
-74
-76
-34
-30
-40
-41
78
-3
-94
-97
-93
-101
-91
-89
27
-34
-87
-88
-83
-80
-66
-51
-15
-63
-43
-19
-1
59
55
12
-98
-109
-91
-48
1
44
6
-18
-73
-61
-36
-12
34
4
-40
-22
-11
1
5
18
1
-49
-53
-11
0
12
0
10
-33
-53
-10
14
-1
-4
3
14
11
46
92
96
24
21
43
44
75
133
155
158
10
46
79
96
127
135
119
108
101
94
71
24
-24
-50
-32
-11
25
-26
-49
-65
-110
-88
-17
6
-64
-107
-130
-128
-117
-51
12
13
-63
-90
-113
-110
-66
-1
17
-3
-24
-53
-93
-82
-36
-9
-24
-39
-41
-81
-150
-131
-92
-106
-132
-143
-47
-105
-156
-166
-173
-180
-168
-129
68
65
81
86
71
71
104
129
46
11
-84
-24
49
-32
-87
-25
11
-73
-141
-34
-17
-141
-111
-14
-61
-136
-105
-9
-71
-154
-88
-16
-81
-34
64
41
-102
-113
-54
-25
-22
79
114
-30
-130
-93
-56
-32
37
116
33
-123
-129
-79
-54
-23
87
118
-36
-131
-114
-91
-57
-27
73
49
-72
-93
-66
-51
-25
-13
-22
-27
-29
41
107
91
38
9
-31
-10
23
59
82
37
23
16
-12
8
22
45
31
27
32
21
-12
-4
21
39
37
39
33
7
-13
9
46
49
43
38
15
-4
-6
29
54
57
54
36
6
10
9
53
64
56
35
5
2
10
2
47
61
49
15
-9
-14
-14
24
106
122
-4
-77
-11
40
11
73
63
-37
-117
-42
69
38
-13
4
-59
-120
-39
99
95
-7
-29
-37
-75
-45
80
128
16
-52
-21
-51
-47
33
112
39
-56
-48
-16
-52
2
77
54
-50
-85
-50
-42
-35
37
71
-3
-48
-18
3
6
18
55
43
6
23
61
73
87
60
-24
-48
37
52
-9
-23
-5
10
-38
56
149
59
-40
-28
-1
-14
36
150
129
-22
-70
-19
5
8
119
155
28
-62
-28
5
7
69
147
89
-37
-43
3
10
4
115
112
3
-48
2
22
18
21
126
43
-23
-2
20
33
37
39
89
-10
-38
-19
-25
-18
-7
-22
4
36
36
15
18
33
-1
-15
-21
-25
-19
-42
-40
-11
3
2
-24
-55
-56
-48
-46
-23
2
8
-18
-29
-29
-28
-32
-21
-1
2
-4
-4
-10
-28
-44
-44
-36
-36
27
39
4
-35
-52
-48
-41
-26
49
117
135
90
53
33
35
54
-21
41
126
143
125
95
65
57
-52
-86
15
62
-36
-28
41
44
-43
-32
77
30
-104
-35
64
46
15
37
35
-65
-90
42
89
34
44
38
-53
-102
1
100
64
8
37
-23
-96
-43
85
93
20
-13
39
-76
-95
33
86
34
-13
-25
28
-77
-29
66
34
-19
-33
-35
-20
-81
-1
45
-12
-44
-41
-38
-17
9
41
-1
-29
9
6
-22
5
19
15
-13
3
51
6
-33
12
12
7
26
63
40
-32
-40
12
20
44
81
74
-6
-53
-26
23
53
89
105
35
-47
-45
-7
27
94
145
108
3
-39
-8
12
8
71
115
47
-27
-33
-25
-30
-11
3
6
-58
-90
-76
-75
-72
-171
-271
-177
-21
-40
-86
-45
-2
-168
-115
26
-4
-173
-141
-9
30
-31
25
52
-171
-273
-82
62
50
56
38
-106
-276
-198
25
84
39
41
-45
-220
-216
-8
111
81
44
5
-150
-228
-67
108
113
68
35
-54
-201
-179
-19
5
-46
-74
-118
-163
-241
-145
-82
-141
-192
-224
-242
-45
-64
-17
-4
-11
13
32
18
-51
-36
5
34
-23
-29
4
13
17
37
21
-11
-31
-42
-9
-1
37
41
3
-22
-28
-12
-8
-10
25
9
-20
-16
-10
-4
-14
-12
28
15
20
24
44
46
49
68
25
60
122
161
155
148
140
143
-41
-43
13
80
81
66
45
11
-30
17
-1
-108
-37
140
118
21
8
1
-54
-55
72
144
71
3
2
-62
-92
4
129
89
10
-10
-58
-125
-62
112
139
47
-11
-14
-106
-122
21
137
74
-14
-42
-43
-121
-97
60
81
3
-42
-49
-43
-96
-47
48
26
-37
-48
-48
-31
-53
-20
27
6
-31
-28
-20
-18
-158
-116
-112
-72
73
123
60
13
-158
-138
-117
-81
18
95
66
14
-130
-130
-84
-50
-2
34
39
10
-89
-87
-34
-14
5
15
9
9
-74
-35
-3
12
4
-10
-9
-7
-81
-7
40
30
5
-17
-10
3
-111
10
77
62
30
13
-2
4
-208
-108
-12
-2
-27
-54
-83
-88
84
54
-66
-116
-56
30
19
-13
17
-97
-129
1
111
90
12
-20
-73
-118
-2
133
124
37
-22
-16
-107
-55
80
131
47
-19
-20
-6
-87
12
89
33
-40
-68
-53
-56
-28
44
28
-64
-111
-97
-91
-86
49
78
33
-4
-3
6
14
42
85
71
56
48
50
63
74
76
10
-16
-15
3
-7
-25
-20
-6
-45
-38
0
24
12
-3
-6
-1
-5
28
15
-6
-15
-9
-4
-4
-1
1
-17
-21
-9
-7
-9
-7
-3
-10
-22
-17
-10
-9
-18
-9
6
10
9
8
-2
-7
-3
14
9
52
103
135
111
96
102
115
8
48
97
140
156
159
142
112
