23
0
0
85
40
0
0
23
7
0
16
28
0
0
0
34
0
0
2
0
0
0
26
27
3
45
16
0
0
12
26
7
73
84
0
0
0
9
0
0
105
50
0
0
0
0
0
0
78
0
0
0
0
0
0
0
27
0
0
0
0
0
0
0
0
0
0
0
0
59
55
12
0
0
0
0
1
44
6
0
0
0
0
0
34
4
0
0
0
1
5
18
1
0
0
0
0
12
0
10
0
0
0
14
0
0
3
14
11
46
92
96
24
21
43
44
75
133
155
158
10
46
79
96
127
135
119
108
101
94
71
24
0
0
0
0
25
0
0
0
0
0
0
6
0
0
0
0
0
0
12
13
0
0
0
0
0
0
17
0
0
0
0
0
0
0
0
0
0
0
0
0
0
0
0
0
0
0
0
0
0
0
0
0
68
65
81
86
71
71
104
129
46
11
0
0
49
0
0
0
11
0
0
0
0
0
0
0
0
0
0
0
0
0
0
0
0
0
64
41
0
0
0
0
0
79
114
0
0
0
0
0
37
116
33
0
0
0
0
0
87
118
0
0
0
0
0
0
73
49
0
0
0
0
0
0
0
0
0
41
107
91
38
9
0
0
23
59
82
37
23
16
0
8
22
45
31
27
32
21
0
0
21
39
37
39
33
7
0
9
46
49
43
38
15
0
0
29
54
57
54
36
6
10
9
53
64
56
35
5
2
10
2
47
61
49
15
0
0
0
24
106
122
0
0
0
40
11
73
63
0
0
0
69
38
0
4
0
0
0
99
95
0
0
0
0
0
80
128
16
0
0
0
0
33
112
39
0
0
0
0
2
77
54
0
0
0
0
0
37
71
0
0
0
3
6
18
55
43
6
23
61
73
87
60
0
0
37
52
0
0
0
10
0
56
149
59
0
0
0
0
36
150
129
0
0
0
5
8
119
155
28
0
0
5
7
69
147
89
0
0
3
10
4
115
112
3
0
2
22
18
21
126
43
0
0
20
33
37
39
89
0
0
0
0
0
0
0
4
36
36
15
18
33
0
0
0
0
0
0
0
0
3
2
0
0
0
0
0
0
2
8
0
0
0
0
0
0
0
2
0
0
0
0
0
0
0
0
27
39
4
0
0
0
0
0
49
117
135
90
53
33
35
54
0
41
126
143
125
95
65
57
0
0
15
62
0
0
41
44
0
0
77
30
0
0
64
46
15
37
35
0
0
42
89
34
44
38
0
0
1
100
64
8
37
0
0
0
85
93
20
0
39
0
0
33
86
34
0
0
28
0
0
66
34
0
0
0
0
0
0
45
0
0
0
0
0
9
41
0
0
9
6
0
5
19
15
0
3
51
6
0
12
12
7
26
63
40
0
0
12
20
44
81
74
0
0
0
23
53
89
105
35
0
0
0
27
94
145
108
3
0
0
12
8
71
115
47
0
0
0
0
0
3
6
0
0
0
0
0
0
0
0
0
0
0
0
0
0
0
26
0
0
0
0
30
0
25
52
0
0
0
62
50
56
38
0
0
0
25
84
39
41
0
0
0
0
111
81
44
5
0
0
0
108
113
68
35
0
0
0
0
5
0
0
0
0
0
0
0
0
0
0
0
0
0
0
0
0
13
32
18
0
0
5
34
0
0
4
13
17
37
21
0
0
0
0
0
37
41
3
0
0
0
0
0
25
9
0
0
0
0
0
0
28
15
20
24
44
46
49
68
25
60
122
161
155
148
140
143
0
0
13
80
81
66
45
11
0
17
0
0
0
140
118
21
8
1
0
0
72
144
71
3
2
0
0
4
129
89
10
0
0
0
0
112
139
47
0
0
0
0
21
137
74
0
0
0
0
0
60
81
3
0
0
0
0
0
48
26
0
0
0
0
0
0
27
6
0
0
0
0
0
0
0
0
73
123
60
13
0
0
0
0
18
95
66
14
0
0
0
0
0
34
39
10
0
0
0
0
5
15
9
9
0
0
0
12
4
0
0
0
0
0
40
30
5
0
0
3
0
10
77
62
30
13
0
4
0
0
0
0
0
0
0
0
84
54
0
0
0
30
19
0
17
0
0
1
111
90
12
0
0
0
0
133
124
37
0
0
0
0
80
131
47
0
0
0
0
12
89
33
0
0
0
0
0
44
28
0
0
0
0
0
49
78
33
0
0
6
14
42
85
71
56
48
50
63
74
76
10
0
0
3
0
0
0
0
0
0
0
24
12
0
0
0
0
28
15
0
0
0
0
0
0
1
0
0
0
0
0
0
0
0
0
0
0
0
0
0
6
10
9
8
0
0
0
14
9
52
103
135
111
96
102
115
8
48
97
140
156
159
142
112
