21
21
21
21
21
21
22
20
21
20
21
21
20
21
20
20
21
21
21
20
21
20
20
20
20
21
20
20
22
21
21
21
21
21
21
20
21
21
20
21
20
21
20
20
21
20
21
20
20
20
21
21
21
22
21
21
21
21
20
21
21
21
20
21
21
21
21
20
20
21
21
20
21
20
20
20
20
20
20
20
20
21
21
20
22
21
21
21
20
21
20
21
21
20
20
20
21
20
21
21
20
20
21
20
20
20
20
21
20
20
21
21
21
21
21
20
21
20
21
20
21
21
21
20
21
21
21
21
20
21
21
19
20
21
20
21
20
20
20
21
21
21
21
20
20
20
20
21
21
21
20
20
21
20
20
21
20
20
20
20
20
21
21
20
21
20
20
20
21
21
20
20
21
21
21
20
20
21
21
21
21
20
21
20
20
19
21
20
20
20
21
20
20
20
20
22
21
21
20
20
21
21
21
21
21
20
20
20
21
19
20
20
20
21
20
21
20
20
21
20
20
20
21
20
21
21
21
20
21
21
21
20
20
20
21
20
20
20
20
20
20
20
20
21
20
20
19
20
19
20
20
21
21
21
21
20
20
21
21
21
21
20
21
20
21
20
21
20
20
20
20
20
20
20
21
20
20
20
21
20
21
20
21
20
21
20
21
20
20
21
20
15
0
18
21
21
3
17
20
17
0
20
20
20
20
20
22
20
21
21
20
21
21
20
21
20
21
20
6
17
22
21
20
21
20
17
20
0
5
21
20
21
20
20
20
21
21
21
20
21
21
20
21
20
21
8
19
21
21
21
20
20
21
20
3
12
21
21
21
21
21
20
20
20
21
21
21
20
21
21
21
19
19
7
21
20
21
21
20
20
17
0
14
20
20
20
21
20
20
20
20
20
21
21
20
21
21
21
20
21
9
18
20
20
20
20
19
1
9
8
21
21
21
20
21
20
20
20
21
20
20
22
21
21
21
20
20
21
21
0
7
13
9
0
18
20
1
21
20
20
21
20
20
19
20
20
20
20
21
21
21
20
21
20
20
21
21
20
20
20
20
21
20
3
17
21
20
21
21
20
21
20
19
20
20
21
20
21
21
20
20
20
21
20
21
20
20
20
20
20
16
10
21
20
20
21
20
21
20
19
20
20
20
20
20
20
21
20
20
21
20
20
21
21
20
20
20
20
1
19
20
20
20
20
21
20
21
20
20
20
19
21
21
20
21
21
20
21
20
20
20
20
20
20
20
21
1
21
20
20
20
21
20
20
20
20
20
21
19
20
20
20
21
20
20
20
20
20
20
20
20
20
20
19
9
20
20
20
20
20
20
20
20
21
20
20
19
20
21
20
20
21
21
20
21
21
20
20
20
20
20
17
17
20
20
20
20
20
20
20
20
20
20
20
20
20
21
21
21
20
21
20
20
20
20
20
20
20
20
20
20
20
20
20
21
20
20
20
20
19
20
19
20
19
20
20
20
20
20
20
20
20
20
20
20
20
20
20
20
19
19
20
21
20
19
20
19
20
19
20
20
20
20
20
20
20
20
19
20
20
20
20
20
19
20
20
19
20
20
19
19
20
19
20
20
21
20
20
20
19
20
21
20
20
20
20
20
20
20
20
20
20
20
19
20
20
20
19
20
19
19
20
19
20
19
20
20
19
20
20
20
20
20
20
20
20
21
20
20
21
20
20
20
19
20
20
20
20
20
20
19
19
20
20
19
20
19
20
20
20
19
20
20
20
20
20
19
20
20
20
20
19
20
20
20
19
20
19
19
19
19
20
20
20
