20
20
21
20
20
20
20
20
20
20
19
20
20
20
20
20
20
20
20
20
20
20
20
20
19
20
20
19
20
20
20
19
19
20
19
20
20
20
19
20
20
20
20
20
20
19
20
20
20
20
19
19
19
20
19
19
21
20
20
20
21
20
20
19
19
19
20
20
20
19
20
19
20
20
21
20
19
20
20
20
19
20
20
20
20
20
20
20
20
20
20
20
19
19
20
20
19
20
20
20
19
20
19
20
20
20
20
20
20
20
20
20
20
20
19
20
19
20
20
20
20
20
20
20
20
20
20
19
20
19
20
20
20
19
20
20
20
20
20
19
20
20
19
20
20
20
21
19
20
19
19
20
21
20
20
20
21
20
20
19
20
20
20
20
20
19
21
20
20
19
20
20
20
20
20
20
20
20
19
20
20
19
20
20
20
19
20
19
20
20
21
20
20
20
19
19
21
20
20
20
20
20
19
20
20
19
19
20
20
20
20
20
20
20
20
19
20
20
20
20
20
20
20
19
20
20
20
19
20
20
19
19
20
20
17
4
0
0
0
0
1
0
5
20
20
20
19
20
20
20
19
20
19
19
20
19
19
20
19
20
20
20
8
2
20
21
20
20
20
20
20
0
11
20
20
20
20
20
19
20
20
20
20
20
19
19
19
20
20
21
21
4
0
20
20
20
21
14
0
17
20
19
19
19
19
20
20
19
20
20
19
20
20
20
20
20
20
20
20
20
19
0
16
1
2
18
20
20
19
20
19
20
20
19
20
20
20
20
20
19
20
20
20
20
20
20
21
17
1
1
2
0
20
21
20
19
20
19
20
20
19
20
19
19
20
21
19
19
19
20
20
19
0
0
10
19
21
20
20
20
4
0
19
20
20
20
20
20
19
19
19
20
20
20
20
19
19
20
20
20
20
20
20
20
20
20
20
20
21
20
0
14
20
19
20
20
20
19
19
19
20
20
20
20
20
20
19
20
20
21
20
20
20
20
21
20
20
20
19
0
16
20
20
20
20
19
19
20
20
19
19
19
20
20
20
20
19
20
20
20
20
20
20
19
20
20
21
1
12
20
20
20
20
19
20
20
19
20
20
20
20
20
20
20
20
20
20
20
20
19
20
20
19
20
17
0
18
20
19
19
20
19
19
20
19
19
20
20
20
19
20
19
19
19
20
19
21
20
20
20
20
18
1
18
20
19
19
19
19
19
20
19
19
20
20
20
20
20
19
20
20
20
19
19
19
20
20
20
14
2
19
19
19
20
19
19
19
19
20
20
20
19
19
20
20
20
20
19
20
20
19
20
20
20
20
2
10
20
20
19
19
19
19
20
19
19
19
19
19
20
20
20
19
20
20
20
19
19
19
20
20
16
2
18
19
19
19
19
19
19
20
19
19
19
19
18
20
19
20
20
19
20
19
20
19
20
20
18
3
16
20
20
20
19
19
19
19
19
19
19
19
19
19
19
20
19
19
19
20
19
20
20
20
19
2
16
20
19
20
20
19
20
19
19
18
19
19
19
19
19
18
19
20
19
19
20
19
20
20
19
6
17
19
19
20
19
20
20
19
18
19
19
18
20
19
20
19
19
20
20
19
19
19
19
19
20
20
19
19
19
18
19
20
19
20
20
19
18
19
19
19
19
19
20
19
19
19
20
20
19
20
19
20
19
20
20
19
19
19
19
20
20
20
19
19
19
19
19
20
20
20
18
19
20
20
18
19
19
19
20
20
20
19
19
18
19
19
19
20
19
20
19
19
20
20
18
19
19
19
19
18
19
19
19
