20
19
20
20
20
20
20
20
20
20
20
20
20
20
20
20
20
20
20
21
21
20
21
20
21
20
21
21
20
20
20
19
20
20
20
20
20
20
20
20
20
21
20
20
20
20
20
20
20
20
20
20
21
20
20
20
19
20
19
19
20
20
19
20
20
20
20
20
20
20
20
20
20
19
20
21
21
20
21
20
20
20
20
20
20
19
19
20
20
20
19
20
20
20
21
20
20
20
20
21
20
21
21
21
21
20
21
21
20
20
21
20
19
18
20
20
20
20
21
4
0
4
0
0
19
21
20
21
18
21
20
20
20
21
20
20
21
20
21
20
20
20
20
20
13
1
20
20
19
20
21
20
21
0
20
20
0
4
7
20
20
21
20
20
20
20
20
19
20
19
20
13
4
20
19
20
20
20
21
20
21
20
21
11
0
13
21
21
20
19
19
20
20
20
20
20
19
20
20
0
20
20
20
20
21
19
21
20
21
21
17
0
16
21
20
20
20
20
20
20
20
20
20
20
19
19
20
0
20
19
21
19
20
19
20
21
19
0
17
0
19
20
20
20
20
20
20
20
20
20
20
20
20
19
20
21
0
19
20
20
20
20
19
0
16
21
13
7
20
20
20
20
19
20
20
20
20
20
20
20
20
19
19
20
19
20
0
0
0
15
20
19
20
20
1
17
20
20
20
20
20
20
19
20
20
20
20
20
20
21
19
20
20
20
20
20
20
20
20
19
19
19
0
19
20
19
20
20
19
20
20
20
20
20
20
21
19
20
19
20
19
20
20
19
20
20
20
20
20
15
4
20
19
20
20
20
20
20
19
20
21
20
20
20
20
20
20
19
19
20
19
20
20
20
19
20
21
7
10
20
20
20
20
20
21
20
20
20
20
20
20
20
19
19
20
19
20
20
19
19
19
20
19
20
20
4
16
20
20
20
20
20
20
19
20
19
21
20
20
20
20
20
19
20
20
20
20
19
18
19
19
19
20
0
18
20
20
20
19
20
20
19
20
20
21
20
20
20
19
20
19
19
19
19
20
20
20
20
20
19
20
0
19
20
20
20
20
20
20
20
20
20
19
20
20
20
19
20
19
20
20
20
20
19
19
19
19
19
20
0
19
20
20
20
20
19
19
20
20
20
20
20
20
20
20
18
19
19
20
19
20
20
19
20
20
19
19
0
19
19
19
20
19
20
20
20
20
19
20
20
20
20
20
19
19
19
19
19
20
19
19
18
18
20
15
4
19
19
19
20
20
20
20
19
20
19
20
20
19
20
19
19
19
19
19
19
19
18
18
19
19
20
10
12
20
20
20
20
20
20
20
20
20
20
20
19
19
19
19
19
19
20
19
20
19
20
20
19
20
19
5
17
19
20
20
19
19
20
20
20
20
20
20
20
20
20
20
18
19
20
19
19
19
19
19
19
19
19
1
18
19
19
20
20
20
19
20
20
20
20
19
19
19
20
19
19
20
18
20
18
19
18
19
19
19
20
1
19
19
20
19
20
20
20
19
20
19
20
19
19
19
20
19
19
20
19
19
18
19
18
19
19
19
19
14
17
19
20
20
20
19
19
19
19
20
19
20
19
19
19
19
19
19
19
19
19
18
19
18
19
20
19
19
19
19
20
20
19
20
20
20
20
20
19
19
19
19
19
18
19
18
19
19
19
19
19
19
19
19
20
20
19
19
20
20
20
19
19
18
20
19
19
19
19
18
19
19
19
19
19
19
19
19
18
19
18
19
19
19
19
19
18
20
20
19
19
19
19
19
19
18
19
19
18
