20
21
21
20
20
20
20
20
20
20
20
21
21
21
21
21
21
21
21
21
21
20
21
21
20
21
21
21
20
20
20
20
20
20
21
20
20
20
20
20
21
21
20
21
20
21
20
20
20
21
20
21
20
21
21
21
21
20
20
20
19
20
21
21
21
21
21
20
21
21
21
21
21
21
20
20
20
21
21
20
21
21
21
21
20
21
20
20
20
20
21
21
21
20
21
20
21
22
21
21
21
21
21
21
21
20
21
20
20
20
21
21
20
21
20
20
20
20
21
21
21
21
21
21
20
21
22
21
21
21
20
20
20
21
21
20
21
21
21
21
20
19
20
21
20
20
20
20
20
20
21
21
21
21
20
21
22
21
21
20
21
20
20
21
21
21
20
21
20
19
20
20
20
20
20
20
20
20
20
21
21
21
21
21
20
21
21
21
21
21
20
21
20
20
21
21
20
20
20
20
21
20
20
21
20
21
20
21
21
18
1
11
20
0
18
21
20
21
21
21
21
21
21
21
20
20
20
20
20
21
20
20
20
21
20
21
11
4
21
21
20
21
21
0
20
20
21
21
21
21
21
21
20
20
20
20
20
20
21
21
20
21
20
12
10
21
21
21
20
20
18
0
0
20
20
22
21
20
21
21
20
20
20
20
20
21
21
20
20
21
17
4
20
21
20
21
21
20
21
0
16
22
20
21
21
21
21
20
20
20
21
19
21
21
20
20
21
21
0
19
21
20
20
21
21
20
13
2
21
21
20
21
20
21
21
21
20
21
21
20
21
20
20
21
21
19
2
20
20
21
21
21
21
8
0
17
21
21
21
21
21
21
21
21
20
20
21
20
20
20
21
21
20
21
0
21
21
21
21
18
0
16
0
21
20
21
20
21
21
20
21
21
20
19
20
20
20
20
21
20
20
20
2
12
20
17
0
7
21
20
0
22
20
22
21
21
21
22
20
20
20
20
21
20
20
20
21
20
20
20
21
19
8
17
21
21
21
16
2
22
21
21
21
20
21
22
21
21
20
20
20
20
20
20
21
20
20
20
20
20
20
20
21
21
22
1
17
22
21
21
21
21
21
21
21
21
20
20
20
20
20
20
20
21
20
20
20
20
20
21
20
21
20
0
21
21
21
21
21
21
21
20
20
21
20
20
20
20
20
20
20
21
19
20
20
20
20
21
20
22
9
6
21
21
21
22
21
21
20
20
20
21
20
20
20
20
20
20
20
20
20
20
21
20
20
21
21
21
1
19
21
21
21
21
22
20
21
21
21
20
20
20
20
20
20
20
20
20
21
20
20
20
20
21
21
20
0
21
21
21
22
21
21
20
21
21
21
20
21
19
19
19
20
20
20
20
20
21
21
20
20
21
20
15
0
21
22
21
22
21
21
21
21
20
21
21
20
20
20
20
20
20
20
20
20
21
20
20
21
20
20
21
22
21
21
21
21
21
21
21
21
20
21
20
20
20
20
19
20
20
20
20
20
21
20
21
21
21
21
20
21
21
21
21
22
21
21
21
21
21
21
21
20
20
20
20
20
20
19
20
20
20
21
20
20
20
21
20
21
20
21
20
21
21
20
20
20
21
21
21
20
19
21
20
20
19
19
21
19
20
20
21
21
20
20
20
21
20
20
21
20
21
20
21
20
20
20
21
20
20
20
20
20
19
20
20
20
21
20
20
20
20
20
21
21
20
21
20
21
21
21
21
20
20
21
21
20
20
20
20
20
20
19
20
20
21
20
20
20
20
19
20
21
21
21
21
21
20
20
20
20
21
21
21
