21
21
21
21
21
21
21
20
19
20
21
20
21
21
20
21
20
20
20
21
21
21
20
20
20
21
20
21
21
21
20
20
21
21
21
20
20
20
20
19
21
20
21
20
20
21
20
20
20
21
20
21
20
21
20
20
21
21
21
21
21
21
20
21
20
21
20
20
21
20
20
21
20
19
20
21
20
20
20
20
20
20
21
20
20
21
20
20
20
20
20
20
20
21
20
20
21
20
21
21
21
21
21
20
20
20
20
20
21
20
21
21
20
21
20
21
21
20
20
20
22
21
21
21
20
21
20
20
21
22
20
20
20
20
20
21
21
20
20
21
21
22
21
21
20
21
21
21
21
21
21
20
21
20
20
0
16
20
20
1
20
20
21
20
21
20
20
21
21
21
21
21
21
20
21
20
20
21
20
21
21
0
20
21
21
21
21
20
21
20
21
20
21
21
20
20
21
21
21
21
20
21
21
21
19
21
21
11
15
21
21
21
21
21
20
21
20
20
18
19
20
21
20
20
20
22
20
21
21
20
20
21
20
21
8
19
21
21
21
21
21
21
21
21
14
0
15
20
20
20
21
20
21
21
20
21
21
20
20
20
21
13
19
21
21
20
21
21
21
21
4
5
7
21
21
21
20
20
21
20
21
20
21
21
21
20
21
21
21
2
21
21
21
21
22
15
0
20
0
21
21
21
21
21
21
21
20
20
20
20
21
20
21
20
20
20
21
0
21
21
16
0
16
21
14
9
20
21
21
20
21
20
20
21
21
21
21
21
21
20
21
20
20
21
20
20
21
21
21
21
21
1
20
20
21
21
20
21
20
20
21
20
21
20
21
21
20
21
20
21
20
21
21
21
20
21
21
21
1
21
20
21
20
21
20
21
20
21
20
20
20
21
20
20
21
21
20
21
20
20
20
20
21
21
21
2
21
21
21
21
20
20
21
21
20
20
20
20
20
21
21
21
20
21
21
20
21
21
20
21
21
20
3
21
21
21
20
21
20
20
20
20
20
20
20
20
19
20
21
21
21
20
21
20
21
21
21
21
19
5
21
20
21
20
20
20
20
21
21
19
20
20
21
20
20
20
21
21
21
20
21
20
20
21
21
18
7
21
21
21
21
21
21
20
20
20
20
20
20
20
21
20
21
20
21
21
20
20
21
20
20
21
19
16
21
21
21
21
21
21
21
19
20
19
20
20
20
20
21
21
20
20
21
21
20
21
20
20
21
19
11
21
20
21
20
21
21
21
20
19
20
20
21
20
20
20
20
20
20
20
21
21
20
21
20
21
21
10
20
21
21
21
19
21
20
21
20
20
20
21
20
20
20
20
21
19
20
20
21
21
21
20
20
20
5
21
20
20
19
20
20
21
20
20
20
20
20
20
20
20
20
20
20
20
20
20
21
21
21
21
21
6
21
21
21
21
20
20
20
20
21
20
21
20
21
20
20
21
20
21
20
20
21
19
20
20
21
20
16
21
21
21
20
20
21
20
20
21
20
21
20
20
20
19
20
20
19
19
19
19
20
20
20
20
21
20
19
21
21
20
20
20
21
20
20
21
20
20
20
21
20
20
20
20
19
20
21
20
20
20
20
20
21
20
20
20
21
21
20
21
21
20
21
20
21
21
21
21
19
20
20
20
20
21
21
20
19
20
20
19
20
20
20
20
20
21
20
21
20
20
20
21
20
20
20
20
20
20
20
21
20
20
20
20
20
20
19
20
20
21
20
21
21
21
20
20
20
20
20
20
19
20
21
20
20
20
19
20
20
19
19
19
19
21
