0
0
0
0
0
0.00241246098
-0.0352697372
-0.0345280394
-0.0795546323
-0.0249153487
-0.115988515
-0.179901287
-0.239562273
-0.219502002
-0.107805438
0.0507932045
0.0844391659
0.0228306036
0
0
0
0
0
0
0
0
0
0
0.00241246098
-0.0474418849
-0.138778284
-0.324476093
-0.449048817
-0.817573071
-1.22113907
-1.31536043
-1.40775836
-1.35948288
-1.00665879
-0.483997583
-0.167805389
0.0647047013
0
0
0
0
0
0
0
0
0
0.000742295699
-0.0390106104
-0.186148077
-0.415925831
-0.621903002
-0.828972638
-1.19916606
-1.34873247
-1.42522192
-1.45493889
-1.4293009
-1.31430936
-0.956828952
-0.527504027
-0.0608269013
0
0
0
0
0
0
0
0
0
-0.0108433142
-0.165213034
-0.347166866
-0.455509037
-0.494679034
-0.656909585
-0.399354964
-0.11479187
0.0932048336
0.188997835
0.0241807476
-0.301188111
-0.677834749
-0.644775331
-0.306052208
0
0
0
0
0
0
0
0
0
-0.0481764935
-0.181398377
-0.217525169
-0.192038149
-0.172234267
-0.0414159261
0.537123203
1.04059064
1.22530818
1.01416063
0.695910692
0.342895687
-0.205575332
-0.41991207
-0.262043297
0
0
0
0
0
0
0
0
0
-0.021300476
0.0400882885
0.167528123
0.372650117
0.511530161
0.5084306
0.717081845
0.832545221
0.766279459
0.512839854
0.431089491
0.144736007
-0.0979317874
-0.201081038
-0.076300852
0
0
0
0
0
0
0
0
0
0.0721303448
0.351717681
0.633461833
0.853505909
0.955916166
0.788784742
0.509634972
0.141236991
-0.083617501
-0.0495196022
-0.0729928166
-0.323986977
-0.180076018
-0.229497358
0.00969457999
0
0
0
0
0
0
0
0
0
0.0545091331
0.247888803
0.412978321
0.499954313
0.656616569
0.588962018
0.120838821
-0.174418852
-0.21248126
-0.0896869972
-0.148688197
-0.116929032
-0.0656124279
-0.0957562253
0.0340937115
0
0
0
0
0
0
0
0
0
0
0.0219452344
0.0352813527
0.0362251773
0.0622124858
-0.0224300418
-0.201509997
-0.225160331
-0.09201435
-0.111254692
-0.160273746
0.0344158337
0.104975961
0.207618997
0.0681135133
0
0
0
0
0
0
0
0
0
0
0
0
0.000356872944
-0.0388910882
-0.129191071
-0.208826706
-0.161229566
-0.0243051946
-0.0196535345
0.0302008688
0.111922771
0.270860225
0.212720931
0.0109370397
0
0
0
0
0
0
0
0
0
0
0
0
-0.00291514443
-0.170898095
-0.276470691
-0.287038982
-0.103517242
-0.153038651
0.109788045
0.203250647
0.323462367
0.28262192
0.0689033493
0
0
0
0
0
0
0
0
0
0
0
0
0.00111344352
-0.062242344
-0.165185302
-0.265601546
-0.159161806
-0.105996713
-0.20907031
0.0261863358
0.18174094
0.387340814
0.15392068
0
0
0
0
0
0
0
0
0
0
0
0
0.000271223427
-0.0164348762
-0.179842636
-0.200651675
-0.180362552
-0.0325846039
-0.0858628154
0.0795462877
0.123815402
0.207599163
0.181387633
0.0131244482
0
0
0
0
0
0
0
0
0
0
0
0
-0.00245076069
-0.100214228
-0.1971035
-0.211668134
-0.0689502656
-0.0577219985
-0.106736355
0.0871419087
0.161113679
0.243914694
0.0382796414
0
0
0
0
0
0
0
0
0
0
0
0
0
-0.0383761451
-0.187740922
-0.20295307
-0.180400029
-0.0458094738
-0.117973119
0.0366716497
0.00503613148
0.175639838
0.150639564
0
0
0
0
0
0
0
0
0
0
0
0
0
0
-0.12327785
-0.21241194
-0.247734919
-0.159239769
-0.119527586
0.0233725142
0.199145615
0.244416192
0.181977794
0.0346512981
0.0198439304
0.0161054283
0.00334751466
0.00286319642
0.00993508752
0.0155646335
0.0347781554
0.0694063753
0.153663278
0.16301991
0
0
0
0
-0.123927198
-0.127282098
-0.137508631
-0.0447691455
-0.14487122
0.11635308
0.267237097
0.58747685
0.365581453
0.223823234
0.223507345
0.210079685
0.148855671
0.13473478
0.128523901
0.154715911
0.0704365149
-0.00218030624
-0.0781785548
-0.0485541299
0
0
0
0
0.00871663354
0.05840059
0.0424923003
0.0146753723
-0.370039284
-0.338703871
-0.427167654
-0.30839318
-0.426044941
-0.406503558
-0.338354647
-0.292903662
-0.211788327
-0.276929766
-0.450634211
-0.672549367
-0.78069526
-0.950962007
-1.06074572
-0.954268515
0
0
0
0
0.103929684
0.161499918
0.160492659
-0.0422363505
-0.761819303
-1.07139587
-1.52608156
-1.75970757
-1.71669364
-1.59018922
-1.45071733
-1.41261435
-1.33745885
-1.44385433
-1.5518645
-1.64158916
-1.61279237
-1.54424286
-1.47786689
-1.2498405
0
0
0
0
0.187284142
0.27755788
0.3896887
0.369923145
-0.0556054376
-0.487580866
-0.848370016
-1.15237522
-1.30720854
-1.43924403
-1.56385505
-1.50277233
-1.34588802
-1.12075603
-0.877341509
-0.670877516
-0.355742872
-0.0216224808
0.111566216
0.163246706
0
0
0
0
0.255373597
0.496611625
0.721739471
1.11339045
1.22889221
0.971518457
0.874311209
0.764618576
0.584768534
0.384258956
0.26934126
0.307630062
0.444969773
0.819857717
1.12859249
1.31440997
1.44348848
1.44422066
1.2632004
1.02664518
0
0
0
0
0.123176485
0.359735608
0.610606968
1.00024068
1.35874438
1.43174744
1.49249125
1.56258583
1.63028288
1.60747659
1.51601267
1.44259787
1.34424102
1.29485726
1.23113036
1.11174893
1.01881111
0.932804883
0.735109091
0.4882195
0
0
0
0
0
0.0835334733
0.172866479
0.26457563
0.444413453
0.611372769
0.709693253
0.805042446
0.934152424
1.04164732
1.04289424
0.946482122
0.718291581
0.474707484
0.348695517
0.195714921
0.0448418632
0
0
0
0
0
0
0
0
0
0
0
0
0
0
0
0
0
0
0
0
0
0
0
0
0
0
0
0
0
0
0
0
-0.129084185
-0.589732885
-1.16599584
-1.68633831
-1.98268676
-2.02232194
-1.99814963
-1.79910898
-1.27925682
-0.647986531
-0.202038735
0.124263138
0.0140038868
0
0
0
0
0
0
0
0
0
0
-0.129084185
-0.650020123
-1.40855396
-2.0353241
-2.22907209
-2.0230062
-1.72809851
-1.61490583
-1.59745252
-1.37402213
-0.868195355
-0.324003696
0.144405931
0.0774291977
0
0
0
0
0
0
0
0
0
-0.0397182107
-0.464586228
-1.22459853
-1.77145362
-1.81059158
-1.09208584
-0.174829349
0.514923453
0.255302697
-0.324203491
-0.743238389
-0.722815216
-0.18897225
0.254436493
0.170784891
0
0
0
0
0
0
0
0
0
-0.117963247
-0.703141272
-1.27783918
-1.10522282
-0.353532702
1.04170835
2.12350798
2.32510638
1.67886281
0.740910232
-0.17390275
-0.410689622
0.15043658
0.479092479
0.244164735
0
0
0
0
0
0
0
0
0
-0.0983206332
-0.328895777
-0.086007677
0.587318361
1.38310933
2.40712285
2.52244568
1.90035689
1.09125197
0.390621275
-0.164607286
0.0508146435
0.426905811
0.599562466
0.280764163
0
0
0
0
0
0
0
0
0
0.0283924863
0.411974013
1.05383885
1.59628928
1.94145489
1.92882419
1.43508434
0.500468016
-0.294452399
-0.443041593
-0.159332693
0.448322237
0.738218188
0.739677727
0.18009828
0
0
0
0
0
0
0
0
0
0.131830901
0.71202153
1.3188107
1.51055503
1.27013755
0.83894217
-0.00591176329
-1.08229685
-1.20057356
-0.754885554
0.169615924
0.968675256
1.05577528
0.690971613
0.06028229
0
0
0
0
0
0
0
0
0
0.098105453
0.447217464
0.758616924
0.770603001
0.60336709
0.0425072573
-0.839155436
-1.22405803
-0.9981125
-0.117819503
0.959756553
1.34224486
1.07295251
0.433375567
0.0426323079
0
0
0
0
0
0
0
0
0
0
0.0394969992
0.0636032
0.0634576678
-0.0731783733
-0.614857435
-1.29574037
-1.30047894
-0.482720017
0.772503793
1.67684448
1.46122599
0.901384413
0.215817183
-0.0164164156
0
0
0
0
0
0
0
0
0
0
0
0
-0.0190952942
-0.418064058
-1.08415306
-1.34008956
-0.918631434
0.40105024
1.5188278
1.78136766
1.17614412
0.511581004
-0.00714477152
-0.00397080835
0
0
0
0
0
0
0
0
0
0
0
0
-0.179672092
-0.840121329
-1.40539348
-1.2155776
-0.164038479
1.2299999
1.7169441
1.43143308
0.701350152
0.129869878
-0.0250160918
0
0
0
0
0
0
0
0
0
0
0
0
-0.059577316
-0.541904628
-1.17007375
-1.26870513
-0.718305528
0.626576066
1.63023794
1.5870899
0.982750118
0.2564179
-0.0459070355
0
0
0
0
0
0
0
0
0
0
0
0
-0.0145124234
-0.271228045
-0.946328402
-1.24217296
-0.902492225
0.140856639
1.29764903
1.4935956
1.18252635
0.455092609
-0.0155021539
-0.00476496993
0
0
0
0
0
0
0
0
0
0
0
0
-0.123963177
-0.672771692
-1.24450433
-1.14131927
-0.444712907
0.846876502
1.59685969
1.33250022
0.766780496
0.0918286145
-0.0138978297
0
0
0
0
0
0
0
0
0
0
0
0
0
-0.345771492
-1.03086281
-1.21889687
-0.824637949
0.44415015
1.4845953
1.57791865
1.04522169
0.367358297
-0.0447157919
0
0
0
0
0
0
0
0
0
0
0
0
0
0
-0.483001947
-0.979647338
-0.919501066
-0.458660007
0.933193028
1.39016819
1.24751639
0.500165939
-0.00460742414
-0.0630927905
-0.0299357343
-0.0205980167
-0.0523768365
-0.098911263
-0.229991764
-0.427506804
-0.634429455
-0.778585434
-0.616499305
-0.389535397
0
0
0
0
-0.384384304
-0.591100335
-0.555702209
-0.391140699
0.46633026
0.0971468687
-0.260890603
-1.02209306
-1.25902152
-1.03580618
-0.863459229
-0.817046285
-1.02676368
-1.24952197
-1.51843762
-1.63618159
-1.73595572
-1.81320083
-1.476794
-0.976961851
0
0
0
0
-0.0842517838
-0.0823015198
-0.150389105
-0.507237375
-0.508311391
-1.05055308
-1.52226865
-2.08747458
-1.97898114
-1.82592952
-1.75659513
-1.80663931
-1.99132967
-2.08858895
-2.15276909
-2.02344322
-1.83393443
-1.59014654
-1.09329951
-0.585069478
0
0
0
0
0.278073072
0.544682622
0.645854354
0.236744821
-0.223760918
-0.6337502
-1.17207539
-1.52448225
-1.73156869
-1.76783669
-1.58110869
-1.4033308
-1.2134515
-1.02316201
-0.667126477
-0.13348639
0.123382837
0.290677994
0.473852813
0.430750042
0
0
0
0
0.491271824
1.03655827
1.37535858
1.47319329
1.35558808
1.14410317
0.701537728
0.604103982
0.420494646
0.312788844
0.454964638
0.636124372
0.917892516
1.12367594
1.45784628
1.81669033
1.97662568
2.06539345
1.71685374
1.16700709
0
0
0
0
0.464164943
1.10526061
1.64029121
2.08925343
2.21618056
2.36767912
2.34848762
2.34739661
2.26593757
2.19252777
2.16184425
2.14966011
2.28303099
2.36411881
2.42067575
2.29156613
2.05430079
1.89621913
1.61861813
1.05766225
0
0
0
0
0.22169283
0.651116133
1.16334426
1.55654192
1.63293779
1.75096011
1.8955971
2.05434775
2.12253499
2.11292458
2.01733112
1.9101491
1.77852952
1.50588322
1.35659337
1.19384837
0.931597412
0.725406647
0.486218005
0.301912218
0
0
0
0
0
0.150343418
0.311520219
0.469740808
0.621260524
0.6353392
0.800612688
0.970015824
1.13470674
1.09974647
0.895861328
0.727924228
0.461818576
0.301569879
0.155096278
0.00157287705
-0.016280314
0
0
0
0
0
0
0
0
0
0
0
0
0
0
0
0
0
0
0
0
0
0
0
0
0
0
0
0
0
0
0
0
-0.0639764592
-0.0752253756
-0.0818637013
0.207979813
0.66878891
0.904232562
0.962135851
0.915803671
0.766995311
0.617810369
0.52322185
0.231090486
0.0257675927
0
0
0
0
0
0
0
0
0
0
-0.0639764592
-0.0331759118
0.157439008
0.696736455
1.37178266
1.76266432
2.07135034
2.06770658
1.77744484
1.38416648
1.125772
0.831442237
0.475469351
0.109763227
0
0
0
0
0
0
0
0
0
-0.0196850635
0.017447833
0.262279987
0.771362364
1.70992434
2.23126984
2.46943641
2.2793982
2.02848506
1.86397994
1.52110028
1.24557304
1.0692898
0.672643542
0.165332571
0
0
0
0
0
0
0
0
0
0.0121070398
0.246409371
0.687073052
1.39831412
1.95098829
2.18341637
1.68671942
1.18308616
1.18077707
1.42759967
1.70400715
1.73530257
1.42318773
0.717380285
0.170924574
0
0
0
0
0
0
0
0
0
0.099250719
0.523006976
1.16274893
1.49089015
1.45330989
1.12699103
0.723840117
0.566051185
0.667115211
1.09858716
1.68195033
1.76117444
1.45255458
0.773260772
0.166771457
0
0
0
0
0
0
0
0
0
0.0597743504
0.360505074
0.75056082
0.811289847
0.695287168
0.529442072
0.364058256
0.301072091
0.698296368
1.39686573
1.85398877
1.85361242
1.4046123
0.702466309
0.117965221
0
0
0
0
0
0
0
0
0
0.00777234603
0.0885505304
0.188998759
0.211422533
0.195993409
0.240363598
0.150421217
0.380823553
0.888308465
1.7335459
1.94725776
1.6841172
1.09869933
0.486175865
0.136150822
0
0
0
0
0
0
0
0
0
0.00434290944
0.00325559382
-0.0116380472
-0.00723611517
0.114821471
0.23267667
0.357769132
0.623705506
1.36356556
1.89352608
1.9431237
1.43476391
0.768067658
0.322303653
0.0350634381
0
0
0
0
0
0
0
0
0
0
0.00174844393
-0.00415795809
-0.00327942427
-0.0604820587
0.0156822409
0.327334613
1.13470197
1.88248312
2.01076937
1.63852262
0.922751188
0.483936012
0.190689683
0.0436223224
0
0
0
0
0
0
0
0
0
0
0
0
-0.00946397334
0.040478792
0.26005879
0.754411578
1.62373424
1.94973695
1.77484751
1.07825482
0.571909964
0.29891932
0.124949574
0.00718225725
0
0
0
0
0
0
0
0
0
0
0
0
-0.0551200137
0.160107061
0.562076926
1.39356244
1.89567363
1.88923991
1.37348068
0.722528994
0.35237956
0.144565269
0.0452482179
0
0
0
0
0
0
0
0
0
0
0
0
-0.0295275971
0.0485619381
0.367590487
1.06441653
1.8428266
1.96327257
1.56702995
0.841724336
0.459623277
0.196344525
0.0997496843
0
0
0
0
0
0
0
0
0
0
0
0
-0.00719261961
-0.0218641926
0.23020421
0.712051749
1.52466834
1.87652743
1.84293234
1.25860119
0.664854109
0.276098877
0.105920069
0.0086187087
0
0
0
0
0
0
0
0
0
0
0
0
-0.035652563
0.0823280737
0.437301368
1.23351693
1.89504027
1.96468914
1.50711966
0.872728646
0.404511303
0.141226143
0.0251378994
0
0
0
0
0
0
0
0
0
0
0
0
0
0.0263742004
0.308546603
0.792201877
1.66273856
2.00077295
1.85763216
1.13135803
0.549367309
0.276348054
0.0975950062
0
0
0
0
0
0
0
0
0
0
0
0
0
0
0.20240666
0.627600372
1.17818606
1.69773591
1.81936014
1.45158076
0.839527965
0.381765157
0.119665712
0.03157508
0.0314705297
0.0122295814
-0.0145001048
-0.0287850481
-0.0602464639
-0.104556523
-0.150916919
-0.028118005
0.122071438
0.185462996
0
0
0
0
0.294364482
0.843903065
1.32580173
1.60828066
1.54483831
1.02236652
0.702063799
0.382509351
0.313403755
0.24236533
0.273319155
0.160483196
0.0274193566
0.01410338
0.23833783
0.446906477
0.590903401
0.702010274
0.658289611
0.612498403
0
0
0
0
0.336028963
0.925037444
1.36619711
1.77502751
1.88989747
1.77631092
1.57577384
1.36401451
1.15609694
1.02080953
0.899049461
0.886580527
0.972237825
1.11777604
1.32276225
1.53690088
1.71603274
1.82575309
1.6894902
1.21139586
0
0
0
0
0.349617392
0.957242787
1.48428988
1.88660216
2.32767034
2.41242838
2.22926497
2.0544939
1.97290826
1.99566019
2.01050234
2.11403966
2.13493419
2.15479517
2.25078535
2.26203299
2.04785371
1.91489303
1.59194446
1.09012294
0
0
0
0
0.157263607
0.629447877
1.06458175
1.48731399
1.9157753
2.04756522
2.11761069
2.09694719
2.21439886
2.18039489
2.05336952
1.8891573
1.74258661
1.59729445
1.49160075
1.26951003
1.07852697
0.952635288
0.892332017
0.634250581
0
0
0
0
0.0249235015
0.176170528
0.384491712
0.65299201
0.853631914
0.963861346
1.08565307
1.24269128
1.34847748
1.35147488
1.28366196
1.11782801
0.910821557
0.670696855
0.53373909
0.518546164
0.390053391
0.320179105
0.272010624
0.250449926
0
0
0
0
0.00981384702
-0.0073506874
0.0465859994
0.0938487351
0.284913987
0.310323119
0.339168191
0.393092513
0.418312788
0.435567945
0.350146681
0.323568434
0.274355233
0.241388977
0.221079171
0.178039581
0.192714661
0.213204995
0.194420666
0.134621724
0
0
0
0
0
0.00665536709
-0.0127540985
-0.0146376947
0.00931510236
0.097507827
0.0988301709
0.0839295387
0.0919007361
0.134949982
0.211984709
0.218196154
0.193925828
0.12840344
0.112991288
0.0966797844
0.0294472538
0
0
0
0
0
0
0
0
0
0
0
0
0
0
0
0
0
0
0
0
0
0
0
0
0
0
0
0
0
0
0
0
0.0891117826
0.07860405
0.108470045
0.171649173
-0.0539736822
-0.11323873
-0.116716288
-0.0841531083
-0.100818604
-0.0167642981
-0.177072257
-0.183887631
-0.0332383402
0
0
0
0
0
0
0
0
0
0
0.0891117826
0.0786306262
-0.0885464177
-0.0751413181
-0.199974552
-0.208782539
-0.129317328
0.196925566
0.401234239
0.404774338
0.212725297
-0.0550837927
-0.200994119
-0.117304482
0
0
0
0
0
0
0
0
0
0.0274190102
0.115027465
-0.239957497
-0.436563045
-0.19555077
0.07386107
-0.0543766245
0.0237453561
0.463875741
0.330294281
0.53837347
0.485918105
0.0149837555
-0.287044406
-0.099532783
0
0
0
0
0
0
0
0
0
0.040627297
-0.169401273
-0.607597828
-0.134953707
0.371528596
0.408967078
0.385164738
0.550667703
0.197761372
0.143678531
0.585125864
0.545269191
-4.3585791e-05
-0.266416579
-0.0752236098
0
0
0
0
0
0
0
0
0
-0.0786552429
-0.587446153
-0.383921564
0.324043781
0.967459381
0.820916235
0.534721553
0.189390138
-0.243389741
-0.0980189517
0.436981052
0.807296336
0.135970935
-0.267996162
-0.17538394
0
0
0
0
0
0
0
0
0
-0.175389662
-0.495696157
-0.03265021
0.890241086
1.07863772
0.305220783
-0.0214305036
-0.0290476065
-0.373488724
0.0831166357
0.75211668
0.915895641
0.0469731912
-0.327778727
-0.0595091768
0
0
0
0
0
0
0
0
0
-0.0544326082
-0.0878473595
0.24568896
0.657032609
0.174263328
-0.0520235524
-0.0126473
-0.361678898
-0.28978616
0.0969497263
0.885375142
0.615087509
-0.01634885
-0.168746546
-0.0338796675
0
0
0
0
0
0
0
0
0
0.0484637767
0.107040815
0.147538006
0.155800074
0.0780456439
0.0627229363
-0.0814241245
-0.502715468
-0.0605328381
0.479318678
0.953655005
0.454600543
-0.102095723
-0.193419278
-0.0269254949
0
0
0
0
0
0
0
0
0
0
0.0195113905
0.00494901091
0.0158337392
0.0958961621
-0.0395585112
-0.395952821
-0.211410537
0.154808223
0.819175184
0.702548146
0.211818367
-0.176384255
-0.109060429
0.0102168368
0
0
0
0
0
0
0
0
0
0
0
0
0.0131822163
0.115358673
-0.278250039
-0.410360843
-0.0323342644
0.593061864
0.920735657
0.33277896
-0.0044986899
-0.220930204
0.00985293835
0.00245160074
0
0
0
0
0
0
0
0
0
0
0
0
0.104415685
-0.207255706
-0.400514603
-0.0446663685
0.41551283
0.984704137
0.531849146
0.0140532581
-0.227118358
-0.0493128262
0.0154450843
0
0
0
0
0
0
0
0
0
0
0
0
0.0411285162
0.0677141324
-0.534084737
-0.256382436
0.210856721
0.898241341
0.703787625
0.0753328577
-0.144085944
-0.092795141
0.0284407698
0
0
0
0
0
0
0
0
0
0
0
0
0.0100184847
0.0993293524
-0.279302269
-0.440075636
0.0874188244
0.677733243
0.978355646
0.304902911
-0.154730588
-0.19554168
0.015771335
0.00294192089
0
0
0
0
0
0
0
0
0
0
0
0
0.0706662089
-0.0357527658
-0.535015643
-0.0973181352
0.338223487
0.971194506
0.514745355
0.00591522316
-0.211129472
-0.0396539718
0.00858060271
0
0
0
0
0
0
0
0
0
0
0
0
0
0.102081247
-0.393469274
-0.318388969
0.121649094
0.740240753
0.829519808
0.229942665
-0.0392544419
-0.162322536
0.0277052894
0
0
0
0
0
0
0
0
0
0
0
0
0
0
-0.0934034288
-0.591803372
0.039909184
0.578491032
1.03269994
0.516208529
-0.076976873
-0.290332228
-0.056486398
-0.00699292077
-0.0149289286
-0.01285889
0.00159847888
0.0257329121
0.0753902867
0.0325781815
0.103570916
0.0916798785
-0.104782611
-0.0674354136
0
0
0
0
-0.384142041
-0.441303849
0.362490654
1.19989443
0.942034483
0.230727687
-0.167573377
-0.134825692
-0.071331434
-0.0785358697
-0.108985871
-0.0911402479
-0.0267016962
0.0525925234
0.0264075622
-0.1066323
-0.108294941
-0.123739533
-0.123846248
-0.0909068957
0
0
0
0
-0.479824543
-0.264660984
0.463049799
1.23347259
0.619705379
0.00155425852
-0.281950444
-0.0328937992
-0.0191290453
0.0208813027
-0.00165263528
-0.0415578708
-0.114077143
-0.125197858
-0.289398938
-0.268349588
-0.0661203638
0.0386179574
0.112152971
0.255095989
0
0
0
0
-0.49985835
-0.272761703
0.401403427
0.665783107
0.337764233
-0.0506610237
0.102449149
0.182412758
0.391965061
0.328797698
0.0561521463
-0.278377056
-0.266211212
0.0194015242
-0.0043567135
0.061207965
0.254590392
0.258912921
0.558958411
0.579577923
0
0
0
0
-0.387958199
-0.260092825
0.308949292
0.340227157
0.255758494
0.150707856
0.177659929
0.0977829769
0.170872822
0.0984128416
0.0642554834
0.036433395
0.248252556
0.319341332
0.319872051
0.388969362
0.499116868
0.327374727
0.329107553
0.39554292
0
0
0
0
-0.0408709757
-0.138605207
0.230539083
0.33119449
0.406930894
0.236907721
0.0999240205
0.163084045
0.300370485
0.532905936
0.503523648
0.406888694
0.346726239
0.469760299
0.337330908
0.281558573
0.242118239
0.14348498
0.127700701
0.135423541
0
0
0
0
0.109515548
-0.0101452312
0.225550324
0.322902501
0.292684466
0.193544254
0.146117032
0.287121564
0.331466526
0.376845598
0.240445226
0.127565682
0.240254596
0.254527688
0.158432856
0.117313728
0.166387051
0.150884077
0.10110788
0.0722995773
0
0
0
0
0
0.0742691606
0.0531302989
0.126473069
0.0982155055
0.152877688
0.200011328
0.209207267
0.252595097
0.178298399
0.199656144
0.144475713
0.0987816751
0.0743448809
0.0232559498
0.0192414224
0.0100515634
0
0
0
0
0
0
0
0
0
0
0
0
0
0
0
0
0
0
0
0
0
0
0
0
0
0
0
0
0
0
0
0
0.115686432
0.294806659
0.468024492
0.713279724
0.893082261
1.19212854
1.38037121
1.34948432
1.11017382
0.665023983
0.398515284
0.147688791
0.00358678168
0
0
0
0
0
0
0
0
0
0
0.115686432
0.272155255
0.469843477
0.928601205
1.34382772
1.48546565
1.61461282
1.80065608
1.77419388
1.55856633
1.06397974
0.584192157
0.364388525
0.04646172
0
0
0
0
0
0
0
0
0
0.0355958268
0.151581421
0.496717632
0.872611463
1.48217964
1.78256106
1.87623465
1.68629432
1.69621956
1.75502658
1.52584648
1.18769217
0.625110924
0.416730046
0.144131899
0
0
0
0
0
0
0
0
0
0.0304851998
0.194861531
0.750442684
1.48249853
2.07065225
2.08343863
1.67726529
1.45568967
1.26139092
1.50595224
1.59887826
1.10192311
0.628070533
0.244708598
0.136621669
0
0
0
0
0
0
0
0
0
-0.0362712592
0.0848111138
0.924157023
1.90170074
1.90750384
1.61885643
1.00671196
0.739826441
1.07325745
1.59610403
2.11339712
1.46991825
0.657537222
0.0960574374
0.008029107
0
0
0
0
0
0
0
0
0
0.0190473963
0.269811332
0.981242836
1.49314463
1.13910294
0.430921108
0.209530875
0.319524616
0.889657974
1.82950437
2.35367393
1.71910691
0.599322677
0.0590905957
-0.0435648412
0
0
0
0
0
0
0
0
0
0.0629549921
0.395673513
0.881259561
0.952809155
0.409208864
-0.0796489045
0.0492192805
0.383698076
1.17281759
2.22165871
2.31328273
1.55336797
0.340350151
-0.0204877425
-0.0847798809
0
0
0
0
0
0
0
0
0
0.0405390523
0.212544098
0.399245232
0.334601343
0.099798955
-0.0344322994
0.179322615
0.849861801
1.80315495
2.48206568
2.16467619
1.07437968
0.0651225746
-0.175343931
-0.0553515144
0
0
0
0
0
0
0
0
0
0
0.0163209159
0.0360777751
0.024514487
0.131905437
0.275777251
0.471463323
1.33758807
2.1981101
2.33689189
1.72836339
0.473315567
-0.089438431
-0.188427344
-0.0347710587
0
0
0
0
0
0
0
0
0
0
0
0
0.0171133783
0.110286333
0.537418783
1.08661175
2.00912189
2.43130398
2.00228357
0.892352939
0.00085839181
-0.185158193
-0.115665525
-0.00479453988
0
0
0
0
0
0
0
0
0
0
0
0
0.124853335
0.292571545
0.716967583
1.73678184
2.34105253
2.25065112
1.3200506
0.236964598
-0.182388484
-0.151059568
-0.0302056
0
0
0
0
0
0
0
0
0
0
0
0
0.0533937402
0.162539378
0.607089877
1.33811295
2.23451757
2.34261417
1.69451761
0.511666775
-0.0461247601
-0.157364339
-0.0733692348
0
0
0
0
0
0
0
0
0
0
0
0
0.0130061675
0.122817889
0.357354015
0.958204508
2.09164119
2.47221231
2.02616382
0.895199537
0.0109280068
-0.181776002
-0.0864709765
-0.00575344777
0
0
0
0
0
0
0
0
0
0
0
0
0.083607398
0.241360143
0.661750376
1.5679127
2.38744617
2.34552574
1.50850689
0.303353995
-0.0771704093
-0.1565018
-0.0167808905
0
0
0
0
0
0
0
0
0
0
0
0
0
0.111266494
0.507082999
1.12518525
2.17860627
2.38530779
1.94518006
0.691101849
-0.042166356
-0.163921237
-0.0719308704
0
0
0
0
0
0
0
0
0
0
0
0
0
0
0.0638870299
0.80005008
1.72329652
2.54283643
2.2517128
1.34978771
0.264592886
-0.167540044
-0.104395568
0.0112107312
0.0195962992
0.0249486677
0.033123564
0.0436902642
0.150266841
0.261684179
0.242409751
0.328309566
0.244999483
0.100228906
0
0
0
0
0.119654171
1.09749532
2.16598821
2.67163038
2.34386778
1.14812541
0.71110183
0.515921414
0.530043304
0.482772857
0.46990785
0.48010546
0.538357437
0.537594616
0.592385948
0.77713877
0.932197869
1.01433599
1.10033834
0.719359517
0
0
0
0
0.182217792
1.30525684
2.36862469
2.40733266
2.06281304
1.32083225
1.33164692
1.44743931
1.57027256
1.47975755
1.30809152
1.21646142
1.25784898
1.36914182
1.43516052
1.52817452
1.56025302
1.50284231
1.472368
1.17386866
0
0
0
0
0.154753998
1.04501319
2.13045645
1.99117577
1.57226884
1.39064372
1.50390923
1.76894438
1.79569554
1.75263333
1.49995053
1.49762952
1.47992671
1.46401942
1.48076987
1.6167959
1.59327626
1.37082183
1.18635631
0.799647212
0
0
0
0
0.233904228
0.7890746
1.49508715
1.56717527
1.2066673
1.2251941
1.1968013
1.4534235
1.55328274
1.54572582
1.42742264
1.35299873
1.49348402
1.38378453
1.22062218
1.18884456
1.09559631
0.943689227
0.706130266
0.350464463
0
0
0
0
0.210964307
0.693593204
1.07078755
1.28470278
1.05283391
1.0092448
1.01641595
1.10110927
1.16404378
1.06133008
0.992699802
0.89193517
0.991604745
1.01930821
0.898368239
0.783662677
0.670447946
0.532918215
0.420804083
0.184625402
0
0
0
0
0.0916077271
0.337031305
0.619649768
0.790214896
0.680430233
0.617891669
0.715181112
0.872974336
0.934178472
0.839065492
0.658678889
0.526798368
0.496716082
0.408945769
0.287769049
0.240836412
0.193797141
0.142103702
0.0797995254
0.0253659319
0
0
0
0
0
0.0621247776
0.166013032
0.204823017
0.229739457
0.196796373
0.277101278
0.36433515
0.398332655
0.343413144
0.200759441
0.14463149
0.0726202801
0.0212964714
-0.0225312356
-0.050823655
-0.0196576137
0
0
0
0
0
0
0
0
0
0
0
0
0
0
0
0
0
0
0
0
0
0
0
0
0
0
0
0
0
0
0
0
0.153757796
0.342402697
0.567766666
0.56804949
0.467356801
0.368626058
0.301424176
0.0525734089
-0.270132393
-0.435742408
-0.331737578
-0.190881386
-0.0114362417
0
0
0
0
0
0
0
0
0
0
0.153757796
0.344315022
0.74113816
0.90956974
0.675446451
0.346659184
0.0952635035
-0.0160588399
-0.209866792
-0.547410011
-0.927439809
-0.801969409
-0.512798369
-0.0808263794
0
0
0
0
0
0
0
0
0
0.0473100916
0.26679185
0.75382036
1.17804015
0.903336942
0.277838379
-0.119619973
-0.348481715
-0.178895503
-0.0117458785
-0.334775865
-0.971375406
-1.16488993
-0.889955938
-0.238372341
0
0
0
0
0
0
0
0
0
0.0719315782
0.507234395
1.20925701
1.25159883
0.699173033
-0.0332186818
-0.227238625
0.117268443
0.736534715
1.08544874
0.399445266
-0.667033732
-1.34668624
-1.12368059
-0.390573949
0
0
0
0
0
0
0
0
0
0.0546566099
0.597698987
1.20885086
1.00443327
0.415996075
-0.280466795
-0.257471412
0.351506084
1.31097662
1.77409542
1.07436109
-0.394188076
-1.37507331
-1.13870275
-0.405584067
0
0
0
0
0
0
0
0
0
0.135089427
0.736667931
1.08544147
0.830570102
0.242618054
-0.292056501
0.00314790918
0.586813867
1.53807294
1.86735106
0.96148771
-0.589463413
-1.30163121
-1.08890975
-0.31294933
0
0
0
0
0
0
0
0
0
0.120114885
0.548853755
0.753798902
0.602509439
0.252420992
0.0168699753
0.040562924
0.813043118
1.57826006
1.39523983
0.471108466
-0.903946638
-1.19663358
-0.951216698
-0.199840516
0
0
0
0
0
0
0
0
0
0.0500959605
0.244082823
0.417302012
0.426185966
0.200143397
0.0178133417
0.430131584
1.32273006
1.56743598
1.03538275
-0.191583842
-1.11851072
-1.09064221
-0.635091782
-0.0811136663
0
0
0
0
0
0
0
0
0
0
0.0201685019
0.0302484874
0.0482583903
0.17707631
0.404052138
1.01918054
1.51994288
1.16772544
0.410378903
-0.770754755
-1.00563407
-0.752066314
-0.322483569
-0.0277354792
0
0
0
0
0
0
0
0
0
0
0
0
0.0227452368
0.235227361
0.785769105
1.41626704
1.34642315
0.627242327
-0.309661299
-0.967230916
-0.727945089
-0.482047141
-0.108659983
-0.00319757685
0
0
0
0
0
0
0
0
0
0
0
0
0.18104431
0.5657987
1.28274941
1.50209975
0.986939192
-0.136735752
-0.838319361
-0.853357553
-0.482423812
-0.201935291
-0.0201447345
0
0
0
0
0
0
0
0
0
0
0
0
0.0709651411
0.307580948
1.07357705
1.52245951
1.13483739
0.26407513
-0.773164988
-0.908500791
-0.645125985
-0.264933854
-0.0543865822
0
0
0
0
0
0
0
0
0
0
0
0
0.0172863808
0.196922258
0.67678535
1.50643957
1.55496454
0.878798485
-0.427188128
-1.04744673
-0.830427885
-0.474835545
-0.0770370364
-0.00383709231
0
0
0
0
0
0
0
0
0
0
0
0
0.122600026
0.419885635
1.19252896
1.58846629
1.0811466
0.195250377
-0.940918088
-0.989340127
-0.688349366
-0.196134835
-0.011191519
0
0
0
0
0
0
0
0
0
0
0
0
0
0.249423236
0.835146368
1.56724191
1.39713454
0.654839694
-0.561335146
-1.05585635
-0.79320991
-0.459600717
-0.0534273125
0
0
0
0
0
0
0
0
0
0
0
0
0
0
0.389558285
1.29878163
1.67972517
1.21650267
-0.04425852
-0.936476648
-0.9656564
-0.527609706
-0.163161561
-0.00264811912
-0.00236547459
0.0135368202
0.0307111349
0.0527595952
0.163834929
0.23591499
0.272095263
0.257652879
0.0880146921
-0.00964386668
0
0
0
0
0.644518316
1.61080813
1.69903314
1.23273051
-0.301845461
-0.582725942
-0.441106409
0.060193561
0.214254975
0.175412387
0.15161112
0.258291543
0.389273345
0.42523995
0.417580396
0.475906193
0.435054749
0.338444084
0.0829560459
-0.248702019
0
0
0
0
0.77975595
1.7302953
1.78199196
1.10804045
-0.371701151
-0.480563253
-0.54597646
-0.0222535953
0.0652767047
-0.0346845612
-0.0302051529
0.091405265
0.320001751
0.321331441
0.343067735
0.239586189
0.0880909711
-0.0723744258
-0.455461323
-0.774352551
0
0
0
0
0.692947149
1.490376
1.67753696
1.0366751
-0.146075636
-0.441532761
-0.351938277
-0.0631226227
-0.114279769
-0.335689485
-0.414195687
-0.274788976
-0.129695475
-0.181375816
-0.17978245
-0.277670681
-0.378858805
-0.390083909
-0.689030886
-0.946561277
0
0
0
0
0.612842083
1.14058137
1.42486799
1.12170374
0.332633495
-0.196692795
-0.151412636
-0.00478030555
-0.154281929
-0.353948802
-0.511279881
-0.398061842
-0.21851714
-0.171044871
-0.0768355727
-0.061854776
0.0825059637
0.0938219726
-0.167240679
-0.425862044
0
0
0
0
0.356327087
0.811115742
1.1672157
1.07557106
0.808057308
0.612453043
0.728566647
0.786139071
0.66825372
0.381495953
0.0309275575
0.0957068652
0.196968302
0.360201389
0.386272967
0.341306776
0.392976642
0.471011758
0.335888267
0.126809567
0
0
0
0
0.113203853
0.400878757
0.729947507
0.735373437
0.683313251
0.625002861
0.742984295
0.767480254
0.725726902
0.599774361
0.448816717
0.48567006
0.393546402
0.361267686
0.400385588
0.357759446
0.329393685
0.233096555
0.143297374
0.103362083
0
0
0
0
0
0.0767704323
0.150586441
0.29629755
0.283993483
0.27346015
0.354176909
0.458210737
0.55674994
0.465711445
0.358470261
0.220803395
0.143991545
0.104594707
-0.00886981934
-0.0457065888
-0.0131100649
0
0
0
0
0
0
0
0
0
0
0
0
0
0
0
0
0
0
0
0
0
0
0
0
0
0
0
