0.730930567
-0.463291556
-0.0797067359
2.65515256
1.25389826
-1.77541459
-0.740271389
0.708491862
0.240522057
-0.249771923
0.462847382
0.863849342
-1.68911862
-2.34915709
-0.118411228
1.04063869
-0.686848819
-0.191177413
0.0398998111
-1.69582915
-2.53532815
-0.784562945
0.801371336
0.825867414
0.0704088584
1.40892529
0.481956512
-2.04239798
-1.39915228
0.381306678
0.815738678
0.227828026
2.27454662
2.61204362
-0.580310524
-2.07070708
-0.691344559
0.292158782
-0.0809724331
-0.372507155
3.28204441
1.5712899
-2.31726623
-2.36488771
-1.06055653
-0.919540644
-1.23946011
-1.28606355
2.44866014
-0.0976668522
-2.95145607
-3.0702424
-2.90160251
-3.11690688
-2.8203578
-2.75690913
0.842040837
-1.06196034
-2.72913957
-2.7565217
-2.57312965
-2.47379088
-2.06051707
-1.58549809
-0.460370213
-1.96296203
-1.33838344
-0.592306077
-0.0443327576
1.84725201
1.69422126
0.358765513
-3.05654049
-3.39018273
-2.83004689
-1.4827801
0.0407021977
1.37059247
0.216221511
-0.553431153
-2.26159525
-1.89732027
-1.12786269
-0.379502833
1.05718434
0.0983419046
-1.26050007
-0.667726219
-0.34785676
0.0496925823
0.178575158
0.554184973
0.0411544293
-1.52233315
-1.65437675
-0.346889198
-0.0291037131
0.355403513
-0.0185526647
0.280392647
-1.06737983
-1.67229652
-0.356087446
0.409675896
-0.0336104855
-0.134587586
0.0645935833
0.422860056
0.318273336
1.41220868
2.82852292
2.97861743
0.734697938
0.649064958
1.32955837
1.36884379
2.31749773
4.14806795
4.82324219
4.91921759
0.33399424
1.44574463
2.45442414
3.00145006
3.95594263
4.20570183
3.7043283
3.33645654
3.15617204
2.95008373
2.19823813
0.743097305
-0.737092495
-1.55420053
-0.996843576
-0.319914997
0.79367429
-0.818079352
-1.52488422
-2.01687336
-3.44943285
-2.75229669
-0.549734533
0.173944667
-2.0007863
-3.34028435
-4.0738821
-3.98583341
-3.65057445
-1.59092796
0.34552604
0.40948385
-1.97046757
-2.79930854
-3.48360848
-3.38928628
-2.00457478
-0.010648299
0.541451037
-0.102887802
-0.748308003
-1.63339972
-2.87690568
-2.54379296
-1.08727968
-0.244039074
-0.721401811
-1.2059921
-1.27612185
-2.52485323
-4.6692071
-4.06009054
-2.84746599
-3.28066802
-4.07969713
-4.43204451
-1.47001469
-3.27681494
-4.86823654
-5.17907
-5.38899374
-5.61715174
-5.23446989
-4.0206852
2.09891176
1.98949921
2.48028612
2.61804438
2.17304397
2.15272689
3.19760513
3.98011899
1.45822728
0.360370606
-2.61892414
-0.757810235
1.52495408
-0.996777236
-2.69628859
-0.772547483
0.343396306
-2.25759721
-4.38220835
-1.0649215
-0.534044325
-4.40160799
-3.46452999
-0.449436486
-1.89971006
-4.21497107
-3.28068089
-0.317294866
-2.22366953
-4.80721998
-2.71876121
-0.489120305
-2.54009104
-1.07776141
1.975366
1.24433744
-3.17321324
-3.49547863
-1.67498958
-0.793700099
-0.689858973
2.47627163
3.53012896
-0.952475667
-4.02427483
-2.87981606
-1.71904111
-0.981434882
1.14312196
3.61712575
1.01184952
-3.827142
-4.02468777
-2.45142817
-1.66854084
-0.720129013
2.7098918
3.67608285
-1.1298939
-4.11210155
-3.57972097
-2.85335326
-1.7708863
-0.850987196
2.28078246
1.54563081
-2.23149681
-2.90985584
-2.05844307
-1.5802722
-0.772115767
-0.400882691
-0.670065939
-0.833792031
-0.897077084
1.2680248
3.31639242
2.84446192
1.17848682
0.285708845
-0.978069305
-0.298598737
0.720805347
1.83018756
2.54012942
1.14126945
0.71077621
0.497390449
-0.377548516
0.250064731
0.695914805
1.40277588
0.97010988
0.850261986
0.982570469
0.649410307
-0.368601203
-0.121096164
0.647910953
1.20470905
1.13622987
1.21360123
1.03486085
0.208709344
-0.419021636
0.269318283
1.41514444
1.52314341
1.34880579
1.17389905
0.468089223
-0.109644055
-0.184383288
0.897194028
1.68284333
1.76544571
1.68440413
1.11426222
0.187634662
0.306877106
0.267888725
1.65486372
2.01280928
1.74870074
1.06661177
0.149808124
0.061469879
0.324930251
0.0577947609
1.47829664
1.87697899
1.51406705
0.466717899
-0.278753549
-0.426441938
-0.430484742
0.720810771
3.29453993
3.83786297
-0.120569341
-2.40687752
-0.338968456
1.23974538
0.324364215
2.27085471
1.95548308
-1.14494479
-3.64563894
-1.30199254
2.12034702
1.19396472
-0.408730924
0.150546193
-1.864308
-3.76098418
-1.23003769
3.07882261
2.94615769
-0.217215359
-0.903182089
-1.14795244
-2.32580471
-1.39430511
2.50254512
4.00692129
0.485569596
-1.59968865
-0.642668426
-1.59497762
-1.43113601
1.05497444
3.48168874
1.22733414
-1.73330414
-1.48842835
-0.484880835
-1.60242367
0.0870775282
2.40047717
1.66818893
-1.56896996
-2.64013004
-1.56252289
-1.33402479
-1.06847918
1.13061917
2.17526031
-0.106012844
-1.51091111
-0.568265378
0.0859617442
0.156710014
0.554243803
1.69722223
1.32535446
0.191764399
0.709323108
1.8897469
2.24435449
2.71706986
1.88319314
-0.75472033
-1.51093233
1.14064896
1.59981525
-0.262226015
-0.702736735
-0.153012842
0.314998031
-1.19157875
1.7417295
4.63297844
1.84192026
-1.23950195
-0.859807193
-0.0341287702
-0.444001615
1.12155259
4.66193295
4.0175848
-0.660342336
-2.16379356
-0.582977235
0.151460961
0.241342396
3.69991422
4.79512596
0.865985274
-1.9458909
-0.843266606
0.157429859
0.211123735
2.14642787
4.54589653
2.75005984
-1.1600641
-1.32046211
0.100591034
0.327378571
0.10699328
3.57350039
3.45697594
0.0731275231
-1.50395608
0.0597394928
0.686453581
0.579373658
0.666955292
3.91829133
1.32701445
-0.734761715
-0.0869200379
0.614973366
1.0306288
1.14635515
1.22653115
2.78022242
-0.305307567
-1.20799196
-0.596245706
-0.744549632
-0.549232602
-0.202724725
-0.653931141
0.126830205
1.14577734
1.14781928
0.429792196
0.544764578
1.03091645
-0.0481802374
-0.468781948
-0.670018375
-0.796192348
-0.593476713
-1.31765401
-1.24631393
-0.359905481
0.0688276216
0.0424322933
-0.746191978
-1.71613181
-1.74453771
-1.47482836
-1.43821585
-0.723638594
0.0708720386
0.236911356
-0.588419259
-0.931038618
-0.897735953
-0.854252517
-0.964590192
-0.643483341
-0.0101705855
0.0659315437
-0.139264986
-0.126498058
-0.314305484
-0.875172377
-1.37626255
-1.34824157
-1.11534369
-1.11074519
0.811903059
1.18899667
0.104643457
-1.11441994
-1.62168384
-1.50728035
-1.28057468
-0.816136897
1.51691687
3.64014792
4.17004919
2.76331949
1.61290121
1.02238142
1.07064772
1.64179277
-0.653069794
1.30034637
3.95495462
4.43743277
3.86971331
2.95577264
2.01574588
1.76788127
-1.60115385
-2.67966223
0.47369495
1.93154931
-1.13597322
-0.878872991
1.27747321
1.37650001
-1.35188615
-0.996203125
2.42122579
0.947129488
-3.23341775
-1.10579181
1.98640859
1.43710029
0.451511025
1.13468492
1.09553254
-2.01354861
-2.81080008
1.29994607
2.75496435
1.03968048
1.38698804
1.16386116
-1.68136787
-3.17775106
0.0480360016
3.12392282
2.00102472
0.236141756
1.16801727
-0.742159128
-2.99976587
-1.31445241
2.65293074
2.89452934
0.657178342
-0.392958522
1.23017061
-2.35571623
-2.95167851
1.02915573
2.66858029
1.03350067
-0.382575482
-0.784817517
0.872179687
-2.37992525
-0.899838984
2.05297208
1.06010735
-0.58454895
-1.01888859
-1.1028465
-0.597910821
-2.52148223
-0.0629141554
1.40892446
-0.370690912
-1.38029158
-1.29440093
-1.1943568
-0.550352156
0.275580198
1.28026474
-0.0646811053
-0.923349202
0.279045612
0.19736211
-0.686054826
0.117405035
0.575371802
0.482367992
-0.426431626
0.0734006986
1.60070288
0.186144516
-1.03300273
0.36861679
0.364304215
0.217463702
0.785307825
1.93673992
1.22479367
-0.968234837
-1.23893809
0.358049899
0.604151428
1.36536944
2.51554513
2.29405046
-0.182570711
-1.64725268
-0.796286106
0.707344532
1.65232635
2.79072642
3.25493741
1.06552923
-1.4820168
-1.3790437
-0.231008738
0.853298306
2.90549469
4.51056957
3.35471201
0.0632217154
-1.22317541
-0.228356153
0.36290291
0.259946406
2.22327399
3.56249976
1.44783902
-0.86266911
-1.03950644
-0.755159199
-0.923147678
-0.324620366
0.106419705
0.193245918
-1.78483093
-2.8181839
-2.36567092
-2.31811118
-2.22702837
-5.31266308
-8.46964455
-5.53078747
-0.640327692
-1.23085487
-2.65397215
-1.38854241
-0.057862699
-5.24971294
-3.59751177
0.839669526
-0.122853741
-5.3621912
-4.37537432
-0.294681549
0.92709744
-0.998169661
0.765815973
1.66393709
-5.31242609
-8.48600006
-2.58658147
1.90464044
1.54236293
1.74470079
1.13705802
-3.31941247
-8.5786705
-6.14336252
0.792806685
2.6260829
1.22584081
1.27721941
-1.46795452
-6.86011314
-6.70477962
-0.235002026
3.46055269
2.53992224
1.3673209
0.153269112
-4.67281675
-7.07221746
-2.05844522
3.3634038
3.53287077
2.12793994
1.13697636
-1.68400204
-6.20050287
-5.55445528
-0.601254046
0.166072384
-1.39897466
-2.2700603
-3.64439178
-5.02167892
-7.4496994
-4.53035069
-2.55847907
-4.34934521
-5.94468927
-6.95722866
-7.54319382
-1.39181304
-1.97036755
-0.501237333
-0.124513246
-0.36296159
0.403400421
0.989565253
0.554641485
-1.59266961
-1.14827836
0.168064162
1.08358669
-0.698639035
-0.916065276
0.101302676
0.389001757
0.536507845
1.13648391
0.64710027
-0.335596651
-0.937873304
-1.29314005
-0.274707109
-0.0195781402
1.14657402
1.2494663
0.0564365461
-0.687389076
-0.887369335
-0.354714543
-0.243770957
-0.301534534
0.766209424
0.277925789
-0.658448994
-0.511601686
-0.332162917
-0.128276825
-0.437809736
-0.381752133
0.859358728
0.440888286
0.603250206
0.738458037
1.36470282
1.40917003
1.52901864
2.11937332
0.768918574
1.86180055
3.80716801
5.01934242
4.81280994
4.57417488
4.34209156
4.43696022
-1.26205623
-1.30687869
0.428745568
2.53160906
2.56675124
2.05723476
1.41381955
0.369305819
-0.967216134
0.521367908
-0.0308561474
-3.37428236
-1.15098011
4.34811926
3.66473651
0.671396077
0.226927996
0.0259521473
-1.66527534
-1.70992935
2.21526265
4.47576571
2.23224783
0.0880045518
0.0744577572
-1.94215345
-2.85118818
0.129676804
4.02333021
2.74521232
0.310424834
-0.293572009
-1.81090224
-3.90189314
-1.92407191
3.47988153
4.29676914
1.44385982
-0.340813756
-0.447996616
-3.29770827
-3.78478694
0.677804232
4.26783991
2.27981448
-0.469780713
-1.33200872
-1.36033738
-3.7555747
-3.01059794
1.85702026
2.53822374
0.117664106
-1.33386397
-1.55308831
-1.3620472
-2.98994398
-1.48671687
1.48814476
0.820276737
-1.19202411
-1.54295337
-1.50816154
-0.962687254
-1.64113951
-0.645437837
0.84267807
0.189184681
-0.994482577
-0.909943402
-0.637864113
-0.530230463
-4.93547344
-3.57978225
-3.48557305
-2.25387216
2.27103472
3.82304025
1.87904227
0.408183396
-4.97650242
-4.28388119
-3.63191199
-2.50074029
0.546580017
2.97469258
2.05260158
0.425288111
-4.07048035
-4.05749273
-2.59350657
-1.49802446
-0.0728193894
1.05797458
1.22100317
0.318181992
-2.79424429
-2.72582603
-1.06805968
-0.414668918
0.166894272
0.48170042
0.274962723
0.283219784
-2.32010794
-1.09525752
-0.0941387042
0.3592695
0.0976741314
-0.316186666
-0.285305768
-0.22117348
-2.537009
-0.204179332
1.24663937
0.921384394
0.136872515
-0.508813977
-0.32607004
0.051311627
-3.4582262
0.340196669
2.41397619
1.89289701
0.91892761
0.412186086
-0.0448711924
0.0797384605
-6.45849943
-3.33080316
-0.303257734
-0.0517179519
-0.86690706
-1.64975917
-2.54045367
-2.74973845
2.62582779
1.70382452
-2.04514384
-3.61857724
-1.7498877
0.940986693
0.593191445
-0.404177725
0.514905989
-3.05987954
-4.03201056
0.0237972699
3.426332
2.77854872
0.355714113
-0.624890327
-2.29727149
-3.67218447
-0.0469578989
4.15027046
3.88202953
1.16752446
-0.687763035
-0.500545919
-3.33576989
-1.69715059
2.52513385
4.09388971
1.47189319
-0.607855141
-0.621798038
-0.187789157
-2.68604541
0.397711754
2.78754354
1.03991485
-1.23753524
-2.07998633
-1.6296134
-1.7497561
-0.857816458
1.36382246
0.868942618
-1.99907851
-3.45253611
-2.99809098
-2.8259902
-2.68424845
1.52978182
2.42716479
1.01688766
-0.127057537
-0.107016817
0.159478441
0.399496466
1.28753018
2.63717914
2.20392823
1.73859262
1.48602259
1.53253198
1.94379032
2.33064866
2.39366579
0.31458348
-0.475185305
-0.449925542
0.0866893008
-0.223147616
-0.788108528
-0.636505961
-0.176258162
-1.42727304
-1.19031763
-0.00209878921
0.728834569
0.375921369
-0.108724788
-0.204759791
-0.0478867702
-0.146436423
0.885380387
0.475566328
-0.185515195
-0.467126101
-0.265553832
-0.109270595
-0.130427822
-0.030332068
0.034809012
-0.541455865
-0.638985276
-0.279937744
-0.197599709
-0.264221638
-0.202445716
-0.0991283879
-0.319818854
-0.681745052
-0.547031105
-0.359267652
-0.303910583
-0.546185434
-0.260839075
0.163469136
0.294206142
0.26554656
0.236527488
-0.0303675979
-0.232666433
-0.0944406986
0.437020689
0.272172034
1.62200463
3.21458864
4.17361116
3.43234372
2.96639824
3.13197279
3.55211163
0.241154462
1.50819683
3.01804471
4.36372519
4.87933588
4.97758961
4.42356682
3.49719906
