5.71542263
-1.18525684
-1.90577781
3.99933672
7.18471622
5.8938036
0.849049091
4.85023785
0.924268961
-14.7005339
3.59416342
-0.121648312
-5.62216949
-5.59974289
5.87043047
-2.00051808
7.1465745
3.16098046
0.419729233
3.09443617
8.10996914
8.56617165
6.70204401
6.23060036
1.98404837
-3.41647196
3.97602749
-6.78070927
-3.70257068
0.688212395
1.18025482
4.27261353
-2.75571537
4.31946182
3.31157875
-3.11203766
0.166617095
4.31013727
5.98410892
0.281975746
5.25448036
-2.28292418
-0.911074758
-4.98398066
-0.971891642
0.48750186
4.63774395
-0.947329462
-3.59391046
0.395720124
5.89706039
0.403220057
0.646684647
-5.57015324
-8.40778732
-4.47475338
-8.90824318
-3.81340265
-2.468117
-4.70794201
-4.82432508
-4.45858479
0.434684455
5.61502695
3.97421789
4.0806179
2.32523823
-4.33102655
-3.25465155
-9.74306297
3.7131815
5.21450663
6.62793159
-0.190438032
-4.01463032
3.81686807
-8.06846809
0.0464505553
-4.39668369
2.44175386
4.04730034
-3.3617723
6.03746605
-7.15913391
-3.30446529
0.613962114
0.588682234
-8.32850647
-6.44749832
-0.980829716
-0.426685452
-3.6486609
4.07598114
-1.09607887
-3.70131373
1.27098238
-2.02658129
3.81907964
-1.13305843
7.80370331
2.36649418
0.583791852
-2.39931154
4.85840416
-7.98808002
6.95170975
7.21455288
-2.17069674
-2.96634245
0.225013137
-2.8495059
0.0129249096
1.48360419
-5.15150642
-7.09822273
3.79132867
0.228211641
-5.65864563
-0.301093578
-0.591568351
