-8.00331688
10.0078068
-4.38497162
3.31804752
4.65476513
5.63048029
6.97565603
1.11034513
8.12056923
0.373836219
1.69272447
11.6969109
-1.14774823
-4.66232395
10.8866739
6.14727592
1.13535976
-3.83823895
5.0473299
-3.22866082
4.55221844
-2.2695632
-5.43608856
-0.471684813
6.00615311
8.38572502
-0.949603319
-0.692927718
3.24826765
-3.83758926
6.63520384
-2.29357004
5.37141991
-6.38551998
10.9196873
-2.2382617
8.94823551
-2.01246476
1.95794511
-3.15494132
-1.54569292
-5.12170553
6.79382801
1.93621206
1.45815921
6.51024771
11.5185184
5.81587124
14.0510368
1.65051484
-4.97024536
-6.57126236
4.42983723
-3.22678804
-5.30269194
0.561873794
-0.144393086
-0.837484837
-0.0493328571
4.78090191
-2.61665726
1.01236892
3.77009106
14.6149321
-7.75439835
-3.32495093
-5.63997269
-13.1089878
9.04858017
1.19847155
-1.39079475
1.93057537
2.16376925
-11.1016951
-6.08079958
-2.07350516
4.10816956
7.20301914
0.679319739
-4.74386787
4.11479807
0.826207876
-5.65945482
-0.356745005
