0.730930567
2.65515256
1.25389826
1.04063869
1.40892529
0.481956512
0.381306678
0.825867414
3.28204441
0
0.292158782
0
2.44866014
0
0
0
0
0
1.84725201
1.69422126
0.0496925823
0.554184973
1.05718434
0
0.355403513
0.422860056
1.41220868
2.97861743
1.44574463
3.00145006
4.20570183
4.91921759
3.15617204
2.19823813
0
0.173944667
0
0
0
0.541451037
0
0
0
0
2.09891176
2.61804438
2.17304397
3.98011899
1.45822728
0
1.52495408
0
0
1.975366
0
0
3.61712575
3.53012896
0
0
3.67608285
0
0
0
0
1.83018756
3.31639242
1.17848682
0.250064731
1.40277588
1.21360123
1.03486085
0.897194028
1.76544571
1.68440413
0.468089223
1.65486372
2.01280928
1.06661177
0.324930251
3.29453993
3.83786297
2.12034702
1.23974538
0.150546193
2.50254512
4.00692129
0
0.0870775282
3.48168874
1.22733414
0
1.69722223
2.17526031
1.8897469
2.71706986
1.88319314
4.63297844
1.84192026
0
3.69991422
4.79512596
0
0.211123735
4.54589653
2.75005984
0.686453581
0.666955292
3.91829133
0
1.0306288
1.22653115
1.14577734
1.14781928
1.03091645
0.0688276216
0
0
0
0.236911356
1.18899667
0.104643457
0
0
3.64014792
4.43743277
3.86971331
2.01574588
0
2.42122579
0
1.98640859
1.38698804
1.09553254
3.12392282
2.75496435
1.23017061
1.02915573
2.89452934
0.657178342
0.872179687
2.05297208
1.06010735
0
0.575371802
1.28026474
1.60070288
0.19736211
0.604151428
2.51554513
2.29405046
0
2.90549469
4.51056957
1.06552923
0.36290291
2.22327399
3.56249976
0
0
0
0.839669526
0
0.92709744
1.74470079
1.66393709
0.792806685
2.6260829
1.27721941
0
3.53287077
2.53992224
0
0
0.166072384
0
0
1.08358669
0.403400421
0.989565253
1.2494663
0.64710027
0
0
0.859358728
0.738458037
1.40917003
2.11937332
1.86180055
5.01934242
4.81280994
4.43696022
0.521367908
0
4.47576571
3.66473651
0.0744577572
3.47988153
4.29676914
0.310424834
0
4.26783991
2.27981448
0
0
1.48814476
0
0
0
0
3.82304025
2.05260158
0
0
1.05797458
1.22100317
0
1.24663937
0.136872515
0.051311627
0.340196669
2.41397619
0.91892761
0.0797384605
2.62582779
0.0237972699
3.426332
0.593191445
0
4.15027046
3.88202953
0
1.36382246
2.78754354
0
0
2.63717914
1.73859262
1.94379032
2.39366579
0.31458348
0.728834569
0.375921369
0
0.885380387
0.475566328
0
0
0.294206142
0.26554656
0
0.437020689
1.62200463
4.36372519
4.97758961
4.42356682
