0
0
0
0
0
0
0
0
0
0
0
0
0
0
0
0
0
0
0
0
0
0
0
0
0
0
0
0
0
0
0
0
0
0
0
0
0
0
0
0
0
0
0
0
0
0
0
0
0
0
0
0
0
0
0
0
0
0
0
0
0
0
0
0
0
0
0
0
0
0
0
0
0
0
0
0
0
0
0
0
0
0
0
0
0
0
0
0
0
0
0
0
0
0
0.454901963
0.490196079
0.670588255
1
1
0.588235319
0.36470589
0
0
0
0
0
0
0
0
0
0
0
0
0
0
0
0
0
0
0
0
0.662745118
0.992156863
0.992156863
0.992156863
0.992156863
0.992156863
0.992156863
0.854901969
0.117647059
0
0
0
0
0
0
0
0
0
0
0
0
0
0
0
0
0
0
0.662745118
0.992156863
0.992156863
0.992156863
0.835294127
0.556862772
0.690196097
0.992156863
0.992156863
0.478431374
0
0
0
0
0
0
0
0
0
0
0
0
0
0
0
0
0
0.203921571
0.980392158
0.992156863
0.823529422
0.125490203
0.0470588244
0
0.0235294122
0.807843149
0.992156863
0.549019635
0
0
0
0
0
0
0
0
0
0
0
0
0
0
0
0
0
0.301960796
0.984313726
0.823529422
0.0980392173
0
0
0
0.478431374
0.972549021
0.992156863
0.254901975
0
0
0
0
0
0
0
0
0
0
0
0
0
0
0
0
0
0
0.121568628
0.0705882385
0
0
0
0
0.819607854
0.992156863
0.992156863
0.254901975
0
0
0
0
0
0
0
0
0
0
0
0
0
0
0
0
0
0
0
0
0
0
0
0.458823532
0.968627453
0.992156863
0.776470602
0.0392156877
0
0
0
0
0
0
0
0
0
0
0
0
0
0
0
0
0
0
0
0
0
0
0.298039228
0.968627453
0.992156863
0.905882359
0.247058824
0
0
0
0
0
0
0
0
0
0
0
0
0
0
0
0
0
0
0
0
0
0
0
0.501960814
0.992156863
0.992156863
0.564705908
0
0
0
0
0
0
0
0
0
0
0
0
0
0
0
0
0
0
0
0
0
0
0
0.690196097
0.964705884
0.992156863
0.623529434
0.0470588244
0
0
0
0
0
0
0
0
0
0
0
0
0
0
0
0
0
0
0
0
0
0
0.0980392173
0.917647064
0.992156863
0.913725495
0.137254909
0
0
0
0
0
0
0
0
0
0
0
0
0
0
0
0
0
0
0
0
0
0
0
0.776470602
0.992156863
0.992156863
0.552941203
0
0
0
0
0
0
0
0
0
0
0
0
0
0
0
0
0
0
0
0
0
0
0
0.305882365
0.972549021
0.992156863
0.741176486
0.0470588244
0
0
0
0
0
0
0
0
0
0
0
0
0
0
0
0
0
0
0
0
0
0
0.0745098069
0.784313738
0.992156863
0.992156863
0.552941203
0
0
0
0
0
0
0
0
0
0
0
0
0
0
0
0
0
0
0
0
0
0
0
0.525490224
0.992156863
0.992156863
0.678431392
0.0470588244
0
0
0
0
0
0
0
0
0
0
0
0
0
0
0
0
0
0
0
0
0
0
0
0.972549021
0.992156863
0.992156863
0.0980392173
0
0
0
0
0
0
0
0
0
0
0
0
0
0
0
0
0
0
0
0
0
0
0
0
0.972549021
0.992156863
0.992156863
0.168627456
0.0784313753
0.0784313753
0.0784313753
0.0784313753
0.0196078438
0
0.0196078438
0.0784313753
0.0784313753
0.145098045
0.588235319
0.588235319
0.588235319
0.576470613
0.0392156877
0
0
0
0
0
0
0
0
0
0.972549021
0.992156863
0.992156863
0.992156863
0.992156863
0.992156863
0.992156863
0.992156863
0.65882355
0.56078434
0.650980413
0.992156863
0.992156863
0.992156863
0.992156863
0.992156863
0.992156863
0.992156863
0.482352942
0
0
0
0
0
0
0
0
0
0.68235296
0.992156863
0.992156863
0.992156863
0.992156863
0.992156863
0.992156863
0.992156863
0.992156863
0.992156863
0.992156863
0.992156863
0.97647059
0.968627453
0.968627453
0.662745118
0.458823532
0.458823532
0.223529413
0
0
0
0
0
0
0
0
0
0
0.4627451
0.482352942
0.482352942
0.482352942
0.650980413
0.992156863
0.992156863
0.992156863
0.607843161
0.482352942
0.482352942
0.160784319
0
0
0
0
0
0
0
0
0
0
0
0
0
0
0
0
0
0
0
0
0
0
0
0
0
0
0
0
0
0
0
0
0
0
0
0
0
0
0
0
0
0
0
0
0
0
0
0
0
0
0
0
0
0
0
0
0
0
0
0
0
0
0
0
0
0
0
0
0
0
0
0
0
0
0
0
0
0
0
0
0
0
0
0
0
0
0
0
0
0
0
0
0
0
0
0
0
0
0
0
0
0
0
0
0
0
0
0
0
0
0
0
0
0
0
0
0
0
0
0
0
0
0
0
0
0
0
0
0
0
0
0
0
0
0
0
0
0
0
0
0
0
0
0
0
0
0
