0
0
0.00241246098
0
0
0
0
0.0507932045
0.0844391659
0
0
0
0
0.000742295699
0
0
0
0.0932048336
0.188997835
0
0
0
0
0
0
0
0.167528123
0.511530161
0.717081845
1.22530818
1.01416063
0.342895687
0
0
0
0
0
0.0721303448
0.633461833
0.955916166
0.788784742
0.141236991
0
0
0.0340937115
0
0
0
0
0
0.0352813527
0.0622124858
0
0
0.0302008688
0.270860225
0.212720931
0
0
0
0
0
0.00111344352
0
0
0
0.203250647
0.387340814
0.0689033493
0
0
0
0
0
0.000271223427
0
0
0.0871419087
0.243914694
0.181387633
0
0
0
0
0
0
0
0
0.0233725142
0.244416192
0.181977794
0.0198439304
0.00334751466
0.0155646335
0.0694063753
0.16301991
0
0
0.05840059
0.0424923003
0.11635308
0.58747685
0.365581453
0.223507345
0.148855671
0.154715911
0.0704365149
0
0
0
0.27755788
0.3896887
0
0
0
0
0
0
0
0.163246706
0
0
0.496611625
1.11339045
1.43174744
1.56258583
1.63028288
1.51601267
1.34424102
1.31440997
1.44422066
1.2632004
0
0
0.0835334733
0.26457563
0.611372769
0.805042446
1.04164732
1.04289424
0.718291581
0.348695517
0.0448418632
0
0
0
0
0
0
0
0
0
0.144405931
0
0
0
0
0
0
0
2.12350798
2.32510638
0.740910232
0.15043658
0.479092479
0
0
0
0
0.0283924863
1.05383885
1.94145489
2.52244568
1.90035689
0.390621275
0.738218188
0.739677727
0
0
0
0
0.131830901
1.3188107
1.51055503
0.83894217
0
0.959756553
1.34224486
0.690971613
0
0
0
0
0
0.0636032
0.0634576678
0
0.40105024
1.78136766
1.46122599
0.215817183
0
0
0
0
0
0
0
0
1.63023794
1.7169441
0.701350152
0
0
0
0
0
0
0
0
0.846876502
1.59685969
1.18252635
0
0
0
0
0
0
0
0
0
1.4845953
1.57791865
0.367358297
0
0
0
0
0
0
0
0
0
0.46633026
0
0
0
0
0
0
0
0
0
1.03655827
1.47319329
1.35558808
0.701537728
0.420494646
0.636124372
1.12367594
1.81669033
2.06539345
1.71685374
0
0
1.10526061
2.08925343
2.36767912
2.34848762
2.26593757
2.16184425
2.36411881
2.42067575
2.05430079
1.61861813
0
0
0.150343418
0.469740808
0.6353392
0.970015824
1.13470674
0.895861328
0.461818576
0.155096278
0
0
0
0
0
0.696736455
1.76266432
2.07135034
1.77744484
1.125772
0.475469351
0
0
0
0
0.0121070398
0.687073052
1.95098829
2.46943641
2.2793982
1.86397994
1.73530257
0.717380285
0
0
0
0
0.099250719
1.16274893
1.49089015
1.12699103
0.698296368
1.85398877
1.85361242
0.773260772
0
0
0
0
0.00777234603
0.188998759
0.211422533
0.357769132
1.36356556
1.94725776
1.6841172
0.486175865
0
0
0
0
0
0.00174844393
0.040478792
0.754411578
1.94973695
2.01076937
0.922751188
0.190689683
0
0
0
0
0
0
0.367590487
1.8428266
1.96327257
1.37348068
0.35237956
0.0452482179
0
0
0
0
0
0.0823280737
1.23351693
1.96468914
1.84293234
0.664854109
0.105920069
0
0
0
0
0
0
0.627600372
1.69773591
2.00077295
1.13135803
0.276348054
0.0314705297
0
0
0
0.185462996
0
0
0.925037444
1.77502751
1.88989747
1.57577384
1.15609694
0.899049461
1.11777604
1.53690088
1.82575309
1.6894902
0
0
0.957242787
1.88660216
2.41242838
2.22926497
2.21439886
2.11403966
2.15479517
2.26203299
2.04785371
1.59194446
0
0
0.176170528
0.65299201
0.963861346
1.24269128
1.35147488
1.28366196
0.910821557
0.53373909
0.390053391
0.272010624
0
0
0.00665536709
0
0.097507827
0.0988301709
0.134949982
0.218196154
0.193925828
0.112991288
0.0294472538
0
0
0
0.0891117826
0.108470045
0.171649173
0.196925566
0.404774338
0.212725297
0
0
0
0
0
0.040627297
0.115027465
0.371528596
0.408967078
0.550667703
0.585125864
0.545269191
0
0
0
0
0
0
0
1.07863772
0.820916235
0.189390138
0.75211668
0.915895641
0
0
0
0
0
0.0484637767
0.24568896
0.657032609
0.0627229363
0
0.953655005
0.615087509
0
0
0
0
0
0
0.0195113905
0.115358673
0
0.593061864
0.920735657
0.211818367
0.0102168368
0
0
0
0
0
0.0411285162
0.104415685
0.210856721
0.984704137
0.531849146
0.0284407698
0.0154450843
0
0
0
0
0
0.0993293524
0
0.971194506
0.978355646
0
0.015771335
0
0
0
0
0
0
0.102081247
0.578491032
1.03269994
0.229942665
0.0277052894
0
0.0257329121
0.0753902867
0.103570916
0
0
0
0
1.23347259
0.942034483
0
0.0208813027
0
0.0525925234
0.0264075622
0.0386179574
0.255095989
0
0
0
0.665783107
0.337764233
0.182412758
0.391965061
0.0642554834
0.319341332
0.388969362
0.499116868
0.579577923
0
0
0.109515548
0.33119449
0.406930894
0.287121564
0.532905936
0.503523648
0.469760299
0.337330908
0.242118239
0.135423541
0
0
0.0742691606
0.126473069
0.152877688
0.209207267
0.252595097
0.199656144
0.0987816751
0.0232559498
0.0100515634
0
0
0
0.272155255
0.928601205
1.48546565
1.80065608
1.77419388
1.06397974
0.364388525
0
0
0
0
0.0355958268
0.750442684
2.07065225
2.08343863
1.69621956
1.75502658
1.18769217
0.416730046
0
0
0
0
0.0190473963
0.981242836
1.90750384
1.61885643
1.07325745
2.35367393
1.71910691
0.0960574374
0
0
0
0
0.0629549921
0.881259561
0.952809155
0.179322615
1.80315495
2.48206568
1.55336797
0
0
0
0
0
0
0.0360777751
0.131905437
1.08661175
2.43130398
2.33689189
0.473315567
0
0
0
0
0
0
0.0533937402
0.607089877
2.23451757
2.34261417
1.3200506
0
0
0
0
0
0
0
0.241360143
1.5679127
2.47221231
2.02616382
0.0109280068
0
0
0
0
0
0
0
0.80005008
2.54283643
2.38530779
0.691101849
0.0112107312
0.0249486677
0.0436902642
0.261684179
0.328309566
0.244999483
0
0
1.30525684
2.67163038
2.34386778
1.44743931
1.57027256
1.30809152
1.36914182
1.52817452
1.56025302
1.472368
0
0
1.04501319
2.13045645
1.57226884
1.76894438
1.79569554
1.49995053
1.49348402
1.6167959
1.59327626
1.18635631
0
0
0.693593204
1.28470278
1.05283391
1.10110927
1.16404378
0.992699802
1.01930821
0.898368239
0.670447946
0.420804083
0
0
0.0621247776
0.204823017
0.229739457
0.36433515
0.398332655
0.200759441
0.0726202801
0
0
0
0
0
0.344315022
0.90956974
0.675446451
0.368626058
0.0525734089
0
0
0
0
0
0
0.0719315782
1.20925701
1.25159883
0.277838379
0.736534715
1.08544874
0
0
0
0
0
0
0.135089427
1.20885086
1.00443327
0.00314790918
1.53807294
1.86735106
0
0
0
0
0
0
0.120114885
0.753798902
0.602509439
0.430131584
1.57826006
1.39523983
0
0
0
0
0
0
0
0.0302484874
0.235227361
1.41626704
1.51994288
0.410378903
0
0
0
0
0
0
0
0.0709651411
1.07357705
1.52245951
0.986939192
0
0
0
0
0
0
0
0
0.419885635
1.58846629
1.55496454
0
0
0
0
0
0
0
0
0
1.29878163
1.67972517
0.654839694
0
0
0.0135368202
0.0527595952
0.23591499
0.272095263
0.0880146921
0
0
1.7302953
1.78199196
0
0.060193561
0.214254975
0.258291543
0.42523995
0.475906193
0.435054749
0.0829560459
0
0
1.490376
1.67753696
0.332633495
0
0
0
0
0
0.0938219726
0
0
0
0.811115742
1.1672157
0.808057308
0.786139071
0.725726902
0.48567006
0.393546402
0.400385588
0.471011758
0.335888267
0
0
0.0767704323
0.29629755
0.283993483
0.458210737
0.55674994
0.358470261
0.143991545
0
0
0
