0
10.0078068
0
3.31804752
4.65476513
5.63048029
6.97565603
1.11034513
8.12056923
0.373836219
1.69272447
11.6969109
0
0
10.8866739
6.14727592
1.13535976
0
5.0473299
0
4.55221844
0
0
0
6.00615311
8.38572502
0
0
3.24826765
0
6.63520384
0
5.37141991
0
10.9196873
0
8.94823551
0
1.95794511
0
0
0
6.79382801
1.93621206
1.45815921
6.51024771
11.5185184
5.81587124
14.0510368
1.65051484
0
0
4.42983723
0
0
0.561873794
0
0
0
4.78090191
0
1.01236892
3.77009106
14.6149321
0
0
0
0
9.04858017
1.19847155
0
1.93057537
2.16376925
0
0
0
4.10816956
7.20301914
0.679319739
0
4.11479807
0.826207876
0
0
