0
0
0
0
0
0.00241246098
0
0
0
0
0
0
0
0
0
0.0507932045
0.0844391659
0.0228306036
0
0
0
0
0
0
0
0
0
0
0.00241246098
0
0
0
0
0
0
0
0
0
0
0
0
0.0647047013
0
0
0
0
0
0
0
0
0
0.000742295699
0
0
0
0
0
0
0
0
0
0
0
0
0
0
0
0
0
0
0
0
0
0
0
0
0
0
0
0
0
0
0
0.0932048336
0.188997835
0.0241807476
0
0
0
0
0
0
0
0
0
0
0
0
0
0
0
0
0
0
0
0.537123203
1.04059064
1.22530818
1.01416063
0.695910692
0.342895687
0
0
0
0
0
0
0
0
0
0
0
0
0
0.0400882885
0.167528123
0.372650117
0.511530161
0.5084306
0.717081845
0.832545221
0.766279459
0.512839854
0.431089491
0.144736007
0
0
0
0
0
0
0
0
0
0
0
0
0.0721303448
0.351717681
0.633461833
0.853505909
0.955916166
0.788784742
0.509634972
0.141236991
0
0
0
0
0
0
0.00969457999
0
0
0
0
0
0
0
0
0
0.0545091331
0.247888803
0.412978321
0.499954313
0.656616569
0.588962018
0.120838821
0
0
0
0
0
0
0
0.0340937115
0
0
0
0
0
0
0
0
0
0
0.0219452344
0.0352813527
0.0362251773
0.0622124858
0
0
0
0
0
0
0.0344158337
0.104975961
0.207618997
0.0681135133
0
0
0
0
0
0
0
0
0
0
0
0
0.000356872944
0
0
0
0
0
0
0.0302008688
0.111922771
0.270860225
0.212720931
0.0109370397
0
0
0
0
0
0
0
0
0
0
0
0
0
0
0
0
0
0
0.109788045
0.203250647
0.323462367
0.28262192
0.0689033493
0
0
0
0
0
0
0
0
0
0
0
0
0.00111344352
0
0
0
0
0
0
0.0261863358
0.18174094
0.387340814
0.15392068
0
0
0
0
0
0
0
0
0
0
0
0
0.000271223427
0
0
0
0
0
0
0.0795462877
0.123815402
0.207599163
0.181387633
0.0131244482
0
0
0
0
0
0
0
0
0
0
0
0
0
0
0
0
0
0
0
0.0871419087
0.161113679
0.243914694
0.0382796414
0
0
0
0
0
0
0
0
0
0
0
0
0
0
0
0
0
0
0
0.0366716497
0.00503613148
0.175639838
0.150639564
0
0
0
0
0
0
0
0
0
0
0
0
0
0
0
0
0
0
0
0.0233725142
0.199145615
0.244416192
0.181977794
0.0346512981
0.0198439304
0.0161054283
0.00334751466
0.00286319642
0.00993508752
0.0155646335
0.0347781554
0.0694063753
0.153663278
0.16301991
0
0
0
0
0
0
0
0
0
0.11635308
0.267237097
0.58747685
0.365581453
0.223823234
0.223507345
0.210079685
0.148855671
0.13473478
0.128523901
0.154715911
0.0704365149
0
0
0
0
0
0
0
0.00871663354
0.05840059
0.0424923003
0.0146753723
0
0
0
0
0
0
0
0
0
0
0
0
0
0
0
0
0
0
0
0
0.103929684
0.161499918
0.160492659
0
0
0
0
0
0
0
0
0
0
0
0
0
0
0
0
0
0
0
0
0
0.187284142
0.27755788
0.3896887
0.369923145
0
0
0
0
0
0
0
0
0
0
0
0
0
0
0.111566216
0.163246706
0
0
0
0
0.255373597
0.496611625
0.721739471
1.11339045
1.22889221
0.971518457
0.874311209
0.764618576
0.584768534
0.384258956
0.26934126
0.307630062
0.444969773
0.819857717
1.12859249
1.31440997
1.44348848
1.44422066
1.2632004
1.02664518
0
0
0
0
0.123176485
0.359735608
0.610606968
1.00024068
1.35874438
1.43174744
1.49249125
1.56258583
1.63028288
1.60747659
1.51601267
1.44259787
1.34424102
1.29485726
1.23113036
1.11174893
1.01881111
0.932804883
0.735109091
0.4882195
0
0
0
0
0
0.0835334733
0.172866479
0.26457563
0.444413453
0.611372769
0.709693253
0.805042446
0.934152424
1.04164732
1.04289424
0.946482122
0.718291581
0.474707484
0.348695517
0.195714921
0.0448418632
0
0
0
0
0
0
0
0
0
0
0
0
0
0
0
0
0
0
0
0
0
0
0
0
0
0
0
0
0
0
0
0
0
0
0
0
0
0
0
0
0
0
0
0.124263138
0.0140038868
0
0
0
0
0
0
0
0
0
0
0
0
0
0
0
0
0
0
0
0
0
0
0.144405931
0.0774291977
0
0
0
0
0
0
0
0
0
0
0
0
0
0
0
0
0.514923453
0.255302697
0
0
0
0
0.254436493
0.170784891
0
0
0
0
0
0
0
0
0
0
0
0
0
0
1.04170835
2.12350798
2.32510638
1.67886281
0.740910232
0
0
0.15043658
0.479092479
0.244164735
0
0
0
0
0
0
0
0
0
0
0
0
0.587318361
1.38310933
2.40712285
2.52244568
1.90035689
1.09125197
0.390621275
0
0.0508146435
0.426905811
0.599562466
0.280764163
0
0
0
0
0
0
0
0
0
0.0283924863
0.411974013
1.05383885
1.59628928
1.94145489
1.92882419
1.43508434
0.500468016
0
0
0
0.448322237
0.738218188
0.739677727
0.18009828
0
0
0
0
0
0
0
0
0
0.131830901
0.71202153
1.3188107
1.51055503
1.27013755
0.83894217
0
0
0
0
0.169615924
0.968675256
1.05577528
0.690971613
0.06028229
0
0
0
0
0
0
0
0
0
0.098105453
0.447217464
0.758616924
0.770603001
0.60336709
0.0425072573
0
0
0
0
0.959756553
1.34224486
1.07295251
0.433375567
0.0426323079
0
0
0
0
0
0
0
0
0
0
0.0394969992
0.0636032
0.0634576678
0
0
0
0
0
0.772503793
1.67684448
1.46122599
0.901384413
0.215817183
0
0
0
0
0
0
0
0
0
0
0
0
0
0
0
0
0
0
0.40105024
1.5188278
1.78136766
1.17614412
0.511581004
0
0
0
0
0
0
0
0
0
0
0
0
0
0
0
0
0
0
0
1.2299999
1.7169441
1.43143308
0.701350152
0.129869878
0
0
0
0
0
0
0
0
0
0
0
0
0
0
0
0
0
0
0.626576066
1.63023794
1.5870899
0.982750118
0.2564179
0
0
0
0
0
0
0
0
0
0
0
0
0
0
0
0
0
0
0.140856639
1.29764903
1.4935956
1.18252635
0.455092609
0
0
0
0
0
0
0
0
0
0
0
0
0
0
0
0
0
0
0
0.846876502
1.59685969
1.33250022
0.766780496
0.0918286145
0
0
0
0
0
0
0
0
0
0
0
0
0
0
0
0
0
0
0.44415015
1.4845953
1.57791865
1.04522169
0.367358297
0
0
0
0
0
0
0
0
0
0
0
0
0
0
0
0
0
0
0
0.933193028
1.39016819
1.24751639
0.500165939
0
0
0
0
0
0
0
0
0
0
0
0
0
0
0
0
0
0
0
0
0.46633026
0.0971468687
0
0
0
0
0
0
0
0
0
0
0
0
0
0
0
0
0
0
0
0
0
0
0
0
0
0
0
0
0
0
0
0
0
0
0
0
0
0
0
0
0
0
0.278073072
0.544682622
0.645854354
0.236744821
0
0
0
0
0
0
0
0
0
0
0
0
0.123382837
0.290677994
0.473852813
0.430750042
0
0
0
0
0.491271824
1.03655827
1.37535858
1.47319329
1.35558808
1.14410317
0.701537728
0.604103982
0.420494646
0.312788844
0.454964638
0.636124372
0.917892516
1.12367594
1.45784628
1.81669033
1.97662568
2.06539345
1.71685374
1.16700709
0
0
0
0
0.464164943
1.10526061
1.64029121
2.08925343
2.21618056
2.36767912
2.34848762
2.34739661
2.26593757
2.19252777
2.16184425
2.14966011
2.28303099
2.36411881
2.42067575
2.29156613
2.05430079
1.89621913
1.61861813
1.05766225
0
0
0
0
0.22169283
0.651116133
1.16334426
1.55654192
1.63293779
1.75096011
1.8955971
2.05434775
2.12253499
2.11292458
2.01733112
1.9101491
1.77852952
1.50588322
1.35659337
1.19384837
0.931597412
0.725406647
0.486218005
0.301912218
0
0
0
0
0
0.150343418
0.311520219
0.469740808
0.621260524
0.6353392
0.800612688
0.970015824
1.13470674
1.09974647
0.895861328
0.727924228
0.461818576
0.301569879
0.155096278
0.00157287705
0
0
0
0
0
0
0
0
0
0
0
0
0
0
0
0
0
0
0
0
0
0
0
0
0
0
0
0
0
0
0
0
0
0
0
0
0.207979813
0.66878891
0.904232562
0.962135851
0.915803671
0.766995311
0.617810369
0.52322185
0.231090486
0.0257675927
0
0
0
0
0
0
0
0
0
0
0
0
0.157439008
0.696736455
1.37178266
1.76266432
2.07135034
2.06770658
1.77744484
1.38416648
1.125772
0.831442237
0.475469351
0.109763227
0
0
0
0
0
0
0
0
0
0
0.017447833
0.262279987
0.771362364
1.70992434
2.23126984
2.46943641
2.2793982
2.02848506
1.86397994
1.52110028
1.24557304
1.0692898
0.672643542
0.165332571
0
0
0
0
0
0
0
0
0
0.0121070398
0.246409371
0.687073052
1.39831412
1.95098829
2.18341637
1.68671942
1.18308616
1.18077707
1.42759967
1.70400715
1.73530257
1.42318773
0.717380285
0.170924574
0
0
0
0
0
0
0
0
0
0.099250719
0.523006976
1.16274893
1.49089015
1.45330989
1.12699103
0.723840117
0.566051185
0.667115211
1.09858716
1.68195033
1.76117444
1.45255458
0.773260772
0.166771457
0
0
0
0
0
0
0
0
0
0.0597743504
0.360505074
0.75056082
0.811289847
0.695287168
0.529442072
0.364058256
0.301072091
0.698296368
1.39686573
1.85398877
1.85361242
1.4046123
0.702466309
0.117965221
0
0
0
0
0
0
0
0
0
0.00777234603
0.0885505304
0.188998759
0.211422533
0.195993409
0.240363598
0.150421217
0.380823553
0.888308465
1.7335459
1.94725776
1.6841172
1.09869933
0.486175865
0.136150822
0
0
0
0
0
0
0
0
0
0.00434290944
0.00325559382
0
0
0.114821471
0.23267667
0.357769132
0.623705506
1.36356556
1.89352608
1.9431237
1.43476391
0.768067658
0.322303653
0.0350634381
0
0
0
0
0
0
0
0
0
0
0.00174844393
0
0
0
0.0156822409
0.327334613
1.13470197
1.88248312
2.01076937
1.63852262
0.922751188
0.483936012
0.190689683
0.0436223224
0
0
0
0
0
0
0
0
0
0
0
0
0
0.040478792
0.26005879
0.754411578
1.62373424
1.94973695
1.77484751
1.07825482
0.571909964
0.29891932
0.124949574
0.00718225725
0
0
0
0
0
0
0
0
0
0
0
0
0
0.160107061
0.562076926
1.39356244
1.89567363
1.88923991
1.37348068
0.722528994
0.35237956
0.144565269
0.0452482179
0
0
0
0
0
0
0
0
0
0
0
0
0
0.0485619381
0.367590487
1.06441653
1.8428266
1.96327257
1.56702995
0.841724336
0.459623277
0.196344525
0.0997496843
0
0
0
0
0
0
0
0
0
0
0
0
0
0
0.23020421
0.712051749
1.52466834
1.87652743
1.84293234
1.25860119
0.664854109
0.276098877
0.105920069
0.0086187087
0
0
0
0
0
0
0
0
0
0
0
0
0
0.0823280737
0.437301368
1.23351693
1.89504027
1.96468914
1.50711966
0.872728646
0.404511303
0.141226143
0.0251378994
0
0
0
0
0
0
0
0
0
0
0
0
0
0.0263742004
0.308546603
0.792201877
1.66273856
2.00077295
1.85763216
1.13135803
0.549367309
0.276348054
0.0975950062
0
0
0
0
0
0
0
0
0
0
0
0
0
0
0.20240666
0.627600372
1.17818606
1.69773591
1.81936014
1.45158076
0.839527965
0.381765157
0.119665712
0.03157508
0.0314705297
0.0122295814
0
0
0
0
0
0
0.122071438
0.185462996
0
0
0
0
0.294364482
0.843903065
1.32580173
1.60828066
1.54483831
1.02236652
0.702063799
0.382509351
0.313403755
0.24236533
0.273319155
0.160483196
0.0274193566
0.01410338
0.23833783
0.446906477
0.590903401
0.702010274
0.658289611
0.612498403
0
0
0
0
0.336028963
0.925037444
1.36619711
1.77502751
1.88989747
1.77631092
1.57577384
1.36401451
1.15609694
1.02080953
0.899049461
0.886580527
0.972237825
1.11777604
1.32276225
1.53690088
1.71603274
1.82575309
1.6894902
1.21139586
0
0
0
0
0.349617392
0.957242787
1.48428988
1.88660216
2.32767034
2.41242838
2.22926497
2.0544939
1.97290826
1.99566019
2.01050234
2.11403966
2.13493419
2.15479517
2.25078535
2.26203299
2.04785371
1.91489303
1.59194446
1.09012294
0
0
0
0
0.157263607
0.629447877
1.06458175
1.48731399
1.9157753
2.04756522
2.11761069
2.09694719
2.21439886
2.18039489
2.05336952
1.8891573
1.74258661
1.59729445
1.49160075
1.26951003
1.07852697
0.952635288
0.892332017
0.634250581
0
0
0
0
0.0249235015
0.176170528
0.384491712
0.65299201
0.853631914
0.963861346
1.08565307
1.24269128
1.34847748
1.35147488
1.28366196
1.11782801
0.910821557
0.670696855
0.53373909
0.518546164
0.390053391
0.320179105
0.272010624
0.250449926
0
0
0
0
0.00981384702
0
0.0465859994
0.0938487351
0.284913987
0.310323119
0.339168191
0.393092513
0.418312788
0.435567945
0.350146681
0.323568434
0.274355233
0.241388977
0.221079171
0.178039581
0.192714661
0.213204995
0.194420666
0.134621724
0
0
0
0
0
0.00665536709
0
0
0.00931510236
0.097507827
0.0988301709
0.0839295387
0.0919007361
0.134949982
0.211984709
0.218196154
0.193925828
0.12840344
0.112991288
0.0966797844
0.0294472538
0
0
0
0
0
0
0
0
0
0
0
0
0
0
0
0
0
0
0
0
0
0
0
0
0
0
0
0
0
0
0
0
0.0891117826
0.07860405
0.108470045
0.171649173
0
0
0
0
0
0
0
0
0
0
0
0
0
0
0
0
0
0
0
0.0891117826
0.0786306262
0
0
0
0
0
0.196925566
0.401234239
0.404774338
0.212725297
0
0
0
0
0
0
0
0
0
0
0
0
0.0274190102
0.115027465
0
0
0
0.07386107
0
0.0237453561
0.463875741
0.330294281
0.53837347
0.485918105
0.0149837555
0
0
0
0
0
0
0
0
0
0
0
0.040627297
0
0
0
0.371528596
0.408967078
0.385164738
0.550667703
0.197761372
0.143678531
0.585125864
0.545269191
0
0
0
0
0
0
0
0
0
0
0
0
0
0
0
0.324043781
0.967459381
0.820916235
0.534721553
0.189390138
0
0
0.436981052
0.807296336
0.135970935
0
0
0
0
0
0
0
0
0
0
0
0
0
0
0.890241086
1.07863772
0.305220783
0
0
0
0.0831166357
0.75211668
0.915895641
0.0469731912
0
0
0
0
0
0
0
0
0
0
0
0
0
0.24568896
0.657032609
0.174263328
0
0
0
0
0.0969497263
0.885375142
0.615087509
0
0
0
0
0
0
0
0
0
0
0
0
0.0484637767
0.107040815
0.147538006
0.155800074
0.0780456439
0.0627229363
0
0
0
0.479318678
0.953655005
0.454600543
0
0
0
0
0
0
0
0
0
0
0
0
0
0.0195113905
0.00494901091
0.0158337392
0.0958961621
0
0
0
0.154808223
0.819175184
0.702548146
0.211818367
0
0
0.0102168368
0
0
0
0
0
0
0
0
0
0
0
0
0.0131822163
0.115358673
0
0
0
0.593061864
0.920735657
0.33277896
0
0
0.00985293835
0.00245160074
0
0
0
0
0
0
0
0
0
0
0
0
0.104415685
0
0
0
0.41551283
0.984704137
0.531849146
0.0140532581
0
0
0.0154450843
0
0
0
0
0
0
0
0
0
0
0
0
0.0411285162
0.0677141324
0
0
0.210856721
0.898241341
0.703787625
0.0753328577
0
0
0.0284407698
0
0
0
0
0
0
0
0
0
0
0
0
0.0100184847
0.0993293524
0
0
0.0874188244
0.677733243
0.978355646
0.304902911
0
0
0.015771335
0.00294192089
0
0
0
0
0
0
0
0
0
0
0
0
0.0706662089
0
0
0
0.338223487
0.971194506
0.514745355
0.00591522316
0
0
0.00858060271
0
0
0
0
0
0
0
0
0
0
0
0
0
0.102081247
0
0
0.121649094
0.740240753
0.829519808
0.229942665
0
0
0.0277052894
0
0
0
0
0
0
0
0
0
0
0
0
0
0
0
0
0.039909184
0.578491032
1.03269994
0.516208529
0
0
0
0
0
0
0.00159847888
0.0257329121
0.0753902867
0.0325781815
0.103570916
0.0916798785
0
0
0
0
0
0
0
0
0.362490654
1.19989443
0.942034483
0.230727687
0
0
0
0
0
0
0
0.0525925234
0.0264075622
0
0
0
0
0
0
0
0
0
0
0
0.463049799
1.23347259
0.619705379
0.00155425852
0
0
0
0.0208813027
0
0
0
0
0
0
0
0.0386179574
0.112152971
0.255095989
0
0
0
0
0
0
0.401403427
0.665783107
0.337764233
0
0.102449149
0.182412758
0.391965061
0.328797698
0.0561521463
0
0
0.0194015242
0
0.061207965
0.254590392
0.258912921
0.558958411
0.579577923
0
0
0
0
0
0
0.308949292
0.340227157
0.255758494
0.150707856
0.177659929
0.0977829769
0.170872822
0.0984128416
0.0642554834
0.036433395
0.248252556
0.319341332
0.319872051
0.388969362
0.499116868
0.327374727
0.329107553
0.39554292
0
0
0
0
0
0
0.230539083
0.33119449
0.406930894
0.236907721
0.0999240205
0.163084045
0.300370485
0.532905936
0.503523648
0.406888694
0.346726239
0.469760299
0.337330908
0.281558573
0.242118239
0.14348498
0.127700701
0.135423541
0
0
0
0
0.109515548
0
0.225550324
0.322902501
0.292684466
0.193544254
0.146117032
0.287121564
0.331466526
0.376845598
0.240445226
0.127565682
0.240254596
0.254527688
0.158432856
0.117313728
0.166387051
0.150884077
0.10110788
0.0722995773
0
0
0
0
0
0.0742691606
0.0531302989
0.126473069
0.0982155055
0.152877688
0.200011328
0.209207267
0.252595097
0.178298399
0.199656144
0.144475713
0.0987816751
0.0743448809
0.0232559498
0.0192414224
0.0100515634
0
0
0
0
0
0
0
0
0
0
0
0
0
0
0
0
0
0
0
0
0
0
0
0
0
0
0
0
0
0
0
0
0.115686432
0.294806659
0.468024492
0.713279724
0.893082261
1.19212854
1.38037121
1.34948432
1.11017382
0.665023983
0.398515284
0.147688791
0.00358678168
0
0
0
0
0
0
0
0
0
0
0.115686432
0.272155255
0.469843477
0.928601205
1.34382772
1.48546565
1.61461282
1.80065608
1.77419388
1.55856633
1.06397974
0.584192157
0.364388525
0.04646172
0
0
0
0
0
0
0
0
0
0.0355958268
0.151581421
0.496717632
0.872611463
1.48217964
1.78256106
1.87623465
1.68629432
1.69621956
1.75502658
1.52584648
1.18769217
0.625110924
0.416730046
0.144131899
0
0
0
0
0
0
0
0
0
0.0304851998
0.194861531
0.750442684
1.48249853
2.07065225
2.08343863
1.67726529
1.45568967
1.26139092
1.50595224
1.59887826
1.10192311
0.628070533
0.244708598
0.136621669
0
0
0
0
0
0
0
0
0
0
0.0848111138
0.924157023
1.90170074
1.90750384
1.61885643
1.00671196
0.739826441
1.07325745
1.59610403
2.11339712
1.46991825
0.657537222
0.0960574374
0.008029107
0
0
0
0
0
0
0
0
0
0.0190473963
0.269811332
0.981242836
1.49314463
1.13910294
0.430921108
0.209530875
0.319524616
0.889657974
1.82950437
2.35367393
1.71910691
0.599322677
0.0590905957
0
0
0
0
0
0
0
0
0
0
0.0629549921
0.395673513
0.881259561
0.952809155
0.409208864
0
0.0492192805
0.383698076
1.17281759
2.22165871
2.31328273
1.55336797
0.340350151
0
0
0
0
0
0
0
0
0
0
0
0.0405390523
0.212544098
0.399245232
0.334601343
0.099798955
0
0.179322615
0.849861801
1.80315495
2.48206568
2.16467619
1.07437968
0.0651225746
0
0
0
0
0
0
0
0
0
0
0
0
0.0163209159
0.0360777751
0.024514487
0.131905437
0.275777251
0.471463323
1.33758807
2.1981101
2.33689189
1.72836339
0.473315567
0
0
0
0
0
0
0
0
0
0
0
0
0
0
0
0.0171133783
0.110286333
0.537418783
1.08661175
2.00912189
2.43130398
2.00228357
0.892352939
0.00085839181
0
0
0
0
0
0
0
0
0
0
0
0
0
0
0
0.124853335
0.292571545
0.716967583
1.73678184
2.34105253
2.25065112
1.3200506
0.236964598
0
0
0
0
0
0
0
0
0
0
0
0
0
0
0
0.0533937402
0.162539378
0.607089877
1.33811295
2.23451757
2.34261417
1.69451761
0.511666775
0
0
0
0
0
0
0
0
0
0
0
0
0
0
0
0.0130061675
0.122817889
0.357354015
0.958204508
2.09164119
2.47221231
2.02616382
0.895199537
0.0109280068
0
0
0
0
0
0
0
0
0
0
0
0
0
0
0
0.083607398
0.241360143
0.661750376
1.5679127
2.38744617
2.34552574
1.50850689
0.303353995
0
0
0
0
0
0
0
0
0
0
0
0
0
0
0
0
0.111266494
0.507082999
1.12518525
2.17860627
2.38530779
1.94518006
0.691101849
0
0
0
0
0
0
0
0
0
0
0
0
0
0
0
0
0
0.0638870299
0.80005008
1.72329652
2.54283643
2.2517128
1.34978771
0.264592886
0
0
0.0112107312
0.0195962992
0.0249486677
0.033123564
0.0436902642
0.150266841
0.261684179
0.242409751
0.328309566
0.244999483
0.100228906
0
0
0
0
0.119654171
1.09749532
2.16598821
2.67163038
2.34386778
1.14812541
0.71110183
0.515921414
0.530043304
0.482772857
0.46990785
0.48010546
0.538357437
0.537594616
0.592385948
0.77713877
0.932197869
1.01433599
1.10033834
0.719359517
0
0
0
0
0.182217792
1.30525684
2.36862469
2.40733266
2.06281304
1.32083225
1.33164692
1.44743931
1.57027256
1.47975755
1.30809152
1.21646142
1.25784898
1.36914182
1.43516052
1.52817452
1.56025302
1.50284231
1.472368
1.17386866
0
0
0
0
0.154753998
1.04501319
2.13045645
1.99117577
1.57226884
1.39064372
1.50390923
1.76894438
1.79569554
1.75263333
1.49995053
1.49762952
1.47992671
1.46401942
1.48076987
1.6167959
1.59327626
1.37082183
1.18635631
0.799647212
0
0
0
0
0.233904228
0.7890746
1.49508715
1.56717527
1.2066673
1.2251941
1.1968013
1.4534235
1.55328274
1.54572582
1.42742264
1.35299873
1.49348402
1.38378453
1.22062218
1.18884456
1.09559631
0.943689227
0.706130266
0.350464463
0
0
0
0
0.210964307
0.693593204
1.07078755
1.28470278
1.05283391
1.0092448
1.01641595
1.10110927
1.16404378
1.06133008
0.992699802
0.89193517
0.991604745
1.01930821
0.898368239
0.783662677
0.670447946
0.532918215
0.420804083
0.184625402
0
0
0
0
0.0916077271
0.337031305
0.619649768
0.790214896
0.680430233
0.617891669
0.715181112
0.872974336
0.934178472
0.839065492
0.658678889
0.526798368
0.496716082
0.408945769
0.287769049
0.240836412
0.193797141
0.142103702
0.0797995254
0.0253659319
0
0
0
0
0
0.0621247776
0.166013032
0.204823017
0.229739457
0.196796373
0.277101278
0.36433515
0.398332655
0.343413144
0.200759441
0.14463149
0.0726202801
0.0212964714
0
0
0
0
0
0
0
0
0
0
0
0
0
0
0
0
0
0
0
0
0
0
0
0
0
0
0
0
0
0
0
0
0
0
0
0.153757796
0.342402697
0.567766666
0.56804949
0.467356801
0.368626058
0.301424176
0.0525734089
0
0
0
0
0
0
0
0
0
0
0
0
0
0
0
0.153757796
0.344315022
0.74113816
0.90956974
0.675446451
0.346659184
0.0952635035
0
0
0
0
0
0
0
0
0
0
0
0
0
0
0
0
0.0473100916
0.26679185
0.75382036
1.17804015
0.903336942
0.277838379
0
0
0
0
0
0
0
0
0
0
0
0
0
0
0
0
0
0
0.0719315782
0.507234395
1.20925701
1.25159883
0.699173033
0
0
0.117268443
0.736534715
1.08544874
0.399445266
0
0
0
0
0
0
0
0
0
0
0
0
0
0.0546566099
0.597698987
1.20885086
1.00443327
0.415996075
0
0
0.351506084
1.31097662
1.77409542
1.07436109
0
0
0
0
0
0
0
0
0
0
0
0
0
0.135089427
0.736667931
1.08544147
0.830570102
0.242618054
0
0.00314790918
0.586813867
1.53807294
1.86735106
0.96148771
0
0
0
0
0
0
0
0
0
0
0
0
0
0.120114885
0.548853755
0.753798902
0.602509439
0.252420992
0.0168699753
0.040562924
0.813043118
1.57826006
1.39523983
0.471108466
0
0
0
0
0
0
0
0
0
0
0
0
0
0.0500959605
0.244082823
0.417302012
0.426185966
0.200143397
0.0178133417
0.430131584
1.32273006
1.56743598
1.03538275
0
0
0
0
0
0
0
0
0
0
0
0
0
0
0
0.0201685019
0.0302484874
0.0482583903
0.17707631
0.404052138
1.01918054
1.51994288
1.16772544
0.410378903
0
0
0
0
0
0
0
0
0
0
0
0
0
0
0
0
0
0.0227452368
0.235227361
0.785769105
1.41626704
1.34642315
0.627242327
0
0
0
0
0
0
0
0
0
0
0
0
0
0
0
0
0
0
0.18104431
0.5657987
1.28274941
1.50209975
0.986939192
0
0
0
0
0
0
0
0
0
0
0
0
0
0
0
0
0
0
0.0709651411
0.307580948
1.07357705
1.52245951
1.13483739
0.26407513
0
0
0
0
0
0
0
0
0
0
0
0
0
0
0
0
0
0.0172863808
0.196922258
0.67678535
1.50643957
1.55496454
0.878798485
0
0
0
0
0
0
0
0
0
0
0
0
0
0
0
0
0
0
0.122600026
0.419885635
1.19252896
1.58846629
1.0811466
0.195250377
0
0
0
0
0
0
0
0
0
0
0
0
0
0
0
0
0
0
0.249423236
0.835146368
1.56724191
1.39713454
0.654839694
0
0
0
0
0
0
0
0
0
0
0
0
0
0
0
0
0
0
0
0.389558285
1.29878163
1.67972517
1.21650267
0
0
0
0
0
0
0
0.0135368202
0.0307111349
0.0527595952
0.163834929
0.23591499
0.272095263
0.257652879
0.0880146921
0
0
0
0
0
0.644518316
1.61080813
1.69903314
1.23273051
0
0
0
0.060193561
0.214254975
0.175412387
0.15161112
0.258291543
0.389273345
0.42523995
0.417580396
0.475906193
0.435054749
0.338444084
0.0829560459
0
0
0
0
0
0.77975595
1.7302953
1.78199196
1.10804045
0
0
0
0
0.0652767047
0
0
0.091405265
0.320001751
0.321331441
0.343067735
0.239586189
0.0880909711
0
0
0
0
0
0
0
0.692947149
1.490376
1.67753696
1.0366751
0
0
0
0
0
0
0
0
0
0
0
0
0
0
0
0
0
0
0
0
0.612842083
1.14058137
1.42486799
1.12170374
0.332633495
0
0
0
0
0
0
0
0
0
0
0
0.0825059637
0.0938219726
0
0
0
0
0
0
0.356327087
0.811115742
1.1672157
1.07557106
0.808057308
0.612453043
0.728566647
0.786139071
0.66825372
0.381495953
0.0309275575
0.0957068652
0.196968302
0.360201389
0.386272967
0.341306776
0.392976642
0.471011758
0.335888267
0.126809567
0
0
0
0
0.113203853
0.400878757
0.729947507
0.735373437
0.683313251
0.625002861
0.742984295
0.767480254
0.725726902
0.599774361
0.448816717
0.48567006
0.393546402
0.361267686
0.400385588
0.357759446
0.329393685
0.233096555
0.143297374
0.103362083
0
0
0
0
0
0.0767704323
0.150586441
0.29629755
0.283993483
0.27346015
0.354176909
0.458210737
0.55674994
0.465711445
0.358470261
0.220803395
0.143991545
0.104594707
0
0
0
0
0
0
0
0
0
0
0
0
0
0
0
0
0
0
0
0
0
0
0
0
0
0
0
0
0
0
