0.730930567
0
0
2.65515256
1.25389826
0
0
0.708491862
0.240522057
0
0.462847382
0.863849342
0
0
0
1.04063869
0
0
0.0398998111
0
0
0
0.801371336
0.825867414
0.0704088584
1.40892529
0.481956512
0
0
0.381306678
0.815738678
0.227828026
2.27454662
2.61204362
0
0
0
0.292158782
0
0
3.28204441
1.5712899
0
0
0
0
0
0
2.44866014
0
0
0
0
0
0
0
0.842040837
0
0
0
0
0
0
0
0
0
0
0
0
1.84725201
1.69422126
0.358765513
0
0
0
0
0.0407021977
1.37059247
0.216221511
0
0
0
0
0
1.05718434
0.0983419046
0
0
0
0.0496925823
0.178575158
0.554184973
0.0411544293
0
0
0
0
0.355403513
0
0.280392647
0
0
0
0.409675896
0
0
0.0645935833
0.422860056
0.318273336
1.41220868
2.82852292
2.97861743
0.734697938
0.649064958
1.32955837
1.36884379
2.31749773
4.14806795
4.82324219
4.91921759
0.33399424
1.44574463
2.45442414
3.00145006
3.95594263
4.20570183
3.7043283
3.33645654
3.15617204
2.95008373
2.19823813
0.743097305
0
0
0
0
0.79367429
0
0
0
0
0
0
0.173944667
0
0
0
0
0
0
0.34552604
0.40948385
0
0
0
0
0
0
0.541451037
0
0
0
0
0
0
0
0
0
0
0
0
0
0
0
0
0
0
0
0
0
0
0
0
0
2.09891176
1.98949921
2.48028612
2.61804438
2.17304397
2.15272689
3.19760513
3.98011899
1.45822728
0.360370606
0
0
1.52495408
0
0
0
0.343396306
0
0
0
0
0
0
0
0
0
0
0
0
0
0
0
0
0
1.975366
1.24433744
0
0
0
0
0
2.47627163
3.53012896
0
0
0
0
0
1.14312196
3.61712575
1.01184952
0
0
0
0
0
2.7098918
3.67608285
0
0
0
0
0
0
2.28078246
1.54563081
0
0
0
0
0
0
0
0
0
1.2680248
3.31639242
2.84446192
1.17848682
0.285708845
0
0
0.720805347
1.83018756
2.54012942
1.14126945
0.71077621
0.497390449
0
0.250064731
0.695914805
1.40277588
0.97010988
0.850261986
0.982570469
0.649410307
0
0
0.647910953
1.20470905
1.13622987
1.21360123
1.03486085
0.208709344
0
0.269318283
1.41514444
1.52314341
1.34880579
1.17389905
0.468089223
0
0
0.897194028
1.68284333
1.76544571
1.68440413
1.11426222
0.187634662
0.306877106
0.267888725
1.65486372
2.01280928
1.74870074
1.06661177
0.149808124
0.061469879
0.324930251
0.0577947609
1.47829664
1.87697899
1.51406705
0.466717899
0
0
0
0.720810771
3.29453993
3.83786297
0
0
0
1.23974538
0.324364215
2.27085471
1.95548308
0
0
0
2.12034702
1.19396472
0
0.150546193
0
0
0
3.07882261
2.94615769
0
0
0
0
0
2.50254512
4.00692129
0.485569596
0
0
0
0
1.05497444
3.48168874
1.22733414
0
0
0
0
0.0870775282
2.40047717
1.66818893
0
0
0
0
0
1.13061917
2.17526031
0
0
0
0.0859617442
0.156710014
0.554243803
1.69722223
1.32535446
0.191764399
0.709323108
1.8897469
2.24435449
2.71706986
1.88319314
0
0
1.14064896
1.59981525
0
0
0
0.314998031
0
1.7417295
4.63297844
1.84192026
0
0
0
0
1.12155259
4.66193295
4.0175848
0
0
0
0.151460961
0.241342396
3.69991422
4.79512596
0.865985274
0
0
0.157429859
0.211123735
2.14642787
4.54589653
2.75005984
0
0
0.100591034
0.327378571
0.10699328
3.57350039
3.45697594
0.0731275231
0
0.0597394928
0.686453581
0.579373658
0.666955292
3.91829133
1.32701445
0
0
0.614973366
1.0306288
1.14635515
1.22653115
2.78022242
0
0
0
0
0
0
0
0.126830205
1.14577734
1.14781928
0.429792196
0.544764578
1.03091645
0
0
0
0
0
0
0
0
0.0688276216
0.0424322933
0
0
0
0
0
0
0.0708720386
0.236911356
0
0
0
0
0
0
0
0.0659315437
0
0
0
0
0
0
0
0
0.811903059
1.18899667
0.104643457
0
0
0
0
0
1.51691687
3.64014792
4.17004919
2.76331949
1.61290121
1.02238142
1.07064772
1.64179277
0
1.30034637
3.95495462
4.43743277
3.86971331
2.95577264
2.01574588
1.76788127
0
0
0.47369495
1.93154931
0
0
1.27747321
1.37650001
0
0
2.42122579
0.947129488
0
0
1.98640859
1.43710029
0.451511025
1.13468492
1.09553254
0
0
1.29994607
2.75496435
1.03968048
1.38698804
1.16386116
0
0
0.0480360016
3.12392282
2.00102472
0.236141756
1.16801727
0
0
0
2.65293074
2.89452934
0.657178342
0
1.23017061
0
0
1.02915573
2.66858029
1.03350067
0
0
0.872179687
0
0
2.05297208
1.06010735
0
0
0
0
0
0
1.40892446
0
0
0
0
0
0.275580198
1.28026474
0
0
0.279045612
0.19736211
0
0.117405035
0.575371802
0.482367992
0
0.0734006986
1.60070288
0.186144516
0
0.36861679
0.364304215
0.217463702
0.785307825
1.93673992
1.22479367
0
0
0.358049899
0.604151428
1.36536944
2.51554513
2.29405046
0
0
0
0.707344532
1.65232635
2.79072642
3.25493741
1.06552923
0
0
0
0.853298306
2.90549469
4.51056957
3.35471201
0.0632217154
0
0
0.36290291
0.259946406
2.22327399
3.56249976
1.44783902
0
0
0
0
0
0.106419705
0.193245918
0
0
0
0
0
0
0
0
0
0
0
0
0
0
0
0.839669526
0
0
0
0
0.92709744
0
0.765815973
1.66393709
0
0
0
1.90464044
1.54236293
1.74470079
1.13705802
0
0
0
0.792806685
2.6260829
1.22584081
1.27721941
0
0
0
0
3.46055269
2.53992224
1.3673209
0.153269112
0
0
0
3.3634038
3.53287077
2.12793994
1.13697636
0
0
0
0
0.166072384
0
0
0
0
0
0
0
0
0
0
0
0
0
0
0
0
0.403400421
0.989565253
0.554641485
0
0
0.168064162
1.08358669
0
0
0.101302676
0.389001757
0.536507845
1.13648391
0.64710027
0
0
0
0
0
1.14657402
1.2494663
0.0564365461
0
0
0
0
0
0.766209424
0.277925789
0
0
0
0
0
0
0.859358728
0.440888286
0.603250206
0.738458037
1.36470282
1.40917003
1.52901864
2.11937332
0.768918574
1.86180055
3.80716801
5.01934242
4.81280994
4.57417488
4.34209156
4.43696022
0
0
0.428745568
2.53160906
2.56675124
2.05723476
1.41381955
0.369305819
0
0.521367908
0
0
0
4.34811926
3.66473651
0.671396077
0.226927996
0.0259521473
0
0
2.21526265
4.47576571
2.23224783
0.0880045518
0.0744577572
0
0
0.129676804
4.02333021
2.74521232
0.310424834
0
0
0
0
3.47988153
4.29676914
1.44385982
0
0
0
0
0.677804232
4.26783991
2.27981448
0
0
0
0
0
1.85702026
2.53822374
0.117664106
0
0
0
0
0
1.48814476
0.820276737
0
0
0
0
0
0
0.84267807
0.189184681
0
0
0
0
0
0
0
0
2.27103472
3.82304025
1.87904227
0.408183396
0
0
0
0
0.546580017
2.97469258
2.05260158
0.425288111
0
0
0
0
0
1.05797458
1.22100317
0.318181992
0
0
0
0
0.166894272
0.48170042
0.274962723
0.283219784
0
0
0
0.3592695
0.0976741314
0
0
0
0
0
1.24663937
0.921384394
0.136872515
0
0
0.051311627
0
0.340196669
2.41397619
1.89289701
0.91892761
0.412186086
0
0.0797384605
0
0
0
0
0
0
0
0
2.62582779
1.70382452
0
0
0
0.940986693
0.593191445
0
0.514905989
0
0
0.0237972699
3.426332
2.77854872
0.355714113
0
0
0
0
4.15027046
3.88202953
1.16752446
0
0
0
0
2.52513385
4.09388971
1.47189319
0
0
0
0
0.397711754
2.78754354
1.03991485
0
0
0
0
0
1.36382246
0.868942618
0
0
0
0
0
1.52978182
2.42716479
1.01688766
0
0
0.159478441
0.399496466
1.28753018
2.63717914
2.20392823
1.73859262
1.48602259
1.53253198
1.94379032
2.33064866
2.39366579
0.31458348
0
0
0.0866893008
0
0
0
0
0
0
0
0.728834569
0.375921369
0
0
0
0
0.885380387
0.475566328
0
0
0
0
0
0
0.034809012
0
0
0
0
0
0
0
0
0
0
0
0
0
0
0.163469136
0.294206142
0.26554656
0.236527488
0
0
0
0.437020689
0.272172034
1.62200463
3.21458864
4.17361116
3.43234372
2.96639824
3.13197279
3.55211163
0.241154462
1.50819683
3.01804471
4.36372519
4.87933588
4.97758961
4.42356682
3.49719906
