5.71542263
0
0
3.99933672
7.18471622
5.8938036
0.849049091
4.85023785
0.924268961
0
3.59416342
0
0
0
5.87043047
0
7.1465745
3.16098046
0.419729233
3.09443617
8.10996914
8.56617165
6.70204401
6.23060036
1.98404837
0
3.97602749
0
0
0.688212395
1.18025482
4.27261353
0
4.31946182
3.31157875
0
0.166617095
4.31013727
5.98410892
0.281975746
5.25448036
0
0
0
0
0.48750186
4.63774395
0
0
0.395720124
5.89706039
0.403220057
0.646684647
0
0
0
0
0
0
0
0
0
0.434684455
5.61502695
3.97421789
4.0806179
2.32523823
0
0
0
3.7131815
5.21450663
6.62793159
0
0
3.81686807
0
0.0464505553
0
2.44175386
4.04730034
0
6.03746605
0
0
0.613962114
0.588682234
0
0
0
0
0
4.07598114
0
0
1.27098238
0
3.81907964
0
7.80370331
2.36649418
0.583791852
0
4.85840416
0
6.95170975
7.21455288
0
0
0.225013137
0
0.0129249096
1.48360419
0
0
3.79132867
0.228211641
0
0
0
