1.1528991460800171
1.1285718679428101
0.22229206562042236
-1.1917822360992432
-1.6373355388641357
-0.96463930606842041
-0.76121437549591064
-0.94884127378463745
1.6309797763824463
1.1303831338882446
-1.1952196359634399
-2.3466072082519531
-1.1563143730163574
0.91827011108398438
0.92288500070571899
-0.77932286262512207
2.7907233238220215
0.71121984720230103
-2.0681266784667969
-1.6391290426254272
0.29332029819488525
2.8667385578155518
1.9945476055145264
-0.90131735801696777
3.5385222434997559
0.023292973637580872
-2.3879036903381348
-1.1494063138961792
0.3043348491191864
1.8126517534255981
0.94395667314529419
-1.9915168285369873
3.3108398914337158
-1.0993778705596924
-3.2808866500854492
-1.7610460519790649
-0.80271565914154053
0.34230539202690125
0.030093502253293991
-2.3719828128814697
2.3499672412872314
-1.5563397407531738
-3.4272215366363525
-1.7535707950592041
-0.89894866943359375
-0.32725876569747925
-1.4824047088623047
-2.1037354469299316
1.459876537322998
-1.1011291742324829
-2.6591291427612305
-1.6961543560028076
-1.3267887830734253
-1.3118399381637573
-1.6346327066421509
-0.70987933874130249
0.34969630837440491
-0.69772815704345703
-1.7392630577087402
-1.5253734588623047
-1.2560319900512695
-1.0478872060775757
-0.37800660729408264
0.55564254522323608
0.46121364831924438
1.6511398553848267
3.6821718215942383
4.7510557174682617
4.2175636291503906
3.0789978504180908
2.076176643371582
1.5544426441192627
1.1814311742782593
2.2176914215087891
3.0536835193634033
4.044431209564209
3.2807941436767578
1.8483400344848633
1.698012113571167
1.739923357963562
0.71360570192337036
0.69320088624954224
0.3152734637260437
-0.78809380531311035
-1.3573204278945923
-0.7622029185295105
0.79728293418884277
1.9368489980697632
-0.86868619918823242
-1.6228344440460205
-1.8607602119445801
-3.7801146507263184
-4.0666570663452148
-1.7320458889007568
0.85531377792358398
2.1782243251800537
-1.7349560260772705
-2.2525913715362549
-2.0662047863006592
-2.3852403163909912
-1.7261079549789429
0.61866092681884766
1.9084469079971313
2.4283764362335205
-0.89356309175491333
-0.52225536108016968
0.10927537083625793
1.2362262010574341
2.8363726139068604
3.4220395088195801
2.286407470703125
1.4600564241409302
0.87819504737854004
1.5561296939849854
2.5183801651000977
3.5115528106689453
3.8532464504241943
2.7933225631713867
0.81851786375045776
-0.80817335844039917
1.0465909242630005
2.1267268657684326
2.700892448425293
2.3050172328948975
1.3535147905349731
-0.48829829692840576
-1.8963775634765625
-2.3334376811981201
-1.3298770189285278
-3.2377316951751709
-4.7144527435302734
-5.4881167411804199
-4.8505392074584961
-3.3970143795013428
-3.6578805446624756
-3.3857638835906982
-1.7855942249298096
-2.9095959663391113
-2.6307039260864258
-1.0720198154449463
-0.023460743948817253
0.17654076218605042
-0.86385798454284668
-3.0069084167480469
-0.3650108277797699
-0.36262327432632446
0.52141439914703369
2.5113387107849121
3.5240392684936523
2.6129848957061768
0.21650774776935577
-2.2254717350006104
0.30745264887809753
-0.48641842603683472
-0.71642673015594482
0.76447880268096924
1.0613934993743896
-1.1473349332809448
-3.055927038192749
-3.2146775722503662
-1.1830706596374512
-3.3385930061340332
-3.7734544277191162
-3.4866194725036621
-4.5833210945129395
-5.0168743133544922
-4.9346885681152344
-3.9434731006622314
-2.6865372657775879
-5.1957659721374512
-6.474205493927002
-6.9994621276855469
-6.8895115852355957
-5.6706743240356445
-4.3291459083557129
-2.5015645027160645
-2.1139147281646729
-3.6619951725006104
-4.9367585182189941
-5.2582559585571289
-4.6737775802612305
-2.7138149738311768
-1.2283797264099121
-0.36578637361526489
1.1779125928878784
1.2488781213760376
1.7960847616195679
1.6312384605407715
1.2766525745391846
1.3887543678283691
1.0226801633834839
1.511104941368103
-0.94573646783828735
0.048479735851287842
1.9862613677978516
1.8022637367248535
-0.96290755271911621
-2.3486971855163574
-1.4967280626296997
-0.77780300378799438
-0.35018476843833923
1.9220255613327026
2.9887871742248535
0.61221343278884888
-1.9934395551681519
-1.6717264652252197
-0.13553628325462341
0.16543009877204895
1.1493446826934814
3.6689281463623047
1.9934568405151367
-2.175560474395752
-3.7326371669769287
-1.5154639482498169
0.20870441198348999
0.16819533705711365
2.7116410732269287
3.6490321159362793
-0.89433938264846802
-5.352592945098877
-5.801905632019043
-2.7881126403808594
-0.75926077365875244
-1.0739775896072388
3.2210800647735596
1.3181016445159912
-5.1219563484191895
-7.332951545715332
-6.4954619407653809
-2.7571203708648682
-0.1543167382478714
-2.1883447170257568
3.0313029289245605
-0.78702783584594727
-5.9536213874816895
-5.8472342491149902
-3.2805461883544922
-0.14074896275997162
0.53177905082702637
-3.0292186737060547
2.8638279438018799
-0.67730522155761719
-3.5651454925537109
-2.4470961093902588
-0.12501242756843567
1.2007859945297241
-0.40293115377426147
-3.4224340915679932
1.7441531419754028
-0.25681960582733154
-1.2439367771148682
0.26159846782684326
1.105696439743042
0.22678059339523315
-2.0767965316772461
-3.1939859390258789
-0.65061205625534058
-0.069654658436775208
0.73853039741516113
1.8898817300796509
1.6490691900253296
1.2768793106079102
0.41461941599845886
0.035614341497421265
-0.23503026366233826
0.14957523345947266
1.2589364051818848
1.6075360774993896
1.337581992149353
1.6451085805892944
1.2599149942398071
0.74776363372802734
-0.098976768553256989
0.55934327840805054
1.048404335975647
0.4559369683265686
0.40575224161148071
2.0374016761779785
2.6927385330200195
1.977789044380188
-0.028144136071205139
0.90482181310653687
1.1976425647735596
0.62027794122695923
-0.10390468686819077
1.1969480514526367
2.4500749111175537
2.6532609462738037
0.67905402183532715
1.6897965669631958
1.9036250114440918
1.2535241842269897
0.28671878576278687
0.48013535141944885
2.0029366016387939
2.2159996032714844
1.4236831665039062
2.1246955394744873
1.7606561183929443
1.0773428678512573
0.2734667956829071
0.64459091424942017
1.8102463483810425
1.3681571483612061
1.5406533479690552
2.1713955402374268
1.6818617582321167
0.72511398792266846
0.35141131281852722
0.87768065929412842
1.2704633474349976
1.1821882724761963
0.56964689493179321
1.6521440744400024
1.9885140657424927
0.93844777345657349
0.22240208089351654
0.84429395198822021
1.5839462280273438
1.6743063926696777
-1.1815156936645508
-2.2862930297851562
-2.452756404876709
-0.85176777839660645
0.93234097957611084
1.3838909864425659
0.70921856164932251
0.079478010535240173
-1.7032389640808105
-1.9200896024703979
-0.096702948212623596
2.4151222705841064
2.6638116836547852
1.1248235702514648
0.028883667662739754
-0.38937464356422424
-1.5069555044174194
0.10542973875999451
3.2102136611938477
5.0860123634338379
2.624077320098877
-0.88221955299377441
-1.8759292364120483
-1.2715996503829956
-0.40193647146224976
1.9080300331115723
4.1579046249389648
2.786719799041748
-0.82585281133651733
-3.1673221588134766
-3.0888619422912598
-1.2581819295883179
0.18626070022583008
2.0262434482574463
1.07655930519104
-2.1698918342590332
-3.7213277816772461
-2.9652636051177979
-1.3582247495651245
0.85724174976348877
-0.17970605194568634
0.66366481781005859
-0.98658716678619385
-3.5683860778808594
-3.3958070278167725
-0.57648628950119019
2.2476303577423096
3.4615821838378906
-0.14208732545375824
0.25181254744529724
-1.0097634792327881
-1.7648856639862061
0.17071942985057831
3.2690019607543945
5.1331362724304199
3.3665308952331543
0.54506421089172363
0.33261358737945557
0.1427663117647171
1.6415736675262451
4.3745946884155273
5.5887084007263184
3.851062536239624
0.18306685984134674
0.14684504270553589
2.3323688507080078
3.788881778717041
2.0662803649902344
0.12181797623634338
-0.53481400012969971
-0.15447890758514404
0.34323328733444214
1.9193776845932007
4.3464260101318359
3.8635859489440918
0.78239893913269043
-1.0793852806091309
-1.4478099346160889
-0.82380074262619019
0.17182648181915283
3.5665183067321777
3.9951481819152832
1.7606282234191895
-1.5196233987808228
-1.9009796380996704
-0.62970960140228271
-0.20918186008930206
0.30205404758453369
3.8786914348602295
2.3166384696960449
-1.1248171329498291
-1.8907440900802612
0.12935701012611389
1.8931295871734619
1.748723030090332
0.64533114433288574
3.1822035312652588
0.36410146951675415
-1.4217700958251953
-0.11898597329854965
2.3346219062805176
4.2002735137939453
2.7208406925201416
-0.099822342395782471
1.980105996131897
-0.65461444854736328
-0.44170424342155457
1.739138126373291
4.112403392791748
4.6758518218994141
1.8524821996688843
-1.395830512046814
1.3037116527557373
-0.58607572317123413
0.85913783311843872
3.5156619548797607
4.1685080528259277
2.5995762348175049
-0.71945452690124512
-2.1086368560791016
1.1469597816467285
-0.013041205704212189
1.2200390100479126
2.3702623844146729
1.5199183225631714
-0.72295206785202026
-2.4694352149963379
-1.2909462451934814
0.22934667766094208
0.2390693873167038
0.38793724775314331
1.1574419736862183
1.9684712886810303
1.7391840219497681
-0.060141507536172867
-1.9306166172027588
0.46763694286346436
0.66639703512191772
0.63427895307540894
0.49855875968933105
1.8356755971908569
3.4770495891571045
2.9937713146209717
0.35986211895942688
0.085797131061553955
0.67981529235839844
0.46995455026626587
-0.15872448682785034
0.10868199914693832
1.7596185207366943
2.9091086387634277
1.8741894960403442
-0.3486214280128479
0.079549886286258698
-0.14767968654632568
-0.99394023418426514
-1.598386287689209
-1.5494735240936279
-0.5194358229637146
1.1793291568756104
-0.00084930658340454102
-0.25048452615737915
-1.3852394819259644
-2.4392743110656738
-3.0676925182342529
-3.2031021118164062
-2.3438491821289062
-0.55161899328231812
1.0234167575836182
1.0133403539657593
-0.70845305919647217
-2.0067453384399414
-1.9502396583557129
-1.7034943103790283
-1.4900968074798584
-0.86350017786026001
1.8141123056411743
3.7700042724609375
3.2956690788269043
0.9806024432182312
0.070912525057792664
0.14061234891414642
0.14518588781356812
0.14903146028518677
-0.056515716016292572
3.0419268608093262
5.405695915222168
4.3509712219238281
2.3194010257720947
1.3692009449005127
0.65044081211090088
0.4098275899887085
0.92258173227310181
0.70239526033401489
-0.55001956224441528
-2.0963058471679688
-1.5765198469161987
-0.26413232088088989
0.17964109778404236
0.11964244395494461
1.1176185607910156
-0.62333780527114868
-2.1444182395935059
-2.1485207080841064
0.2919757068157196
1.5329674482345581
0.6365044116973877
0.23917478322982788
0.41872325539588928
-2.9018118381500244
-3.2406871318817139
-0.47911369800567627
2.4982929229736328
1.9957782030105591
-0.056657198816537857
-0.38998809456825256
-1.1063735485076904
-4.0629124641418457
-2.1781051158905029
1.9869887828826904
3.7358548641204834
1.268810510635376
-2.3706517219543457
-2.1513791084289551
-1.8693110942840576
-3.5575051307678223
0.40748205780982971
3.2282233238220215
2.9209926128387451
0.28591233491897583
-3.6270232200622559
-2.6195013523101807
-1.4052277803421021
-2.1940827369689941
1.6945875883102417
2.4647831916809082
0.54876410961151123
-1.6331511735916138
-3.5884921550750732
-1.2425264120101929
-0.68378543853759766
-0.9691426157951355
1.6691555976867676
1.0960878133773804
-1.3134925365447998
-2.434917688369751
-1.8386522531509399
1.7305566072463989
-0.92445355653762817
-0.96259772777557373
0.53253918886184692
-0.38199594616889954
-1.5771623849868774
-0.97672706842422485
1.2381243705749512
3.3704078197479248
0.73483967781066895
1.2557511329650879
2.3725907802581787
3.0313189029693604
2.8266608715057373
1.7146645784378052
0.70990514755249023
-0.033772170543670654
0.8005557656288147
1.7597283124923706
2.5358502864837646
2.2523849010467529
0.51616674661636353
-0.65864169597625732
-0.042291637510061264
0.38779887557029724
0.77042794227600098
1.9209691286087036
2.3865964412689209
1.1846108436584473
-0.94958215951919556
-2.1466035842895508
-1.0409685373306274
0.78066825866699219
0.9841839075088501
2.4478857517242432
2.593031644821167
0.23926666378974915
-1.6128658056259155
-1.6933904886245728
-0.096777744591236115
1.4925987720489502
1.4423978328704834
3.2665863037109375
2.8581767082214355
-0.19663795828819275
-1.6025559902191162
-0.42633280158042908
1.2369880676269531
2.0247247219085693
1.5052809715270996
3.8236982822418213
3.3072803020477295
0.43451088666915894
0.1400006115436554
1.3392927646636963
1.9514751434326172
1.745974063873291
0.81019306182861328
2.6677978038787842
2.5481281280517578
0.8971097469329834
0.33010601997375488
1.0447306632995605
1.2620698213577271
0.4586523175239563
-0.1037527397274971
0.34925210475921631
0.083645202219486237
-0.80589205026626587
-0.78883939981460571
-0.40073364973068237
-0.82025474309921265
-1.7297673225402832
2.5339794158935547
2.2526674270629883
-0.50620746612548828
-3.9452230930328369
-5.0521903038024902
-3.5752773284912109
-2.0264384746551514
-1.4135253429412842
1.9693202972412109
-0.8254706859588623
-6.4440388679504395
-8.9030570983886719
-6.9019074440002441
-3.1159038543701172
-0.97803688049316406
-0.51276159286499023
-0.3032747209072113
-6.038578987121582
-11.048574447631836
-9.8727254867553711
-4.6212930679321289
-0.047509819269180298
0.66391438245773315
0.026420708745718002
-3.3062779903411865
-8.9794654846191406
-8.7553215026855469
-3.3781144618988037
0.33978605270385742
1.0220365524291992
-0.37973794341087341
-1.6397687196731567
-4.7045292854309082
-7.0285649299621582
-2.4581112861633301
3.214777946472168
3.4031398296356201
-0.41871976852416992
-4.671846866607666
-4.8264923095703125
-4.0857081413269043
-4.2815518379211426
1.6110368967056274
4.4529809951782227
1.2911266088485718
-5.110041618347168
-9.7608051300048828
-7.2992491722106934
-3.5921378135681152
-2.9443871974945068
0.78878623247146606
-0.97919875383377075
-6.2436294555664062
-11.15499210357666
-11.315615653991699
-5.0734305381774902
-5.2394495010375977
-4.2094721794128418
-2.8059689998626709
-7.298762321472168
-11.61257266998291
-11.487442970275879
-6.3452205657958984
0.64269930124282837
1.0156972408294678
1.9498341083526611
2.566413402557373
2.2848210334777832
2.4436073303222656
3.2897047996520996
2.7469618320465088
1.2292907238006592
1.5193036794662476
1.8369078636169434
1.3028707504272461
0.44319230318069458
0.14161002635955811
1.4647507667541504
2.6274974346160889
2.1675972938537598
0.5725594162940979
0.055103600025177002
-0.68284547328948975
-1.567959189414978
-2.0406818389892578
-1.1507194042205811
0.4239061176776886
1.927477240562439
-0.48614874482154846
-1.4803818464279175
-1.4012995958328247
-1.5618996620178223
-0.59333455562591553
-0.30991458892822266
-0.72906708717346191
0.26446822285652161
-0.24767658114433289
-0.86975115537643433
-0.41413730382919312
0.47818773984909058
0.97624403238296509
0.90370678901672363
-0.47872647643089294
-0.88608527183532715
0.58058428764343262
1.3392056226730347
2.725954532623291
2.9190115928649902
2.2561233043670654
1.718407154083252
0.35466209053993225
-0.38262432813644409
0.7371063232421875
2.6423511505126953
5.0364961624145508
4.947145938873291
2.7715380191802979
1.0225977897644043
0.30811205506324768
0.018953066319227219
-0.90950310230255127
-0.1599966436624527
2.191551685333252
2.8514525890350342
0.99910718202590942
-0.29023706912994385
-0.79923421144485474
-0.40122660994529724
-2.4368665218353271
-3.8823084831237793
-2.8107888698577881
0.34664678573608398
1.9349395036697388
0.95893913507461548
0.019606724381446838
0.46580499410629272
-3.4818408489227295
-3.7702736854553223
-0.043714966624975204
3.1226811408996582
2.0740077495574951
-1.3806414604187012
-1.8351008892059326
0.40775200724601746
-4.2489809989929199
-1.9933347702026367
3.453359842300415
4.4932870864868164
0.90780574083328247
-3.535203218460083
-3.1731476783752441
1.1622974872589111
-4.1146154403686523
-0.028757762163877487
5.4567956924438477
4.3146543502807617
-0.1984819769859314
-3.9802653789520264
-2.8645608425140381
2.6559822559356689
-3.6940593719482422
1.0477838516235352
4.3590335845947266
1.8907387256622314
-1.8082201480865479
-3.4665346145629883
-1.0978908538818359
3.7104156017303467
-3.4703197479248047
0.00086549669504165649
1.7975145578384399
-0.5754515528678894
-2.4402458667755127
-1.3718924522399902
1.7689564228057861
4.0812978744506836
-2.8910868167877197
-1.1513636112213135
-0.18558299541473389
-1.1865990161895752
-0.82071685791015625
0.92293429374694824
3.068678617477417
2.4601702690124512
-1.7340508699417114
-1.4359332323074341
-0.60289585590362549
0.051868673413991928
0.73501908779144287
1.5585691928863525
1.4252787828445435
0.43128859996795654
-1.3247617483139038
-0.78077566623687744
-0.22607956826686859
1.6630591154098511
3.2211966514587402
3.6419143676757812
2.532473087310791
0.91145479679107666
-1.6987923383712769
-0.93167173862457275
-1.010887622833252
-1.1125324964523315
-0.33158653974533081
2.8123302459716797
4.4933323860168457
2.6570968627929688
-2.8165876865386963
-1.3783879280090332
-1.8553107976913452
-3.2165722846984863
-4.1042671203613281
-1.3552473783493042
4.0696048736572266
4.8560528755187988
-3.0708682537078857
-1.1394391059875488
-1.0812751054763794
-3.2183928489685059
-5.7188992500305176
-4.4615015983581543
2.4421596527099609
5.3869285583496094
-2.0765738487243652
0.62751412391662598
-0.12846873700618744
-2.2642650604248047
-4.5279808044433594
-4.8685202598571777
-0.064017549157142639
3.7180492877960205
-1.2678461074829102
2.396864652633667
1.708935022354126
-0.49953395128250122
-2.5079531669616699
-2.7026791572570801
-0.3499051034450531
1.9125614166259766
-2.1911156177520752
2.8864240646362305
3.2500984668731689
0.28283646702766418
-1.893706202507019
-1.7068932056427002
-0.34022682905197144
1.0144037008285522
-5.7749547958374023
-0.96228885650634766
1.4135497808456421
-0.40462136268615723
-2.6284885406494141
-2.2048041820526123
-0.82453781366348267
0.10621609538793564
-3.4225983619689941
-3.4281210899353027
-0.75203901529312134
1.1055418252944946
0.93866163492202759
0.23336668312549591
-0.6718975305557251
-0.77515637874603271
-2.8374583721160889
-0.30258804559707642
3.4546871185302734
4.1085867881774902
2.33245849609375
-0.40313935279846191
-2.1243102550506592
-1.6488591432571411
-0.68930411338806152
2.9246158599853516
5.3156704902648926
2.9276151657104492
-1.1179076433181763
-3.5175292491912842
-3.2843339443206787
-1.7320244312286377
0.92214757204055786
3.0113863945007324
1.8255800008773804
-2.2669520378112793
-3.8214631080627441
-3.2878217697143555
-1.2999037504196167
0.29425829648971558
0.89952230453491211
0.4301280677318573
-2.0489535331726074
-4.8350238800048828
-3.9018044471740723
-0.77939707040786743
1.9876008033752441
2.9435298442840576
0.27610209584236145
-1.1508102416992188
-2.8754618167877197
-3.9412059783935547
-1.7308906316757202
2.6361446380615234
4.7100787162780762
3.3687729835510254
0.66565448045730591
-0.24957835674285889
-0.57368719577789307
0.43564727902412415
3.4538683891296387
5.9268245697021484
4.4254817962646484
1.3383435010910034
1.4906290769577026
1.4738260507583618
2.5371911525726318
4.4212961196899414
5.5771980285644531
4.0224461555480957
0.44492056965827942
-1.410983681678772
-0.050636306405067444
0.18141451478004456
0.45662197470664978
0.90658247470855713
1.7993018627166748
2.424358606338501
1.6865854263305664
0.38992127776145935
0.20780077576637268
0.54852145910263062
1.3781250715255737
1.2948063611984253
1.6179888248443604
2.3511421680450439
1.9555128812789917
1.1052950620651245
0.45683985948562622
0.51432317495346069
0.5042794942855835
-0.14816059172153473
-0.66703701019287109
0.25898867845535278
0.36965903639793396
0.075845688581466675
-0.10564433038234711
-0.87153685092926025
-1.4586299657821655
-1.4318724870681763
-0.59220045804977417
0.39273062348365784
-0.087303385138511658
-0.36140814423561096
-0.32201972603797913
-0.66994833946228027
-0.76709771156311035
-1.0921851396560669
-0.93500113487243652
-0.25509479641914368
0.40134111046791077
-0.022436331957578659
0.6212151050567627
0.97330796718597412
1.1489781141281128
0.087456457316875458
-0.083482176065444946
0.54121208190917969
0.68342369794845581
0.17357359826564789
1.0981912612915039
2.3838255405426025
2.9014146327972412
2.8432607650756836
2.2115006446838379
1.7534546852111816
1.3544892072677612
0.84425592422485352
0.68688756227493286
1.9589325189590454
3.1251263618469238
3.7175109386444092
3.0414481163024902
1.9600999355316162
0.90752512216567993
0.23646828532218933
