0
0
0
0
0
0
0
0
0.00015702408563811332
0.0013445273507386446
-0.0057006212882697582
0.0078392680734395981
0.058730587363243103
0.18906955420970917
0.23576347529888153
0.15968841314315796
0.023591624572873116
0
0
0
0
0
0
0
0
0
0
0
0
0
0
0
-0.0019981225486844778
-0.034964229911565781
-0.094180107116699219
-0.15704463422298431
-0.19394113123416901
-0.14111356437206268
-0.1058289110660553
0.0079075600951910019
0.052351407706737518
0
0
0
0
0
0
0
0
0
0
0
0
0
0
0.00029977326630614698
-0.013656692579388618
-0.16765552759170532
-0.38496479392051697
-0.67275553941726685
-0.76111549139022827
-1.0288938283920288
-0.88994276523590088
-0.47149598598480225
-0.073635190725326538
0
0
0
0
0
0
0
0
0
0
0
0
0
0.0015702409436926246
-0.010077795013785362
-0.059259336441755295
-0.16855388879776001
-0.28580737113952637
-0.45819157361984253
-0.79879111051559448
-1.1240159273147583
-0.98128348588943481
-0.6759912371635437
-0.14007043838500977
0.09487587958574295
0.047183249145746231
0
0
0
0
0
0
0
0
0
0
0
-0.021651390939950943
-0.084870755672454834
-0.24368831515312195
-0.29006290435791016
-0.17899969220161438
-0.27679693698883057
-0.45827588438987732
-0.40785890817642212
-0.38109442591667175
-0.48079773783683777
-0.17547048628330231
0.10681243240833282
0.11907795071601868
0.038812026381492615
0
0
0
0
0
0
0
0
0
0.0025980349164456129
-0.1321498304605484
-0.276812344789505
-0.47514533996582031
-0.38940763473510742
-0.58564364910125732
-0.4872702956199646
-0.38467243313789368
-0.36668163537979126
-0.54605692625045776
-0.71302950382232666
-0.67245090007781982
-0.36980751156806946
-0.10044625401496887
0.14470051229000092
0
0
0
0
0
0
0
0
0.00089931976981461048
-0.04320690780878067
-0.1834319531917572
-0.39218059182167053
-0.3758680522441864
-0.44888943433761597
-0.7012144923210144
-0.3586498498916626
-0.24829895794391632
-0.46017181873321533
-0.81121206283569336
-1.1564599275588989
-1.259304404258728
-1.1119390726089478
-0.57842499017715454
-0.11608988046646118
0.079907111823558807
0
0
0
0
0
0
0.00045679736649617553
-0.013488974422216415
-0.17423272132873535
-0.21836592257022858
-0.23399414122104645
-0.18090705573558807
-0.36457914113998413
-0.28607866168022156
-0.068727090954780579
-0.011009466834366322
-0.10776160657405853
-0.24557158350944519
-0.56761831045150757
-0.8605765700340271
-1.0321906805038452
-0.90565598011016846
-0.49700033664703369
0.10887794196605682
0.086956940591335297
0.0038051006849855185
0
0
0
0
-0.0068210484459996223
-0.093216627836227417
-0.2190818190574646
-0.23317641019821167
-0.21033103764057159
-0.25502455234527588
-0.21218201518058777
0.072406351566314697
0.2057165801525116
0.36827769875526428
0.64444410800933838
0.85002803802490234
0.6601375937461853
0.16784584522247314
-0.32773622870445251
-0.85140842199325562
-0.74878948926925659
-0.2281586229801178
0.089216612279415131
0.02194574847817421
0
0
0
0
-0.026733938604593277
-0.19588033854961395
-0.23452445864677429
-0.25724294781684875
-0.30290448665618896
-0.25976899266242981
0.088119000196456909
0.34794077277183533
0.49263930320739746
0.7736814022064209
1.0175992250442505
1.1553249359130859
1.0180286169052124
0.60065490007400513
0.009293602779507637
-0.61371439695358276
-0.88190275430679321
-0.73966562747955322
-0.26073887944221497
-0.015016462653875351
0
0
0
0
-0.0149878840893507
-0.073651745915412903
-0.063034668564796448
-0.070019513368606567
-0.044978518038988113
-0.016980614513158798
0.44357168674468994
0.46617898344993591
0.71263659000396729
0.81874972581863403
0.66451627016067505
0.64075422286987305
0.5937080979347229
0.52654576301574707
0.2702576220035553
-0.22308185696601868
-0.71043676137924194
-0.80169391632080078
-0.54492104053497314
0.028731770813465118
0
0
0
0
0.011429020203649998
0.07236519455909729
0.13144814968109131
0.23327448964118958
0.48679006099700928
0.38307496905326843
0.49261322617530823
0.54393935203552246
0.61150538921356201
0.44658619165420532
0.18670691549777985
0.2223210483789444
0.34072697162628174
0.43004491925239563
0.49396595358848572
0.3005293607711792
-0.20183154940605164
-0.51790380477905273
-0.53659635782241821
-0.19390399754047394
0
0
0
0
-0.0075875632464885712
0.070591412484645844
0.089436724781990051
0.31047660112380981
0.53070056438446045
0.27861976623535156
0.33952772617340088
0.5244184136390686
0.22653305530548096
0.02217385359108448
-0.00062167271971702576
0.049281306564807892
0.14659281075000763
0.21306027472019196
0.31780999898910522
0.24529086053371429
-0.19606901705265045
-0.30225858092308044
-0.44614526629447937
-0.27151638269424438
0
0
0
0
-0.085670098662376404
-0.026754977181553841
-0.038893844932317734
0.026429278776049614
0.0148577019572258
-0.015204779803752899
0.034256786108016968
0.26460719108581543
0.03281112015247345
-0.0027673374861478806
-0.024022368714213371
-0.096804067492485046
-0.060262177139520645
0.016625907272100449
0.070734187960624695
-0.057006228715181351
-0.16703462600708008
-0.16622050106525421
-0.35140156745910645
-0.1004442423582077
0
0
0
0
-0.083577468991279602
-0.039692673832178116
-0.039320077747106552
-0.16454827785491943
-0.31653577089309692
-0.18207645416259766
-0.28532907366752625
0
0.0025980349164456129
-0.055412918329238892
-0.11814403533935547
-0.26901566982269287
-0.21395203471183777
-0.27749913930892944
-0.25022584199905396
-0.18738619983196259
-0.012358952313661575
-0.018056988716125488
-0.037636775523424149
0.1160123348236084
0
0
0
0
0.024670593440532684
0.073715358972549438
0.079341024160385132
0.018526535481214523
-0.23410402238368988
-0.17707455158233643
-0.27455613017082214
0.087051942944526672
0.07862091064453125
0.093988880515098572
-0.17803628742694855
-0.31923070549964905
-0.47438156604766846
-0.57239967584609985
-0.27487048506736755
-0.0074724219739437103
0.15452510118484497
0.081148996949195862
0.1626945286989212
0.029347885400056839
0
0
0
0
0.077451199293136597
0.13668736815452576
0.12072759866714478
0.096810467541217804
-0.27042636275291443
-0.27968335151672363
-0.39333450794219971
-0.087252326309680939
-0.29134488105773926
-0.54951310157775879
-0.60052454471588135
-0.56757217645645142
-0.64083999395370483
-0.42616152763366699
-0.10731958597898483
0.16235701739788055
0.11436872184276581
0.28345364332199097
0.2781633734703064
0.03281112015247345
0
0
0
0
0.099808886647224426
0.15427888929843903
0.17798656225204468
0.044322919100522995
-0.41206327080726624
-0.70239704847335815
-1.0984879732131958
-1.1249880790710449
-1.2453755140304565
-1.3348661661148071
-1.0586051940917969
-0.76457977294921875
-0.46697515249252319
-0.047678537666797638
0.05072585865855217
-0.037449225783348083
0.070759713649749756
0.27915585041046143
0.066715940833091736
0
0
0
0
0
0.18022869527339935
0.26337742805480957
0.33050775527954102
0.13592381775379181
-0.39430835843086243
-0.95148742198944092
-1.2446427345275879
-1.2806975841522217
-1.0719090700149536
-0.94572848081588745
-0.74709165096282959
-0.38310867547988892
-0.023858958855271339
0.097277417778968811
0.083095647394657135
0.15561172366142273
0.19907122850418091
0.1968667209148407
0
0
0
0
0
0
0.18797813355922699
0.33535435795783997
0.42446854710578918
0.48479396104812622
0.25725454092025757
-0.31474992632865906
-0.59967249631881714
-0.67887413501739502
-0.33335718512535095
-0.052808526903390884
-0.017029959708452225
0.15524961054325104
0.44225752353668213
0.53226900100708008
0.57172799110412598
0.56505906581878662
0.21529659628868103
0
0
0
0
0
0
0
0.094213247299194336
0.34508156776428223
0.55989128351211548
0.77226799726486206
0.9203152060508728
0.65156072378158569
0.27911561727523804
-0.053961180150508881
-0.12048788368701935
-0.0009148111566901207
0.29414713382720947
0.52470105886459351
0.61919915676116943
0.75932025909423828
0.72242200374603271
0.48750245571136475
0.15779723227024078
0
0
0
0
0
0
0
0.021945234388113022
0.21379710733890533
0.465373694896698
0.76302063465118408
1.1152353286743164
1.2503656148910522
1.1074891090393066
0.89206111431121826
0.7718995213508606
0.7518811821937561
0.89512467384338379
0.84090477228164673
0.59879040718078613
0.48222276568412781
0.26640874147415161
0.053203873336315155
0.010937039740383625
0
0
0
0
0
0
0
0
0.043890468776226044
0.14560124278068542
0.36164602637290955
0.67734575271606445
1.0759541988372803
1.4198591709136963
1.5151546001434326
1.4172354936599731
1.1832139492034912
0.95007061958312988
0.75713729858398438
0.4270109236240387
0.10809457302093506
0
0
0
0
0
0
0
0
0
0
0
0
0
0.050969582051038742
0.17552503943443298
0.35793456435203552
0.54228746891021729
0.70181542634963989
0.79661893844604492
0.65928834676742554
0.37072467803955078
0.20749908685684204
0.12351937592029572
0.03281112015247345
0
0
0
0
0
0
0
0
0
0
0
0
0
0
0
-0.0084019294008612633
-0.13179028034210205
-0.44592440128326416
-0.80918979644775391
-0.95095717906951904
-0.65253788232803345
-0.20827189087867737
0.051939990371465683
0.014470683410763741
0
0
0
0
0
0
0
0
0
0
0
0
0
0
0
-0.040773481130599976
-0.43541187047958374
-1.1475539207458496
-1.7460407018661499
-1.8322584629058838
-1.1049530506134033
-0.41820996999740601
0.084501788020133972
0.07110992819070816
0
0
0
0
0
0
0
0
0
0
0
0
0
0
-0.016040047630667686
-0.22770050168037415
-0.90292888879776001
-1.6601080894470215
-2.1455376148223877
-1.9156808853149414
-0.97667610645294189
-0.2840583324432373
0.21280090510845184
0.14587883651256561
0
0
0
0
0
0
0
0
0
0
0
0
0
-0.084019288420677185
-0.34119683504104614
-0.91923350095748901
-1.5280898809432983
-1.6202969551086426
-1.5880753993988037
-1.2565301656723022
-0.6754109263420105
-0.24432361125946045
0.10888805985450745
0.010341405868530273
-0.033824913203716278
0.028941366821527481
0
0
0
0
0
0
0
0
0
0
0
-0.31836879253387451
-0.95974165201187134
-1.6243160963058472
-1.7979042530059814
-1.0018037557601929
-0.53381657600402832
-0.22005127370357513
-0.3290439248085022
-0.73778188228607178
-0.70410209894180298
-0.51678192615509033
-0.24252146482467651
0.075343362987041473
0.023806607350707054
0
0
0
0
0
0
0
0
0
-0.13901373744010925
-0.79015201330184937
-1.556252121925354
-1.8798657655715942
-1.4150236845016479
-0.56997805833816528
-0.044518589973449707
0.18592001497745514
-0.43748962879180908
-0.98106598854064941
-1.2317121028900146
-1.1022974252700806
-0.59259879589080811
-0.073235958814620972
0.15291555225849152
0
0
0
0
0
0
0
0
-0.048120137304067612
-0.47444164752960205
-1.1409265995025635
-1.5342779159545898
-1.426972508430481
-0.76574826240539551
0.062376834452152252
0.67639851570129395
0.80844706296920776
0.50846922397613525
-0.13555987179279327
-0.94346833229064941
-1.1512055397033691
-0.71419692039489746
-0.19910313189029694
0.18407914042472839
0.04901360347867012
0
0
0
0
0
0
-0.024441976100206375
-0.29819291830062866
-0.98107093572616577
-1.3633713722229004
-1.2062158584594727
-0.70055699348449707
0.067729294300079346
0.91395860910415649
1.5663306713104248
1.9573053121566772
1.9734656810760498
1.213170051574707
0.05315910279750824
-0.78590875864028931
-0.95257687568664551
-0.48395854234695435
-0.086041934788227081
0.022600546479225159
0.04591687023639679
0.0023339812178164721
0
0
0
0
-0.064660876989364624
-0.56948339939117432
-1.1706606149673462
-1.1263320446014404
-0.92136436700820923
0.080179736018180847
1.2412445545196533
1.9303267002105713
2.4455592632293701
2.5017938613891602
2.4606778621673584
1.8959603309631348
0.96990042924880981
-0.10998210310935974
-1.0577182769775391
-0.94778680801391602
-0.38672876358032227
-0.13437697291374207
0.14240725338459015
0.019751213490962982
0
0
0
0
-0.076953589916229248
-0.5838092565536499
-0.85927218198776245
-0.73131930828094482
-0.31429588794708252
1.1916375160217285
2.0967731475830078
2.5051753520965576
2.3217747211456299
1.9223875999450684
1.7637673616409302
1.5498309135437012
1.2210619449615479
0.3121165931224823
-0.73563295602798462
-0.93499982357025146
-0.55536764860153198
-0.038126595318317413
0.29657787084579468
0.043922580778598785
0
0
0
0
-0.05073251947760582
-0.31768935918807983
-0.43104377388954163
-0.2322935163974762
0.5243537425994873
2.064906120300293
2.5073144435882568
2.0729467868804932
1.4029692411422729
0.85796326398849487
0.58341610431671143
0.77426129579544067
0.90475261211395264
0.44987666606903076
-0.32926547527313232
-0.79026710987091064
-0.51233679056167603
-0.073169231414794922
0.33742284774780273
0.13098403811454773
0
0
0
0
-0.084375739097595215
-0.1989452987909317
-0.26550853252410889
0.17688792943954468
1.1160218715667725
1.9547107219696045
1.9954376220703125
1.1598312854766846
0.56648975610733032
0.11273844540119171
-0.0026070214807987213
0.2965177595615387
0.36103224754333496
0.21242716908454895
-0.14857499301433563
-0.4669812023639679
-0.04551619291305542
0.21086442470550537
0.51122069358825684
0.18502770364284515
0
0
0
0
-0.25398072600364685
-0.42746800184249878
-0.43192219734191895
0.021105825901031494
0.98362070322036743
1.2835689783096313
1.2854832410812378
0.35676324367523193
-0.021877575665712357
-0.023981664329767227
-0.080991864204406738
-0.27450817823410034
-0.48484605550765991
-0.49166044592857361
-0.3727165162563324
-0.047782361507415771
0.37940788269042969
0.57878714799880981
0.62244045734405518
0.17795270681381226
0
0
0
0
-0.36282843351364136
-0.54322630167007446
-0.4637906551361084
-0.25384539365768433
0.51049071550369263
0.81946015357971191
0.89752465486526489
-0.042925093322992325
-0.011912425048649311
-0.13387627899646759
-0.5177154541015625
-1.1399677991867065
-1.4059299230575562
-0.98011159896850586
-0.29427710175514221
0.59643340110778809
1.0394159555435181
0.91518139839172363
0.59763592481613159
0.1864803284406662
0
0
0
0
-0.29100126028060913
-0.39347678422927856
-0.38634729385375977
-0.45346757769584656
0.36524814367294312
0.52078211307525635
0.60914313793182373
0
-0.13901373744010925
-0.62182462215423584
-1.3328186273574829
-1.8502475023269653
-1.5301870107650757
-0.78198707103729248
0.3037964403629303
1.30567467212677
1.4067608118057251
1.2011862993240356
0.56808292865753174
-0.010094990953803062
0
0
0
0
-0.094955220818519592
-0.14608070254325867
-0.21970799565315247
-0.36590611934661865
0.21610823273658752
0.11022944748401642
-0.15767207741737366
-1.0255733728408813
-1.4865301847457886
-1.7568663358688354
-1.9421635866165161
-1.7850234508514404
-1.0286948680877686
-0.12199434638023376
1.1285508871078491
1.6837130784988403
1.481560230255127
0.89572608470916748
0.21599858999252319
0.014283685944974422
0
0
0
0
0.082212939858436584
0.11717043817043304
0.048816844820976257
-0.34700676798820496
-0.4612882137298584
-0.89245384931564331
-1.4439781904220581
-2.0368740558624268
-2.224736213684082
-2.0209169387817383
-1.5831441879272461
-0.99503248929977417
-0.31572666764259338
0.73336952924728394
1.6557444334030151
1.5957667827606201
1.3672245740890503
0.58485603332519531
0.0028619803488254547
-0.011912425048649311
0
0
0
0
0.26407602429389954
0.40796631574630737
0.29939830303192139
-0.33025872707366943
-1.0117154121398926
-1.3486630916595459
-1.8037310838699341
-2.036952018737793
-1.8512692451477051
-1.2221510410308838
-0.61918628215789795
0.061703279614448547
1.0615900754928589
1.7877253293991089
1.8262802362442017
1.3052850961685181
0.84728705883026123
0.15634015202522278
-0.024221930652856827
0
0
0
0
0
0.40355393290519714
0.73733812570571899
0.77161836624145508
0.24650096893310547
-0.61714774370193481
-0.93043506145477295
-1.1464804410934448
-1.0269917249679565
-0.72694134712219238
-0.14992764592170715
0.57944488525390625
1.5419055223464966
2.2460372447967529
2.2590897083282471
1.6132339239120483
1.0066894292831421
0.47467684745788574
-0.071474552154541016
0
0
0
0
0
0
0.36759191751480103
0.87359744310379028
1.280963659286499
1.1978095769882202
0.69456565380096436
0.48632758855819702
0.15565289556980133
0.50780767202377319
0.95548343658447266
1.4327869415283203
1.9437445402145386
2.298375129699707
2.5272419452667236
1.8761342763900757
1.1042152643203735
0.5308537483215332
0.045010596513748169
0
0
0
0
0
0
0
0.17037440836429596
0.69859945774078369
1.3422813415527344
1.7238850593566895
1.7700636386871338
1.7109560966491699
1.6580710411071777
1.8682821989059448
2.074993371963501
2.3286316394805908
2.4201068878173828
2.198519229888916
1.7813421487808228
1.1487267017364502
0.59483796358108521
0.11780896037817001
-0.048977047204971313
0
0
0
0
0
0
0
0.039496999233961105
0.38651463389396667
0.8772585391998291
1.4402260780334473
1.9099828004837036
1.9958571195602417
2.1472690105438232
2.3676304817199707
2.4573953151702881
2.33766770362854
1.8768597841262817
1.269675612449646
0.82209032773971558
0.3218320906162262
-0.019159462302923203
-0.0016017770394682884
-0.0039708083495497704
0
0
0
0
0
0
0
0
0.078993998467922211
0.26226067543029785
0.64964473247528076
1.1688984632492065
1.6472029685974121
1.8890771865844727
1.7888082265853882
1.7159334421157837
1.4800806045532227
0.95301282405853271
0.46114256978034973
0.11027944833040237
-0.01430613175034523
0
0
0
0
0
0
0
0
0
0
0
0
0
0.09173496812582016
0.31615093350410461
0.64061093330383301
0.86187744140625
0.82538521289825439
0.6467704176902771
0.33698910474777222
0.15050344169139862
0.098896726965904236
0.0082983355969190598
-0.011912425048649311
0
0
0
0
0
0
0
0
0
0
0
0
0
0
0
-0.0041641481220722198
-0.061436563730239868
-0.16530250012874603
-0.25598043203353882
-0.085470743477344513
0.24376335740089417
0.39155420660972595
0.20287266373634338
0.026626512408256531
0
0
0
0
0
0
0
0
0
0
0
0
0
0
0
-0.0052794339135289192
0.019261345267295837
0.14041805267333984
0.28564316034317017
0.64232784509658813
0.79936158657073975
0.67086607217788696
0.38254225254058838
0.097045265138149261
0
0
0
0
0
0
0
0
0
0
0
0
0
0
-0.0079497378319501877
-0.04603099450469017
0.16976460814476013
0.58554160594940186
1.2692586183547974
1.6054626703262329
1.413571834564209
1.11202073097229
0.64221751689910889
0.13532909750938416
0
0
0
0
0
0
0
0
0
0
0
0
0
-0.041641481220722198
-0.10179233551025391
-0.031200721859931946
0.46269902586936951
1.2689071893692017
1.9579496383666992
2.0240030288696289
1.6763623952865601
1.1172149181365967
0.6310688853263855
0.3110453188419342
0.15236401557922363
0.053253024816513062
0
0
0
0
0
0
0
0
0
0
0
-0.0085029304027557373
0.073341049253940582
0.34450161457061768
1.1680335998535156
1.9294534921646118
2.1487650871276855
2.2565078735351562
1.904616117477417
1.4301067590713501
0.95696938037872314
0.59299486875534058
0.47463056445121765
0.24756389856338501
0.043804910033941269
0
0
0
0
0
0
0
0
0
-0.068897724151611328
0.10793578624725342
0.42448809742927551
1.133975625038147
1.9185433387756348
2.2217116355895996
2.392641544342041
2.4193296432495117
2.3408856391906738
2.0348846912384033
1.5300033092498779
1.0562982559204102
0.74090456962585449
0.59480279684066772
0.22576422989368439
0
0
0
0
0
0
0
0
-0.023849211633205414
0.034087337553501129
0.35151636600494385
0.97212541103363037
1.7641957998275757
2.1672682762145996
2.4500057697296143
2.5549657344818115
2.7264134883880615
2.6437718868255615
2.3720023632049561
1.968143105506897
1.3815290927886963
1.0642602443695068
0.86389529705047607
0.39927536249160767
0.090186573565006256
0
0
0
0
0
0
-0.012113885954022408
-0.050998982042074203
0.16103506088256836
0.62880212068557739
1.530001163482666
2.0740904808044434
2.4825677871704102
2.5798244476318359
2.5481071472167969
2.3258635997772217
1.9808363914489746
1.8610416650772095
1.8879363536834717
1.5354230403900146
1.2952781915664673
0.94242197275161743
0.71966183185577393
0.3304276168346405
0.10179516673088074
0.0042945989407598972
0
0
0
0
0.011381675489246845
0.1506085991859436
0.49537119269371033
1.1044743061065674
1.8354663848876953
2.3506662845611572
2.5381820201873779
2.4676010608673096
1.8203303813934326
1.1902762651443481
0.96157157421112061
1.1343283653259277
1.4472731351852417
1.658659815788269
1.4760489463806152
1.3454989194869995
0.9127422571182251
0.67935043573379517
0.27238556742668152
0.030891362577676773
0
0
0
0
0.038831673562526703
0.33872747421264648
0.83815681934356689
1.3844890594482422
2.0256023406982422
2.3938989639282227
2.2255032062530518
1.5687189102172852
0.85868126153945923
0.53215360641479492
0.38281822204589844
0.57234650850296021
1.082439661026001
1.5086644887924194
1.6994073390960693
1.7376576662063599
1.4288088083267212
0.9721800684928894
0.41978496313095093
0.040008388459682465
0
0
0
0
0.04451211541891098
0.39155220985412598
0.96069520711898804
1.4787417650222778
1.985777735710144
2.0935735702514648
1.3766781091690063
0.67504620552062988
0.40838834643363953
0.22828401625156403
0.17055699229240417
0.23530425131320953
0.61063194274902344
1.0813758373260498
1.6152269840240479
1.813152551651001
1.6536080837249756
1.0695189237594604
0.63468527793884277
0.17412994801998138
0
0
0
0
0.0076396390795707703
0.3586183488368988
0.89429950714111328
1.3886409997940063
1.7330842018127441
1.6351295709609985
0.81739199161529541
0.38737082481384277
0.1978181004524231
0.17965726554393768
0.10217903554439545
0.028706740587949753
0.29088720679283142
0.79371291399002075
1.4710732698440552
2.0898640155792236
1.8989808559417725
1.46436607837677
0.68994665145874023
0.079125933349132538
0
0
0
0
0.060491383075714111
0.4284915030002594
0.96482729911804199
1.4130401611328125
1.5054696798324585
1.2889198064804077
0.70363146066665649
0.17082767188549042
0.12990671396255493
0.0064147766679525375
-0.032731685787439346
-0.0076451748609542847
0.31448128819465637
0.90232187509536743
1.704558253288269
2.1545562744140625
1.9658759832382202
1.4813401699066162
0.68669605255126953
0.18184944987297058
0
0
0
0
0.19716824591159821
0.63248419761657715
1.1643179655075073
1.5008598566055298
1.4831682443618774
1.2787107229232788
0.60854929685592651
0.15046435594558716
0.021546769887208939
-0.037851378321647644
-0.085092663764953613
0.072450555860996246
0.67448103427886963
1.546505331993103
2.1366226673126221
2.1905632019042969
1.9278539419174194
1.1481368541717529
0.51738935708999634
0.0088844988495111465
0
0
0
0
0.26014792919158936
0.78848403692245483
1.2575346231460571
1.5546296834945679
1.5466470718383789
1.2871189117431641
0.56998831033706665
0
-0.068897724151611328
-0.030984580516815186
0.12551894783973694
0.74025249481201172
1.5332185029983521
2.0374653339385986
2.1710104942321777
2.0814447402954102
1.5309232473373413
0.82837778329849243
0.36270809173583984
0.13192287087440491
0
0
0
0
0.27041822671890259
0.81460589170455933
1.2610025405883789
1.5796666145324707
1.5397913455963135
1.1313451528549194
0.40686491131782532
-0.19696283340454102
0.079710543155670166
0.55508220195770264
1.1174392700195312
1.7104036808013916
2.0768556594848633
2.2924935817718506
2.2044544219970703
1.8335288763046265
1.0682758092880249
0.48566225171089172
0.18010571599006653
0.015950858592987061
0
0
0
0
0.31530320644378662
0.84950554370880127
1.3246649503707886
1.4927911758422852
1.4953768253326416
1.2821633815765381
1.0495165586471558
0.90765368938446045
1.2203006744384766
1.5373876094818115
1.9052706956863403
2.1207621097564697
2.4009172916412354
2.3050417900085449
1.9797499179840088
1.3908673524856567
0.67675566673278809
0.33530306816101074
0.15261258184909821
0.021546769887208939
0
0
0
0
0.26377332210540771
0.78901791572570801
1.2620636224746704
1.5210649967193604
1.8519597053527832
2.0023882389068604
2.0239722728729248
1.9745877981185913
2.0615293979644775
2.3228449821472168
2.3891212940216064
2.5554156303405762
2.5409765243530273
2.2940304279327393
1.5624278783798218
0.77445340156555176
0.46605205535888672
0.11601099371910095
0.043811768293380737
0
0
0
0
0
0.13346002995967865
0.63550263643264771
1.1580163240432739
1.6283708810806274
2.0058484077453613
2.2531797885894775
2.3943452835083008
2.389258861541748
2.4654684066772461
2.4405713081359863
2.4732682704925537
2.4449849128723145
2.1880416870117188
1.4861376285552979
0.77474027872085571
0.52695930004119873
0.262836754322052
0.12928062677383423
0
0
0
0
0
0
0.042146813124418259
0.31588661670684814
0.82149648666381836
1.3845956325531006
1.9041155576705933
2.1669766902923584
2.2508678436279297
2.3196003437042236
2.5992639064788818
2.6521334648132324
2.250117301940918
1.7421711683273315
1.1872867345809937
0.66649931669235229
0.45009422302246094
0.25015205144882202
0.1449785977602005
0
0
0
0
0
0
0
0.0083217192441225052
0.073210783302783966
0.30460098385810852
0.67626965045928955
1.2603545188903809
1.7477940320968628
2.0403635501861572
2.1715233325958252
2.0746896266937256
1.758415699005127
1.3068220615386963
0.882862389087677
0.53609764575958252
0.31587427854537964
0.1876719743013382
0.20365622639656067
0.10251683741807938
0
0
0
0
0
0
0
0.0017484439304098487
0.011695859953761101
0.020338378846645355
0.13272362947463989
0.45657739043235779
0.89149850606918335
1.1043515205383301
1.0751008987426758
0.96819573640823364
0.8547094464302063
0.59592962265014648
0.35278934240341187
0.25783243775367737
0.19373315572738647
0.1427735835313797
0.027171565219759941
0.0071822572499513626
0
0
0
0
0
0
0
0
0.0034968878608196974
-0.002337365411221981
-0.0054530194029211998
0.035925794392824173
0.16590435802936554
0.32430008053779602
0.37918287515640259
0.31357851624488831
0.2382013350725174
0.21137657761573792
0.24176935851573944
0.19403709471225739
0.067663103342056274
0
0
0
0
0
0
0
0
0
0
0
0
0
0.0040609021671116352
-0.0022012898698449135
-0.015520020388066769
-0.01903340220451355
0.060001030564308167
0.16669067740440369
0.20450267195701599
0.13304556906223297
0.065369673073291779
0.057813249528408051
0.021546769887208939
0
0
0
0
0
0
0
0
0
0
0
0
0
0
0
0.0058001750148832798
0.075522653758525848
0.091499313712120056
0.11775286495685577
0.10598257929086685
-0.032551031559705734
-0.2459450364112854
-0.22146587073802948
-0.034346286207437515
0
0
0
0
0
0
0
0
0
0
0
0
0
0
0
0.019515195861458778
0.11594521999359131
0.013096675276756287
0.10728515684604645
0.0025305338203907013
-0.11442120373249054
-0.087440714240074158
-0.15896113216876984
-0.10008981823921204
0
0
0
0
0
0
0
0
0
0
0
0
0
0
0.011073061265051365
0.080430939793586731
-0.16118444502353668
-0.30122655630111694
0.024057954549789429
0.31784257292747498
0.4603767991065979
0.05477384477853775
-0.22262431681156158
-0.072472013533115387
0
0
0
0
0
0
0
0
0
0
0
0
0
0.058001749217510223
0.064488887786865234
0.061655551195144653
-0.44110488891601562
-0.43041986227035522
0.12695272266864777
0.70330369472503662
0.49820917844772339
0.057873241603374481
-0.23654483258724213
-0.15566559135913849
-0.11608805507421494
-0.068692572414875031
0
0
0
0
0
0
0
0
0
0
0
0.1334591805934906
-0.026151150465011597
-0.20228932797908783
-0.40175485610961914
0.0070367306470870972
0.50169074535369873
0.70185673236846924
0.6880338191986084
0.16397304832935333
-0.2279423326253891
-0.177291139960289
-0.17915186285972595
-0.20297932624816895
-0.056505180895328522
0
0
0
0
0
0
0
0
0
0.095966532826423645
-0.090960294008255005
-0.25740140676498413
-0.26442074775695801
0.041662141680717468
0.41195529699325562
0.4986301064491272
0.49145898222923279
0.52474063634872437
0.13518005609512329
0.045699343085289001
0.02444060891866684
0.0097188204526901245
-0.17703080177307129
-0.24993988871574402
0
0
0
0
0
0
0
0
0.033219184726476669
0.096171967685222626
-0.48067575693130493
-0.36701023578643799
0.17714579403400421
0.49798458814620972
0.34398454427719116
0.2568202018737793
0.21728010475635529
0.15501615405082703
0.18095244467258453
0.48113936185836792
0.48260030150413513
0.2131093442440033
-0.19891583919525146
-0.14853224158287048
-0.11633419245481491
0
0
0
0
0
0
0.016873236745595932
0.11144793033599854
-0.22380651533603668
-0.50513917207717896
0.095406085252761841
0.48131316900253296
0.38215255737304688
0.19647932052612305
0.25553831458091736
0.22064389288425446
0.24491961300373077
0.32439669966697693
0.36721479892730713
0.69001168012619019
0.46926668286323547
0.0070758084766566753
-0.23908717930316925
-0.19509346783161163
-0.12482050061225891
-0.0055397236719727516
0
0
0
0
0.019525725394487381
0.012113332748413086
-0.56350398063659668
-0.092014282941818237
0.32651969790458679
0.473054438829422
0.23878516256809235
0.32769396901130676
0.56699228286743164
0.60348623991012573
0.20437698066234589
-0.046996723860502243
-0.034189090132713318
0.74323207139968872
0.67261958122253418
0.13891032338142395
-0.16682103276252747
-0.18029259145259857
-0.20929394662380219
-0.03580060601234436
0
0
0
0
-0.028898753225803375
-0.31730747222900391
-0.42648720741271973
0.24551291763782501
0.60896474123001099
0.40486031770706177
0.40419489145278931
0.71198803186416626
0.689533531665802
0.19046035408973694
-0.079604297876358032
-0.29024279117584229
0.024568460881710052
0.38935178518295288
0.81222623586654663
0.34459173679351807
0.2276151180267334
-0.19672852754592896
-0.19205702841281891
-0.020780928432941437
0
0
0
0
-0.072688385844230652
-0.45720458030700684
-0.20729063451290131
0.3556370735168457
0.72973757982254028
0.5744815468788147
0.58512139320373535
0.48693206906318665
-0.026267785578966141
-0.083721175789833069
0.020596865564584732
-0.18901385366916656
-0.085865721106529236
0.13312354683876038
0.54758274555206299
0.72538703680038452
0.38063850998878479
-0.010384954512119293
-0.29316392540931702
-0.18363569676876068
0
0
0
0
-0.0038966909050941467
-0.40890967845916748
-0.11170433461666107
0.54433071613311768
0.97864556312561035
0.69217580556869507
0.11969596147537231
-0.18387678265571594
-0.046731628477573395
0.012334492057561874
0.050436548888683319
0.028025910258293152
-0.23766617476940155
0.039831854403018951
0.3610413670539856
0.83370071649551392
0.51304525136947632
-0.12618643045425415
-0.39534610509872437
0.02017781138420105
0
0
0
0
0.039903171360492706
-0.46721971035003662
-0.065507635474205017
0.90498465299606323
1.0875982046127319
0.053739763796329498
-0.37992429733276367
-0.10447908937931061
0.023610841482877731
0.015976263210177422
0.026402492076158524
0.099449858069419861
-0.3058624267578125
-0.10696683824062347
0.38323664665222168
0.58364713191986084
0.68808001279830933
0.056380093097686768
-0.16119098663330078
-0.11714977025985718
0
0
0
0
-0.11593256890773773
-0.50367552042007446
0.10266416519880295
1.2098996639251709
0.76295959949493408
-0.14935187995433807
-0.38918769359588623
0.041291859000921249
0.0073548019863665104
0.075940094888210297
0.077106133103370667
-0.06703205406665802
-0.33584320545196533
-0.14838342368602753
0.27297872304916382
0.7214539647102356
0.71533036231994629
-0.046920720487833023
-0.20689228177070618
-0.087254852056503296
0
0
0
0
-0.34905248880386353
-0.37544888257980347
0.30181539058685303
1.1263946294784546
0.6829150915145874
-0.26781836152076721
-0.35296010971069336
0
0.095966532826423645
0.025744788348674774
0.017959222197532654
-0.32128840684890747
-0.40320837497711182
0.15701988339424133
0.52207756042480469
0.89193683862686157
0.44212791323661804
-0.03366108238697052
-0.19931817054748535
0.0031206607818603516
0
0
0
0
-0.37085843086242676
-0.30063426494598389
0.42407536506652832
1.1010264158248901
0.67847806215286255
-0.12828165292739868
-0.2457302063703537
0.11656101047992706
0.14482422173023224
-0.34234082698822021
-0.5719074010848999
-0.45678317546844482
0.26385772228240967
0.40054035186767578
0.71134954690933228
0.62920111417770386
0.14486250281333923
-0.15701359510421753
-0.12814375758171082
-0.0085751041769981384
0
0
0
0
-0.37775945663452148
-0.28385818004608154
0.40663361549377441
1.1659722328186035
0.81829339265823364
-0.088220953941345215
-0.23506461083889008
-0.12695686519145966
-0.43369978666305542
-0.56886529922485352
-0.22880618274211884
0.40482574701309204
0.35173362493515015
0.42923706769943237
0.82061558961868286
0.37714961171150208
-0.0031091421842575073
-0.23781284689903259
0.013518229126930237
0.0073548019863665104
0
0
0
0
-0.42256313562393188
-0.22873961925506592
0.36009034514427185
1.0652616024017334
0.66278624534606934
-0.36671304702758789
-0.47457402944564819
-0.046573132276535034
-0.023382246494293213
0.18314686417579651
0.34790962934494019
0.31438559293746948
0.24888436496257782
0.63599669933319092
0.75919967889785767
0.2385791540145874
-0.25463628768920898
-0.064990676939487457
0.014954764395952225
0
0
0
0
0
-0.28118109703063965
-0.26589024066925049
0.18263149261474609
0.52918064594268799
0.35637092590332031
-0.076765328645706177
0.17064383625984192
0.23337875306606293
0.2914368212223053
0.10734207928180695
0.22244206070899963
0.14976385235786438
0.34541612863540649
0.97587072849273682
0.5434805154800415
-0.099189147353172302
-0.20874753594398499
0.044128812849521637
0
0
0
0
0
0
-0.03761667013168335
-0.37789791822433472
-0.010032523423433304
0.24377599358558655
0.43612575531005859
0.33842575550079346
0.37980362772941589
0.43793618679046631
0.28781327605247498
0.17947384715080261
0.38925269246101379
0.72355639934539795
0.80376988649368286
0.39783808588981628
-0.047110766172409058
-0.22569215297698975
-0.02772766537964344
0
0
0
0
0
0
0
0.036031212657690048
-0.18058934807777405
-0.013662025332450867
0.12745042145252228
0.19615799188613892
0.30609190464019775
0.33196577429771423
0.32009124755859375
0.40110340714454651
0.70991086959838867
0.89784985780715942
0.72851932048797607
0.13782888650894165
-0.10234668850898743
-0.029761975631117821
-0.002316345926374197
0.030319962650537491
0
0
0
0
0
0
0
0.0195113904774189
0.068199850618839264
0.047176837921142578
0.07301098108291626
0.052334010601043701
0.095727980136871338
0.36340206861495972
0.66722780466079712
0.58418238162994385
0.49917033314704895
0.38732585310935974
0.034725844860076904
-0.080138929188251495
-0.052178651094436646
0.043321751058101654
0.0059188306331634521
0.0024516007397323847
0
0
0
0
0
0
0
0
0.039022780954837799
0.076614387333393097
0.087587922811508179
0.072215154767036438
0.23067301511764526
0.4461418092250824
0.45951855182647705
0.17877392470836639
0.052231598645448685
0.090868368744850159
0.0094012301415205002
-0.021754596382379532
0.0090764202177524567
0
0
0
0
0
0
0
0
0
0
0
0
0
0.045316778123378754
0.094697058200836182
0.16754738986492157
0.14772941172122955
0.13861623406410217
0.11558813601732254
0.064299166202545166
0.062719166278839111
0.017149696126580238
0.0096662091091275215
0.0073548019863665104
0
0
0
0
0
0
0
0
0
0
0
0
0
0
0
0.0075298864394426346
0.11382319033145905
0.32200181484222412
0.36018329858779907
0.26911965012550354
0.1841462105512619
0.17500786483287811
0.047722220420837402
0.0037063409108668566
0
0
0
0
0
0
0
0
0
0
0
0
0
0
0
0.020626567304134369
0.15847967565059662
0.50278663635253906
0.80275976657867432
1.1051132678985596
0.85486984252929688
0.61290311813354492
0.34346190094947815
0.045730847865343094
0
0
0
0
0
0
0
0
0
0
0
0
0
0
0.014375237748026848
0.13960172235965729
0.29648631811141968
0.67395848035812378
1.3117321729660034
1.6010755300521851
1.3321894407272339
0.71421188116073608
0.41780775785446167
0.12417426705360413
0
0
0
0
0
0
0
0
0
0
0
0
0
0.075298860669136047
0.23251587152481079
0.27680510282516479
0.69281989336013794
1.4164578914642334
2.1810393333435059
2.2582788467407227
1.6247090101242065
0.79748374223709106
0.39056357741355896
0.17996072769165039
0.060174420475959778
0.0074126818217337132
0
0
0
0
0
0
0
0
0
0
0
0.12617506086826324
0.47842764854431152
0.63456243276596069
1.3763430118560791
2.3974392414093018
2.8308525085449219
2.6755335330963135
2.0116314888000488
1.1879916191101074
0.71815603971481323
0.46844187378883362
0.33302310109138489
0.13095751404762268
0.0060975286178290844
0
0
0
0
0
0
0
0
0
0.12458539009094238
0.24367967247962952
0.60910093784332275
1.3468750715255737
2.0937237739562988
2.8429012298583984
2.850186824798584
2.6276447772979736
2.0724201202392578
1.5627418756484985
1.405302882194519
1.1108601093292236
0.58299869298934937
0.48009824752807617
0.08443683385848999
0
0
0
0
0
0
0
0
0.043125711381435394
0.13731682300567627
0.52444958686828613
1.1582362651824951
2.1557474136352539
2.6684014797210693
2.7431588172912598
2.5854346752166748
2.3099372386932373
1.8827526569366455
1.6684145927429199
1.5934712886810303
1.504866361618042
0.91286671161651611
0.55003011226654053
0.37486726045608521
0.012553735636174679
0
0
0
0
0
0
0.021905124187469482
0.16361816227436066
0.36658558249473572
0.84004449844360352
2.0185422897338867
2.6414239406585693
2.7039477825164795
2.5033910274505615
2.2477381229400635
1.9198328256607056
1.5077358484268188
1.3912975788116455
1.5654833316802979
1.4792275428771973
1.2501771450042725
0.60301107168197632
0.47545289993286133
0.22511319816112518
0.017312020063400269
0.00059779692674055696
0
0
0
0
0.011651488952338696
0.1451561450958252
0.71764916181564331
1.5312608480453491
2.517113208770752
2.6626193523406982
2.4483358860015869
2.1994025707244873
1.7609163522720337
1.2790606021881104
0.991707444190979
0.91653156280517578
1.4427871704101562
1.7162271738052368
1.447955846786499
1.0210446119308472
0.58146876096725464
0.53073650598526001
0.17946483194828033
0.0094971582293510437
0
0
0
0
0.0074452515691518784
0.17069438099861145
1.0410902500152588
2.0192570686340332
2.4621460437774658
2.5129632949829102
2.0627236366271973
1.5076773166656494
0.95001220703125
0.38458028435707092
0.37138679623603821
0.57256245613098145
1.1675420999526978
1.8470233678817749
1.555628776550293
1.3534708023071289
0.78019332885742188
0.58966153860092163
0.33321547508239746
0.041000410914421082
0
0
0
0
0.021907571703195572
0.32692265510559082
1.4046651124954224
2.1614632606506348
2.2131152153015137
2.1718742847442627
1.3961788415908813
0.69017112255096436
0.14246213436126709
-0.054633557796478271
0.012960744090378284
0.35167735815048218
0.95903921127319336
1.7414290904998779
1.9076046943664551
1.7164100408554077
1.1268454790115356
0.42288732528686523
0.37173116207122803
0.052386946976184845
0
0
0
0
0.11157234758138657
0.5610344409942627
1.5746822357177734
2.4298317432403564
1.9804893732070923
1.4839895963668823
0.54526162147521973
-0.05345037579536438
-0.1058838739991188
-0.082537390291690826
-0.047376677393913269
0.25219419598579407
0.83496421575546265
1.6347789764404297
2.2589676380157471
2.0480625629425049
1.39243483543396
0.5540153980255127
0.23242388665676117
0.16081142425537109
0
0
0
0
0.122893325984478
0.77900737524032593
1.7030129432678223
2.5397505760192871
1.8622573614120483
0.75830978155136108
0.13709951937198639
-0.16241149604320526
-0.096981778740882874
0.0047861579805612564
0.064398571848869324
0.23901781439781189
0.7855229377746582
1.6353037357330322
2.5092120170593262
2.4349808692932129
1.4139924049377441
0.57495886087417603
0.062668018043041229
-0.00083794677630066872
0
0
0
0
0.08332410454750061
0.90462404489517212
1.9444618225097656
2.4401319026947021
1.5182024240493774
0.37439495325088501
0.11515364050865173
-0.090407431125640869
-0.014383619651198387
0.089597977697849274
0.31613272428512573
0.41354387998580933
1.0148906707763672
2.0369484424591064
2.565330982208252
2.4395802021026611
1.5303481817245483
0.3739209771156311
-0.02762262150645256
-0.046658352017402649
0
0
0
0
0.1259361207485199
1.0694074630737305
2.1400594711303711
2.273958683013916
1.2870246171951294
0.29080080986022949
0.066189035773277283
0
0.12458539009094238
0.27274566888809204
0.41286706924438477
0.9829067587852478
1.6776247024536133
2.579960823059082
2.7089903354644775
2.1218521595001221
1.1302342414855957
0.07686469703912735
-0.15215685963630676
-0.093486718833446503
0
0
0
0
0.21642619371414185
1.264582633972168
2.239715576171875
2.3139386177062988
1.3338780403137207
0.50234240293502808
0.50624120235443115
0.42873790860176086
0.4630550742149353
0.70483696460723877
1.059398889541626
1.6876904964447021
2.4889583587646484
2.6808249950408936
2.4332880973815918
1.7814078330993652
0.50126534700393677
-0.055252805352210999
-0.21271383762359619
-0.027600530534982681
0
0
0
0
0.18466167151927948
1.2232761383056641
2.291616678237915
2.345515251159668
1.6493794918060303
0.73339360952377319
0.91813474893569946
1.1850876808166504
1.2919409275054932
1.6052603721618652
2.1718847751617432
2.599597692489624
2.7567126750946045
2.6090073585510254
2.0268690586090088
1.0373871326446533
0.1269090324640274
-0.18398170173168182
-0.1263115406036377
-0.014383619651198387
0
0
0
0
0.17334052920341492
1.0000241994857788
2.1586787700653076
2.1472446918487549
1.6695339679718018
1.2703521251678467
1.4093399047851562
1.8502397537231445
1.9309176206588745
2.2471041679382324
2.6062602996826172
2.6010324954986572
2.4739713668823242
2.2810599803924561
1.4144620895385742
0.30261895060539246
-0.081560313701629639
-0.15875276923179626
-0.029246693477034569
0
0
0
0
0
0.19441747665405273
0.73380184173583984
1.6540141105651855
2.0352578163146973
1.6538996696472168
1.7111082077026367
2.0683062076568604
2.4401431083679199
2.4963669776916504
2.5241968631744385
2.3894307613372803
2.3795135021209717
1.9967554807662964
1.4378573894500732
0.54962027072906494
-0.21816828846931458
-0.17612993717193604
-0.086301721632480621
0
0
0
0
0
0
0.16498006880283356
0.55913221836090088
1.0856223106384277
1.5710488557815552
1.6224977970123291
1.9529252052307129
2.2504053115844727
2.4360911846160889
2.4642796516418457
2.4155521392822266
2.1214852333068848
1.7384703159332275
1.3531503677368164
0.56496435403823853
-0.062991119921207428
-0.22441078722476959
-0.17506255209445953
0
0
0
0
0
0
0
0.073815971612930298
0.3738332986831665
0.84923630952835083
1.1796243190765381
1.2559628486633301
1.4172166585922241
1.6708180904388428
1.8434914350509644
1.7741755247116089
1.7031949758529663
1.4421358108520508
0.86468136310577393
0.38522383570671082
0.040651053190231323
-0.10043820738792419
-0.10769332945346832
-0.074086286127567291
0
0
0
0
0
0
0
0.016320915892720222
0.17633898556232452
0.48910710215568542
0.7844657301902771
1.0299413204193115
1.1041003465652466
1.1693806648254395
1.1869205236434937
1.0289047956466675
0.83109176158905029
0.5621337890625
0.10250314325094223
-0.1306290477514267
-0.094712249934673309
-0.080734804272651672
-0.014793285168707371
-0.0047945398837327957
0
0
0
0
0
0
0
0
0.032641831785440445
0.12796255946159363
0.30645504593849182
0.58212029933929443
0.83902245759963989
0.95480537414550781
0.75020289421081543
0.47572660446166992
0.29389649629592896
0.11075057089328766
-0.065812595188617706
-0.13783742487430573
-0.062121216207742691
0
0
0
0
0
0
0
0
0
0
0
0
0
0.037906646728515625
0.15339095890522003
0.30251899361610413
0.37167680263519287
0.25932222604751587
0.11590476334095001
0.012390492483973503
-0.022027792409062386
-0.010954334400594234
-0.028557874262332916
-0.014383619651198387
0
0
0
0
0
0
0
0
0
0
0
0
0
0
0
0.010007903911173344
0.14350330829620361
0.32966983318328857
0.39407747983932495
0.22896404564380646
0.017004303634166718
-0.095657609403133392
-0.078439466655254364
-0.011817449703812599
0
0
0
0
0
0
0
0
0
0
0
0
0
0
0
0.034059852361679077
0.26843222975730896
0.55727124214172363
0.68510186672210693
0.33830302953720093
-0.32154256105422974
-0.50758838653564453
-0.35362040996551514
-0.076252222061157227
0
0
0
0
0
0
0
0
0
0
0
0
0
0
0.019105998799204826
0.20496626198291779
0.56632673740386963
1.0796140432357788
0.97751545906066895
0.22226312756538391
-0.81873214244842529
-1.0870593786239624
-0.78997117280960083
-0.21014760434627533
0
0
0
0
0
0
0
0
0
0
0
0
0
0.10007903724908829
0.24394044280052185
0.46316561102867126
1.1029634475708008
1.4270809888839722
1.0549821853637695
0.11235007643699646
-0.94636380672454834
-1.1623302698135376
-0.97989612817764282
-0.35520833730697632
-0.04442254826426506
-0.023634899407625198
0
0
0
0
0
0
0
0
0
0
0
0.23415076732635498
0.52795290946960449
0.90541970729827881
1.4123231172561646
1.3446295261383057
1.1315834522247314
0.41779503226280212
-0.57986676692962646
-0.91352468729019165
-0.89115619659423828
-0.53280007839202881
-0.25615608692169189
-0.15715321898460388
-0.01944161020219326
0
0
0
0
0
0
0
0
0
0.16558532416820526
0.46721851825714111
1.0223656892776489
1.2878614664077759
1.2995003461837769
0.8486102819442749
0.91518265008926392
0.30436965823173523
-0.27941182255744934
-0.5496673583984375
-0.66845929622650146
-0.77636712789535522
-0.68130040168762207
-0.48851817846298218
-0.15478792786598206
0
0
0
0
0
0
0
0
0.05731799453496933
0.2479083240032196
0.95902454853057861
1.4319472312927246
1.3412894010543823
1.0297069549560547
0.60297489166259766
0.46899637579917908
0.062974222004413605
-0.20006787776947021
-0.27215138077735901
-0.50379252433776855
-0.68689805269241333
-1.0485579967498779
-0.94449418783187866
-0.46721550822257996
-0.040026847273111343
0
0
0
0
0
0
0.029113903641700745
0.23289553821086884
0.63907784223556519
1.4442574977874756
1.6219207048416138
1.2550415992736816
0.78403127193450928
0.30633798241615295
0.040751401335000992
-0.1375308483839035
-0.059565559029579163
0.27332079410552979
0.31722146272659302
-0.12277466058731079
-0.82107400894165039
-1.1414631605148315
-0.84416276216506958
-0.21634671092033386
-0.043308034539222717
-0.0019060403574258089
0
0
0
0
0.034817568957805634
0.35521712899208069
1.1112741231918335
1.6184413433074951
1.3695305585861206
0.92808198928833008
0.30837807059288025
-0.12020637094974518
-0.35068291425704956
-0.22865849733352661
0.15271340310573578
0.82873576879501343
1.2912049293518066
0.71133798360824585
-0.23996612429618835
-0.96182763576507568
-1.1208617687225342
-0.61198890209197998
-0.22998161613941193
-0.019062116742134094
0
0
0
0
0.066923096776008606
0.62659716606140137
1.4885740280151367
1.5952000617980957
1.2083866596221924
0.33052912354469299
-0.21143567562103271
-0.47820621728897095
-0.42700868844985962
-0.083771474659442902
0.26081272959709167
0.96815723180770874
1.5738750696182251
1.3880456686019897
0.65643131732940674
-0.67527484893798828
-1.2911564111709595
-1.0830190181732178
-0.58272296190261841
-0.060954328626394272
0
0
0
0
0.10776962339878082
0.89973914623260498
1.6792925596237183
1.4274305105209351
0.93441092967987061
-0.36236578226089478
-0.62255650758743286
-0.50620543956756592
-0.22040744125843048
-0.022258780896663666
0.051449276506900787
0.6628882884979248
1.4125038385391235
1.7682901620864868
1.3669893741607666
0.02930237352848053
-1.2402554750442505
-1.2731915712356567
-0.89581125974655151
-0.15904507040977478
0
0
0
0
0.22790193557739258
1.1174700260162354
1.8790055513381958
1.5688691139221191
0.41730117797851562
-0.82968217134475708
-0.73190999031066895
-0.24673733115196228
-0.11575302481651306
-0.093460619449615479
-0.02519351989030838
0.41837078332901001
1.2438228130340576
1.9851261377334595
1.8013170957565308
0.46694660186767578
-1.0803325176239014
-1.4091222286224365
-1.1074236631393433
-0.27989339828491211
0
0
0
0
0.30492666363716125
1.2876659631729126
1.8971713781356812
1.259119987487793
-0.18419906497001648
-1.0319745540618896
-0.8057258129119873
-0.22092388570308685
-0.084078565239906311
0.012710845097899437
0.070742517709732056
0.39882034063339233
1.2126308679580688
1.9265216588973999
1.8281667232513428
0.60061377286911011
-0.94934099912643433
-1.4166392087936401
-1.144920825958252
-0.33539733290672302
0
0
0
0
0.41046392917633057
1.4533127546310425
1.8359988927841187
0.87942212820053101
-0.70653510093688965
-1.1036550998687744
-1.0140942335128784
-0.068936944007873535
-0.0095927305519580841
0.13177026808261871
0.3436988890171051
0.66662418842315674
1.4105674028396606
1.6372255086898804
1.3047864437103271
0.18526534736156464
-1.118659496307373
-1.4083455801010132
-0.94547665119171143
-0.21252317726612091
0
0
0
0
0.60270237922668457
1.5758427381515503
1.747099757194519
0.71831262111663818
-1.0315667390823364
-1.3645812273025513
-1.0183687210083008
0
0.16558532416820526
0.34356036782264709
0.66317152976989746
1.094710111618042
1.3907644748687744
1.1598061323165894
0.74652212858200073
-0.36310684680938721
-1.1236597299575806
-0.98645055294036865
-0.71307039260864258
-0.1222088411450386
0
0
0
0
0.75690752267837524
1.6815123558044434
1.8296360969543457
0.77915412187576294
-1.0068714618682861
-1.0865014791488647
-0.62205648422241211
0.43529605865478516
0.44468399882316589
0.73458433151245117
1.0064635276794434
1.2070325613021851
1.0808781385421753
0.59570342302322388
0.090929478406906128
-0.88766688108444214
-1.0961042642593384
-0.81429970264434814
-0.33323132991790771
-0.032045204192399979
0
0
0
0
0.7115095853805542
1.6596879959106445
1.8871334791183472
0.9373089075088501
-0.64237213134765625
-0.83333909511566162
-0.3922482430934906
0.43278366327285767
0.50484383106231689
0.68194305896759033
0.88140285015106201
0.91041815280914307
0.62524658441543579
0.35587531328201294
-0.61069226264953613
-1.0537818670272827
-0.84013909101486206
-0.49699828028678894
-0.12061241269111633
-0.0095927305519580841
0
0
0
0
0.63411432504653931
1.4858949184417725
1.8753119707107544
1.0839459896087646
-0.16979303956031799
-0.43258985877037048
-0.16747203469276428
0.31823477149009705
0.41806384921073914
0.38781726360321045
0.40308517217636108
0.48967286944389343
0.31890252232551575
-0.28646546602249146
-1.0338480472564697
-1.0002197027206421
-0.74205005168914795
-0.20527538657188416
-0.019505217671394348
0
0
0
0
0
0.49931776523590088
1.1411561965942383
1.6995875835418701
1.3512172698974609
0.53640985488891602
0.023439615964889526
0.086757868528366089
0.17470487952232361
0.31587320566177368
0.21450063586235046
0.24031540751457214
0.11980098485946655
-0.17533044517040253
-0.62423968315124512
-0.83007931709289551
-0.5603986382484436
-0.51821136474609375
-0.057556383311748505
0
0
0
0
0
0
0.29938191175460815
0.89750486612319946
1.4402520656585693
1.3289656639099121
1.0897259712219238
0.54847812652587891
0.4961417019367218
0.47743043303489685
0.36361843347549438
0.18775619566440582
-0.052480477839708328
-0.29945942759513855
-0.43012005090713501
-0.46671679615974426
-0.34414476156234741
-0.33101993799209595
-0.19822819530963898
0
0
0
0
0
0
0
0.10825509577989578
0.5677376389503479
1.0370893478393555
1.2528854608535767
1.2889944314956665
1.0031583309173584
0.79317659139633179
0.37074774503707886
0.13033886253833771
-0.047368302941322327
-0.22340101003646851
-0.34669235348701477
-0.34072074294090271
-0.068149521946907043
-0.072924219071865082
-0.12586931884288788
-0.053955607116222382
0
0
0
0
0
0
0
0.020168501883745193
0.23765033483505249
0.53201115131378174
0.98794573545455933
1.1606950759887695
1.1372618675231934
0.99165356159210205
0.53900694847106934
0.28429430723190308
0.041740722954273224
-0.080330833792686462
-0.066244587302207947
-0.14821597933769226
-0.1744428277015686
-0.053782455623149872
-0.012746736407279968
-0.0031975768506526947
0
0
0
0
0
0
0
0
0.040337003767490387
0.12946024537086487
0.40518590807914734
0.71180933713912964
0.91555815935134888
0.7802700400352478
0.51041942834854126
0.44142609834671021
0.29219514131546021
0.1182030513882637
-0.044902816414833069
-0.14284579455852509
-0.055067755281925201
0
0
0
0
0
0
0
0
0
0
0
0
0
0.046842973679304123
0.15625926852226257
0.35443449020385742
0.4619048535823822
0.4031464159488678
0.20387032628059387
0.041283465921878815
0.038663730025291443
0.0023846738040447235
-0.027688205242156982
-0.0095927305519580841
0
0
0
0
0
0
0
