1.1832315921783447
-0.47000008821487427
-4.5029735565185547
-2.4434709548950195
3.7299213409423828
7.7105464935302734
-1.7393169403076172
-3.2714812755584717
1.6232939958572388
-5.2504286766052246
4.8023090362548828
3.7826364040374756
-6.3330473899841309
-1.4905338287353516
2.9327971935272217
-3.0398604869842529
3.7838659286499023
3.4330368041992188
5.0667924880981445
0.033676117658615112
2.8663949966430664
5.1723856925964355
5.7174282073974609
3.4956943988800049
0.97252321243286133
-3.2033746242523193
0.40050652623176575
-8.1026945114135742
-3.7891566753387451
5.0031614303588867
4.0021991729736328
0.7241131067276001
-1.0205069780349731
1.6717573404312134
-0.9993252158164978
-3.3810610771179199
-3.319843053817749
6.9527544975280762
6.539423942565918
-0.60886061191558838
5.1201157569885254
-3.8241822719573975
-2.0329601764678955
-5.7968101501464844
-1.5406903028488159
0.81862050294876099
-0.66258561611175537
-0.39877042174339294
-4.4521803855895996
3.0274362564086914
2.9693245887756348
-3.9000008106231689
2.1750702857971191
-3.9745254516601562
-11.029210090637207
-5.7792768478393555
-9.024388313293457
-5.1789369583129883
-1.7983629703521729
-5.8737907409667969
-2.3215076923370361
4.0656089782714844
2.0445630550384521
5.2513308525085449
0.70827412605285645
1.7790713310241699
8.6420183181762695
6.7284626960754395
-4.834226131439209
-11.599339485168457
4.147101879119873
-2.2636260986328125
3.8315629959106445
2.2529416084289551
-0.34710010886192322
0.93618178367614746
-11.331144332885742
0.34931817650794983
-5.6207184791564941
-1.8582438230514526
-0.061328254640102386
-5.7879881858825684
6.7896766662597656
-7.4022436141967773
-4.3216590881347656
0.086704336106777191
5.0413918495178223
-10.449466705322266
-8.2547760009765625
3.0389437675476074
4.3362312316894531
-5.5356111526489258
1.298757791519165
-6.5409159660339355
-4.658930778503418
-0.19253745675086975
0.667255699634552
2.5369284152984619
-0.55554914474487305
-0.14514946937561035
3.4340424537658691
3.83160400390625
1.608595609664917
5.6307048797607422
-10.387409210205078
5.9208827018737793
2.3968257904052734
-4.609095573425293
-2.8463099002838135
1.4096746444702148
-2.5818712711334229
3.209273099899292
4.2608456611633301
-6.1510171890258789
-6.6080746650695801
6.663693904876709
1.0031247138977051
-7.7246007919311523
1.2619158029556274
3.8975520133972168
