-7.9196033477783203
1.8286045789718628
-4.9164161682128906
-3.3741528987884521
2.2106578350067139
6.2585048675537109
0.64219814538955688
4.8544654846191406
5.7090368270874023
-1.2285656929016113
4.5684332847595215
6.7000060081481934
-3.0356855392456055
0.44199976325035095
8.3173961639404297
1.6162192821502686
0.50344610214233398
-3.4322526454925537
-0.7348257303237915
6.9733023643493652
0.14410287141799927
0.12724632024765015
-4.6494488716125488
-1.0564548969268799
6.4347152709960938
6.3930983543395996
7.6031804084777832
-3.2121031284332275
-2.3777220249176025
-0.64860594272613525
7.7548928260803223
-4.0256409645080566
-1.9174522161483765
-6.5767922401428223
3.0152380466461182
-4.4431452751159668
8.6130590438842773
-0.86621463298797607
-0.97147166728973389
3.6522035598754883
3.6250813007354736
-6.5433840751647949
6.0488371849060059
7.4756283760070801
3.5714313983917236
-0.5703766942024231
4.589881420135498
-1.2958979606628418
7.8178539276123047
5.088437557220459
-0.84708636999130249
-0.49556970596313477
9.4843101501464844
-3.317218542098999
2.9591107368469238
-3.8710119724273682
1.9123830795288086
1.5764708518981934
2.3482174873352051
-7.1341018676757812
-5.0985569953918457
2.064983606338501
8.0169553756713867
6.2044072151184082
-3.9920365810394287
-5.5448470115661621
-3.2620532512664795
-10.21939754486084
5.3524703979492188
-0.56859111785888672
0.57370239496231079
4.9911608695983887
-5.9632525444030762
-4.7183346748352051
-7.2464227676391602
-1.1059672832489014
1.6009722948074341
3.8586981296539307
0.12582260370254517
-1.9884887933731079
5.8816413879394531
5.0540862083435059
-4.2787556648254395
-2.5955278873443604
