0
0
0
0
0
0
0
0
0
0
0
0
0
0
0
0
0
0
0
0
0
0
0
0
0
0
0
0
0
0
0
0
0
0
0
0
0
0
0
0
0
0
0
0
0
0
0
0
0
0
0
0
0
0
0
0
0
0
0
0
0
0
0
0
0
0
0
0
0
0
0
0
0
0
0
0
0
0
0
0
0
0
0
0
0
0
0
0
0
0
0
0
0
0
0
0
0
0
0
0
0
0
0
0
0
0
0
0
0
0
0
0
0
0
0
0
0
0
0
0
0
0
0
0
0.043137256056070328
0.58823531866073608
0.99215686321258545
0.7921568751335144
0.12156862765550613
0
0
0
0
0
0
0
0
0
0
0
0
0
0
0
0
0
0
0
0
0
0
0
0.14509804546833038
0.9843137264251709
0.9843137264251709
0.99215686321258545
0.41960784792900085
0
0
0
0
0
0
0
0
0
0
0
0
0
0
0
0
0
0
0
0
0
0
0.08235294371843338
0.77254903316497803
0.9843137264251709
0.9843137264251709
0.99215686321258545
0.41960784792900085
0
0
0
0
0
0
0
0
0
0
0
0
0
0
0
0
0
0
0
0
0
0.43137255311012268
0.7450980544090271
0.9843137264251709
0.9843137264251709
0.9843137264251709
0.99215686321258545
0.66274511814117432
0.42745098471641541
0.24313725531101227
0
0
0
0
0
0
0
0
0
0
0
0
0
0
0
0
0
0
0
0.99215686321258545
0.9843137264251709
0.9843137264251709
0.9843137264251709
0.9843137264251709
0.99215686321258545
0.9843137264251709
0.9843137264251709
0.86274510622024536
0.20000000298023224
0
0
0
0
0
0
0
0
0
0
0
0
0
0
0
0
0
0.7137255072593689
1
0.99215686321258545
0.99215686321258545
0.99215686321258545
0.99215686321258545
0.91764706373214722
0.87058824300765991
0.99215686321258545
0.99215686321258545
0.99215686321258545
0
0
0
0
0
0
0
0
0
0
0
0
0
0
0
0
0.24705882370471954
0.86666667461395264
0.99215686321258545
0.9843137264251709
0.9843137264251709
0.9843137264251709
0.57647061347961426
0.30196079611778259
0.24313725531101227
0.50196081399917603
0.9843137264251709
0.9843137264251709
0.4117647111415863
0
0
0
0
0
0
0
0
0
0
0
0
0
0
0.12549020349979401
0.90588235855102539
0.9843137264251709
0.99215686321258545
0.9843137264251709
0.86274510622024536
0.5372549295425415
0.039215687662363052
0
0
0.12156862765550613
0.90196079015731812
0.9843137264251709
0.9529411792755127
0.44313725829124451
0.019607843831181526
0
0
0
0
0
0
0
0
0
0
0
0
0.14509804546833038
0.9843137264251709
0.9843137264251709
0.99215686321258545
0.73725491762161255
0.078431375324726105
0
0
0
0
0
0.42745098471641541
0.9843137264251709
0.99215686321258545
0.9843137264251709
0.13725490868091583
0
0
0
0
0
0
0
0
0
0
0
0
0.14509804546833038
0.9843137264251709
0.9843137264251709
0.78823530673980713
0.11764705926179886
0
0
0
0
0
0
0.12156862765550613
0.78431373834609985
0.99215686321258545
0.9843137264251709
0.13725490868091583
0
0
0
0
0
0
0
0
0
0
0
0
0.14509804546833038
0.99215686321258545
0.99215686321258545
0
0
0
0
0
0
0
0
0.12549020349979401
0.7921568751335144
1
0.99215686321258545
0.64313727617263794
0
0
0
0
0
0
0
0
0
0
0
0
0.54901963472366333
0.9843137264251709
0.9843137264251709
0
0
0
0
0
0
0
0
0.42745098471641541
0.9843137264251709
0.99215686321258545
0.9843137264251709
0.13725490868091583
0
0
0
0
0
0
0
0
0
0
0
0
0.85098040103912354
0.9843137264251709
0.9843137264251709
0
0
0
0
0
0
0.08235294371843338
0.24705882370471954
0.90588235855102539
0.9843137264251709
0.99215686321258545
0.90196079015731812
0.11764705926179886
0
0
0
0
0
0
0
0
0
0
0
0
0.85098040103912354
0.9843137264251709
0.9843137264251709
0
0
0
0
0
0
0.56470590829849243
0.9843137264251709
0.9843137264251709
0.9843137264251709
0.86666667461395264
0.23921568691730499
0
0
0
0
0
0
0
0
0
0
0
0
0
0.85098040103912354
0.9843137264251709
0.9843137264251709
0
0
0
0
0
0.7137255072593689
0.86666667461395264
0.9843137264251709
0.9843137264251709
0.9843137264251709
0.70588237047195435
0
0
0
0
0
0
0
0
0
0
0
0
0
0
0.85490196943283081
0.99215686321258545
0.99215686321258545
0.28627452254295349
0.28627452254295349
0.89411765336990356
0.99215686321258545
0.99215686321258545
1
0.99215686321258545
0.99215686321258545
0.99215686321258545
0.99215686321258545
0
0
0
0
0
0
0
0
0
0
0
0
0
0
0
0.44313725829124451
0.9843137264251709
0.9843137264251709
0.99215686321258545
0.9843137264251709
0.9843137264251709
0.9843137264251709
0.9843137264251709
0.99215686321258545
0.9843137264251709
0.9843137264251709
0.9843137264251709
0.57647061347961426
0
0
0
0
0
0
0
0
0
0
0
0
0
0
0
0.12156862765550613
0.90196079015731812
0.9843137264251709
0.99215686321258545
0.9843137264251709
0.9843137264251709
0.9843137264251709
0.9843137264251709
0.99215686321258545
0.90196079015731812
0.74117648601531982
0.13725490868091583
0.039215687662363052
0
0
0
0
0
0
0
0
0
0
0
0
0
0
0
0
0.24313725531101227
0.55686277151107788
0.99215686321258545
0.9843137264251709
0.9843137264251709
0.9843137264251709
0.9843137264251709
0.99215686321258545
0.41960784792900085
0
0
0
0
0
0
0
0
0
0
0
0
0
0
0
0
0
0
0
0
0
0.28235295414924622
0.68235296010971069
0.9843137264251709
0.67843139171600342
0.27843138575553894
0.28235295414924622
0.11764705926179886
0
0
0
0
0
0
0
0
0
0
0
0
0
0
0
0
0
0
0
0
0
0
0
0
0
0
0
0
0
0
0
0
0
0
0
0
0
0
0
0
0
0
0
0
0
0
0
0
0
0
0
0
0
0
0
0
0
0
0
0
0
0
0
0
0
0
0
0
0
0
0
0
0
0
0
0
0
0
0
0
0
0
0
0
0
0
0
0
0
0
0
0
0
0
0
0
0
0
0
0
0
0
0
0
0
0
0
0
0
0
0
0
0
0
0
0
0
0
0
0
0
0
0
