1.6309797763824463
0.22229206562042236
0.91827011108398438
0.92288500070571899
3.5385222434997559
0
2.8667385578155518
1.9945476055145264
3.3108398914337158
0
0.34230539202690125
0.030093502253293991
1.459876537322998
0
0
0.55564254522323608
2.2176914215087891
4.7510557174682617
4.2175636291503906
2.076176643371582
0.71360570192337036
0.3152734637260437
0
2.1782243251800537
0
1.2362262010574341
3.4220395088195801
2.4283764362335205
2.1267268657684326
3.5115528106689453
3.8532464504241943
0.81851786375045776
0
0
0.17654076218605042
0
0.30745264887809753
2.5113387107849121
3.5240392684936523
0.21650774776935577
0
0
0
0
1.2488781213760376
1.7960847616195679
1.3887543678283691
1.511104941368103
1.9220255613327026
2.9887871742248535
0
0.16543009877204895
3.6689281463623047
1.9934568405151367
0
0.20870441198348999
3.2210800647735596
0
0
0.53177905082702637
2.8638279438018799
0.26159846782684326
1.2007859945297241
0
0.14957523345947266
1.8898817300796509
1.6490691900253296
1.2599149942398071
0.90482181310653687
1.1976425647735596
2.0374016761779785
2.6927385330200195
2.1246955394744873
1.9036250114440918
0.64459091424942017
2.2159996032714844
2.1713955402374268
1.9885140657424927
0.87768065929412842
1.6743063926696777
0
2.4151222705841064
2.6638116836547852
0.70921856164932251
1.9080300331115723
5.0860123634338379
2.624077320098877
0
2.0262434482574463
1.07655930519104
0
3.4615821838378906
0.54506421089172363
1.6415736675262451
5.5887084007263184
5.1331362724304199
4.3464260101318359
3.8635859489440918
0.12181797623634338
0.34323328733444214
3.9951481819152832
1.7606282234191895
1.8931295871734619
1.748723030090332
3.1822035312652588
1.739138126373291
4.6758518218994141
2.7208406925201416
1.3037116527557373
3.5156619548797607
4.1685080528259277
0
0.66639703512191772
1.1574419736862183
3.4770495891571045
2.9937713146209717
0.67981529235839844
0.46995455026626587
1.7596185207366943
2.9091086387634277
1.0234167575836182
0
0
0
3.7700042724609375
5.405695915222168
2.3194010257720947
0.65044081211090088
1.1176185607910156
0
1.5329674482345581
0.6365044116973877
0.41872325539588928
1.9869887828826904
3.7358548641204834
0
0
3.2282233238220215
2.9209926128387451
0
0
1.6691555976867676
0
3.3704078197479248
1.7597283124923706
3.0313189029693604
2.8266608715057373
0.70990514755249023
2.4478857517242432
2.593031644821167
0
1.4925987720489502
3.8236982822418213
3.3072803020477295
1.3392927646636963
2.0247247219085693
2.6677978038787842
2.5481281280517578
1.0447306632995605
1.2620698213577271
2.5339794158935547
0
0
0
0
0
1.0220365524291992
0.66391438245773315
0
4.4529809951782227
3.4031398296356201
0
0
0.78878623247146606
0
0.64269930124282837
1.9498341083526611
2.566413402557373
3.2897047996520996
2.7469618320465088
0.5725594162940979
0
0
1.927477240562439
1.3392056226730347
2.9190115928649902
2.2561233043670654
0.35466209053993225
2.6423511505126953
5.0364961624145508
2.7715380191802979
0.30811205506324768
0
3.1226811408996582
2.0740077495574951
0.46580499410629272
0
5.4567956924438477
0.90780574083328247
2.6559822559356689
1.0477838516235352
4.3590335845947266
0
4.0812978744506836
0
0.051868673413991928
1.5585691928863525
3.068678617477417
0
1.6630591154098511
3.6419143676757812
4.4933323860168457
0
0
0
5.3869285583496094
2.396864652633667
1.708935022354126
0
3.7180492877960205
2.8864240646362305
3.2500984668731689
0
1.0144037008285522
0
4.1085867881774902
2.33245849609375
0
3.0113863945007324
5.3156704902648926
0
0.29425829648971558
0.89952230453491211
0
2.6361446380615234
4.7100787162780762
1.4906290769577026
4.4212961196899414
5.9268245697021484
4.4254817962646484
0.54852145910263062
1.3781250715255737
2.424358606338501
1.9555128812789917
0.51432317495346069
0.5042794942855835
0.39273062348365784
0.36965903639793396
0.97330796718597412
1.1489781141281128
0.54121208190917969
0.68342369794845581
2.3838255405426025
3.7175109386444092
3.0414481163024902
1.3544892072677612
