0
0
0
0
0.0013445273507386446
0.0078392680734395981
0.18906955420970917
0.23576347529888153
0.052351407706737518
0
0
0
0
0
0
0.0015702409436926246
0
0
0
0
0.09487587958574295
0.047183249145746231
0
0
0
0
0.0025980349164456129
0
0
0
0
0
0.10681243240833282
0.14470051229000092
0
0
0
0.00045679736649617553
0.00089931976981461048
0
0
0
0
0
0
0
0.10887794196605682
0.0038051006849855185
0
0
0
0
0.088119000196456909
0.49263930320739746
1.0175992250442505
1.1553249359130859
0.60065490007400513
0
0.089216612279415131
0.02194574847817421
0
0.011429020203649998
0.13144814968109131
0.48679006099700928
0.49261322617530823
0.71263659000396729
0.81874972581863403
0.64075422286987305
0.52654576301574707
0.3005293607711792
0
0.028731770813465118
0
0
0.089436724781990051
0.53070056438446045
0.33952772617340088
0.5244184136390686
0.02217385359108448
0.14659281075000763
0.31780999898910522
0.24529086053371429
0
0
0
0.024670593440532684
0.079341024160385132
0.018526535481214523
0
0.087051942944526672
0.093988880515098572
0
0
0.15452510118484497
0.1626945286989212
0.1160123348236084
0
0.099808886647224426
0.17798656225204468
0.096810467541217804
0
0
0
0
0.05072585865855217
0.16235701739788055
0.28345364332199097
0.03281112015247345
0
0.18797813355922699
0.42446854710578918
0.48479396104812622
0
0
0
0.44225752353668213
0.57172799110412598
0.56505906581878662
0.1968667209148407
0
0
0.094213247299194336
0.55989128351211548
1.1152353286743164
1.2503656148910522
0.89206111431121826
0.89512467384338379
0.84090477228164673
0.75932025909423828
0.48750245571136475
0
0
0
0
0.14560124278068542
0.67734575271606445
1.4198591709136963
1.5151546001434326
1.1832139492034912
0.75713729858398438
0.10809457302093506
0
0
0
0
0
0
0
0
0
0
0.084501788020133972
0.07110992819070816
0
0
0
0
0
0
0
0
0
0
0.21280090510845184
0.14587883651256561
0.028941366821527481
0
0
0
0
0
0
0
0
0.18592001497745514
0
0
0.15291555225849152
0
0
0
0
0
0
0.067729294300079346
1.5663306713104248
1.9734656810760498
1.213170051574707
0
0.18407914042472839
0.04901360347867012
0.0023339812178164721
0
0
0
0
2.0967731475830078
2.5051753520965576
2.5017938613891602
1.8959603309631348
0.3121165931224823
0
0.29657787084579468
0.043922580778598785
0
0
0
1.1160218715667725
2.5073144435882568
2.0729467868804932
0.85796326398849487
0.90475261211395264
0.44987666606903076
0
0.51122069358825684
0.18502770364284515
0
0
0
0.98362070322036743
1.2854832410812378
0.35676324367523193
0
0
0
1.0394159555435181
0.91518139839172363
0.1864803284406662
0
0
0
0.36524814367294312
0.60914313793182373
0
0
0
1.1285508871078491
1.6837130784988403
1.2011862993240356
0.014283685944974422
0
0.26407602429389954
0.40796631574630737
0
0
0
0
1.0615900754928589
1.8262802362442017
1.5957667827606201
0.58485603332519531
0
0
0.40355393290519714
1.280963659286499
1.1978095769882202
0.48632758855819702
0.95548343658447266
1.9437445402145386
2.5272419452667236
2.2590897083282471
1.0066894292831421
0
0
0
0.17037440836429596
1.3422813415527344
1.9099828004837036
2.1472690105438232
2.4573953151702881
2.4201068878173828
2.198519229888916
1.1487267017364502
0.11780896037817001
0
0
0
0
0.26226067543029785
1.1688984632492065
1.8890771865844727
1.7888082265853882
1.4800806045532227
0.46114256978034973
0
0
0
0
0
0
0
0
0.019261345267295837
0.28564316034317017
0.79936158657073975
0.67086607217788696
0.097045265138149261
0
0
0
0
0
0
0
0.46269902586936951
1.9579496383666992
2.0240030288696289
1.1172149181365967
0.3110453188419342
0.053253024816513062
0
0
0
0
0
0.42448809742927551
1.9185433387756348
2.392641544342041
2.4193296432495117
2.0348846912384033
1.0562982559204102
0.59480279684066772
0
0
0
0
0.16103506088256836
1.530001163482666
2.4825677871704102
2.5798244476318359
2.7264134883880615
2.3720023632049561
1.5354230403900146
0.94242197275161743
0.3304276168346405
0.0042945989407598972
0
0.038831673562526703
0.83815681934356689
2.0256023406982422
2.5381820201873779
2.4676010608673096
1.1902762651443481
1.4472731351852417
1.6994073390960693
1.7376576662063599
0.9721800684928894
0.040008388459682465
0
0.04451211541891098
0.96069520711898804
1.985777735710144
2.0935735702514648
0.67504620552062988
0.22828401625156403
0.61063194274902344
1.6152269840240479
2.0898640155792236
1.46436607837677
0.17412994801998138
0
0.19716824591159821
1.1643179655075073
1.5054696798324585
1.2889198064804077
0.17082767188549042
0.0064147766679525375
0.67448103427886963
2.1366226673126221
2.1905632019042969
1.4813401699066162
0.18184944987297058
0
0.27041822671890259
1.2610025405883789
1.5796666145324707
1.2871189117431641
0.079710543155670166
1.1174392700195312
2.0768556594848633
2.2924935817718506
2.0814447402954102
0.82837778329849243
0.13192287087440491
0
0.31530320644378662
1.3246649503707886
1.8519597053527832
2.0239722728729248
2.0615293979644775
2.3891212940216064
2.5554156303405762
2.3050417900085449
1.3908673524856567
0.33530306816101074
0.021546769887208939
0
0.13346002995967865
1.1580163240432739
2.0058484077453613
2.3943452835083008
2.5992639064788818
2.6521334648132324
2.4449849128723145
1.4861376285552979
0.52695930004119873
0.12928062677383423
0
0
0.0083217192441225052
0.30460098385810852
1.2603545188903809
2.0403635501861572
2.1715233325958252
1.758415699005127
0.882862389087677
0.31587427854537964
0.20365622639656067
0
0
0
0
0.0034968878608196974
0.035925794392824173
0.32430008053779602
0.37918287515640259
0.2382013350725174
0.24176935851573944
0.067663103342056274
0
0
0
0
0
0
0
0.11594521999359131
0.11775286495685577
0.10598257929086685
0
0
0
0
0
0
0
0
0.064488887786865234
0.080430939793586731
0.12695272266864777
0.70330369472503662
0.057873241603374481
0
0
0
0
0
0
0.095966532826423645
0.1334591805934906
0.041662141680717468
0.50169074535369873
0.70185673236846924
0.16397304832935333
0.02444060891866684
0
0
0
0
0.016873236745595932
0.11144793033599854
0.095406085252761841
0.49798458814620972
0.34398454427719116
0.24491961300373077
0.48113936185836792
0.69001168012619019
0.0070758084766566753
0
0
0
0.019525725394487381
0.012113332748413086
0.60896474123001099
0.473054438829422
0.71198803186416626
0.60348623991012573
0.024568460881710052
0.81222623586654663
0.34459173679351807
0
0
0
0
0
0.97864556312561035
0.69217580556869507
0.48693206906318665
0.050436548888683319
0.028025910258293152
0.54758274555206299
0.83370071649551392
0
0.02017781138420105
0
0.039903171360492706
0.10266416519880295
1.2098996639251709
0.053739763796329498
0.041291859000921249
0.077106133103370667
0.099449858069419861
0.38323664665222168
0.7214539647102356
0.056380093097686768
0
0
0
0.42407536506652832
1.1263946294784546
0
0.14482422173023224
0.025744788348674774
0.26385772228240967
0.71134954690933228
0.89193683862686157
0
0.0031206607818603516
0
0
0.40663361549377441
1.1659722328186035
0
0
0.34790962934494019
0.40482574701309204
0.82061558961868286
0.37714961171150208
0.014954764395952225
0.0073548019863665104
0
0
0.18263149261474609
0.52918064594268799
0.37980362772941589
0.43793618679046631
0.38925269246101379
0.80376988649368286
0.97587072849273682
0
0.044128812849521637
0
0
0.036031212657690048
0.068199850618839264
0.19615799188613892
0.36340206861495972
0.66722780466079712
0.89784985780715942
0.72851932048797607
0.043321751058101654
0.030319962650537491
0
0
0
0
0.076614387333393097
0.094697058200836182
0.4461418092250824
0.45951855182647705
0.090868368744850159
0.017149696126580238
0.0090764202177524567
0
0
0
0
0
0
0
0.15847967565059662
0.80275976657867432
1.1051132678985596
0.61290311813354492
0.045730847865343094
0
0
0
0
0
0
0.23251587152481079
0.69281989336013794
2.1810393333435059
2.2582788467407227
0.79748374223709106
0.17996072769165039
0.0074126818217337132
0
0
0
0
0.12458539009094238
0.60910093784332275
2.0937237739562988
2.850186824798584
2.6755335330963135
1.5627418756484985
1.1108601093292236
0.48009824752807617
0
0
0
0.021905124187469482
0.36658558249473572
2.0185422897338867
2.7039477825164795
2.7431588172912598
2.3099372386932373
1.6684145927429199
1.504866361618042
0.60301107168197632
0.22511319816112518
0.00059779692674055696
0
0.011651488952338696
1.0410902500152588
2.517113208770752
2.6626193523406982
2.1994025707244873
1.2790606021881104
1.4427871704101562
1.8470233678817749
1.3534708023071289
0.58966153860092163
0.041000410914421082
0
0.11157234758138657
1.5746822357177734
2.4298317432403564
2.1718742847442627
0.69017112255096436
0.012960744090378284
0.95903921127319336
2.2589676380157471
2.0480625629425049
0.5540153980255127
0.16081142425537109
0
0.122893325984478
1.9444618225097656
2.5397505760192871
0.75830978155136108
0
0.31613272428512573
1.0148906707763672
2.565330982208252
2.4395802021026611
0.57495886087417603
0
0
0.21642619371414185
2.239715576171875
2.3139386177062988
0.50624120235443115
0.4630550742149353
1.059398889541626
2.4889583587646484
2.7089903354644775
2.1218521595001221
0.07686469703912735
0
0
0.18466167151927948
2.291616678237915
2.345515251159668
1.4093399047851562
1.9309176206588745
2.6062602996826172
2.7567126750946045
2.6090073585510254
1.0373871326446533
0
0
0
0.19441747665405273
1.6540141105651855
2.0352578163146973
2.2504053115844727
2.4963669776916504
2.5241968631744385
2.3795135021209717
1.4378573894500732
0
0
0
0
0.073815971612930298
0.84923630952835083
1.2559628486633301
1.6708180904388428
1.8434914350509644
1.7031949758529663
0.86468136310577393
0.040651053190231323
0
0
0
0
0
0.12796255946159363
0.58212029933929443
0.95480537414550781
0.75020289421081543
0.29389649629592896
0
0
0
0
0
0
0
0
0
0.26843222975730896
0.68510186672210693
0.33830302953720093
0
0
0
0
0
0
0
0
0.24394044280052185
1.1029634475708008
1.4270809888839722
0.22226312756538391
0
0
0
0
0
0
0
0.16558532416820526
1.0223656892776489
1.4123231172561646
1.3446295261383057
0.41779503226280212
0
0
0
0
0
0
0.029113903641700745
0.63907784223556519
1.6219207048416138
1.3412894010543823
0.60297489166259766
0.062974222004413605
0.31722146272659302
0
0
0
0
0
0.066923096776008606
1.4885740280151367
1.6184413433074951
0.92808198928833008
0
0.26081272959709167
1.5738750696182251
1.3880456686019897
0
0
0
0
0.22790193557739258
1.8790055513381958
1.5688691139221191
0
0
0.051449276506900787
1.4125038385391235
1.9851261377334595
0.46694660186767578
0
0
0
0.41046392917633057
1.8971713781356812
1.259119987487793
0
0
0.3436988890171051
1.4105674028396606
1.9265216588973999
0.60061377286911011
0
0
0
0.75690752267837524
1.8296360969543457
0.77915412187576294
0
0.44468399882316589
1.0064635276794434
1.3907644748687744
1.1598061323165894
0
0
0
0
0.7115095853805542
1.8871334791183472
1.0839459896087646
0
0.50484383106231689
0.88140285015106201
0.91041815280914307
0.35587531328201294
0
0
0
0
0.49931776523590088
1.6995875835418701
1.3512172698974609
0.54847812652587891
0.47743043303489685
0.24031540751457214
0.11980098485946655
0
0
0
0
0
0.10825509577989578
1.0370893478393555
1.2889944314956665
1.1372618675231934
0.53900694847106934
0.041740722954273224
0
0
0
0
0
0
0
0.12946024537086487
0.71180933713912964
0.91555815935134888
0.51041942834854126
0.29219514131546021
0.0023846738040447235
0
0
0
0
