0
1.8286045789718628
0
0
2.2106578350067139
6.2585048675537109
0.64219814538955688
4.8544654846191406
5.7090368270874023
0
4.5684332847595215
6.7000060081481934
0
0.44199976325035095
8.3173961639404297
1.6162192821502686
0.50344610214233398
0
0
6.9733023643493652
0.14410287141799927
0.12724632024765015
0
0
6.4347152709960938
6.3930983543395996
7.6031804084777832
0
0
0
7.7548928260803223
0
0
0
3.0152380466461182
0
8.6130590438842773
0
0
3.6522035598754883
3.6250813007354736
0
6.0488371849060059
7.4756283760070801
3.5714313983917236
0
4.589881420135498
0
7.8178539276123047
5.088437557220459
0
0
9.4843101501464844
0
2.9591107368469238
0
1.9123830795288086
1.5764708518981934
2.3482174873352051
0
0
2.064983606338501
8.0169553756713867
6.2044072151184082
0
0
0
0
5.3524703979492188
0
0.57370239496231079
4.9911608695983887
0
0
0
0
1.6009722948074341
3.8586981296539307
0.12582260370254517
0
5.8816413879394531
5.0540862083435059
0
0
