1.1528991460800171
1.1285718679428101
0.22229206562042236
0
0
0
0
0
1.6309797763824463
1.1303831338882446
0
0
0
0.91827011108398438
0.92288500070571899
0
2.7907233238220215
0.71121984720230103
0
0
0.29332029819488525
2.8667385578155518
1.9945476055145264
0
3.5385222434997559
0.023292973637580872
0
0
0.3043348491191864
1.8126517534255981
0.94395667314529419
0
3.3108398914337158
0
0
0
0
0.34230539202690125
0.030093502253293991
0
2.3499672412872314
0
0
0
0
0
0
0
1.459876537322998
0
0
0
0
0
0
0
0.34969630837440491
0
0
0
0
0
0
0.55564254522323608
0.46121364831924438
1.6511398553848267
3.6821718215942383
4.7510557174682617
4.2175636291503906
3.0789978504180908
2.076176643371582
1.5544426441192627
1.1814311742782593
2.2176914215087891
3.0536835193634033
4.044431209564209
3.2807941436767578
1.8483400344848633
1.698012113571167
1.739923357963562
0.71360570192337036
0.69320088624954224
0.3152734637260437
0
0
0
0.79728293418884277
1.9368489980697632
0
0
0
0
0
0
0.85531377792358398
2.1782243251800537
0
0
0
0
0
0.61866092681884766
1.9084469079971313
2.4283764362335205
0
0
0.10927537083625793
1.2362262010574341
2.8363726139068604
3.4220395088195801
2.286407470703125
1.4600564241409302
0.87819504737854004
1.5561296939849854
2.5183801651000977
3.5115528106689453
3.8532464504241943
2.7933225631713867
0.81851786375045776
0
1.0465909242630005
2.1267268657684326
2.700892448425293
2.3050172328948975
1.3535147905349731
0
0
0
0
0
0
0
0
0
0
0
0
0
0
0
0
0.17654076218605042
0
0
0
0
0.52141439914703369
2.5113387107849121
3.5240392684936523
2.6129848957061768
0.21650774776935577
0
0.30745264887809753
0
0
0.76447880268096924
1.0613934993743896
0
0
0
0
0
0
0
0
0
0
0
0
0
0
0
0
0
0
0
0
0
0
0
0
0
0
0
1.1779125928878784
1.2488781213760376
1.7960847616195679
1.6312384605407715
1.2766525745391846
1.3887543678283691
1.0226801633834839
1.511104941368103
0
0.048479735851287842
1.9862613677978516
1.8022637367248535
0
0
0
0
0
1.9220255613327026
2.9887871742248535
0.61221343278884888
0
0
0
0.16543009877204895
1.1493446826934814
3.6689281463623047
1.9934568405151367
0
0
0
0.20870441198348999
0.16819533705711365
2.7116410732269287
3.6490321159362793
0
0
0
0
0
0
3.2210800647735596
1.3181016445159912
0
0
0
0
0
0
3.0313029289245605
0
0
0
0
0
0.53177905082702637
0
2.8638279438018799
0
0
0
0
1.2007859945297241
0
0
1.7441531419754028
0
0
0.26159846782684326
1.105696439743042
0.22678059339523315
0
0
0
0
0.73853039741516113
1.8898817300796509
1.6490691900253296
1.2768793106079102
0.41461941599845886
0.035614341497421265
0
0.14957523345947266
1.2589364051818848
1.6075360774993896
1.337581992149353
1.6451085805892944
1.2599149942398071
0.74776363372802734
0
0.55934327840805054
1.048404335975647
0.4559369683265686
0.40575224161148071
2.0374016761779785
2.6927385330200195
1.977789044380188
0
0.90482181310653687
1.1976425647735596
0.62027794122695923
0
1.1969480514526367
2.4500749111175537
2.6532609462738037
0.67905402183532715
1.6897965669631958
1.9036250114440918
1.2535241842269897
0.28671878576278687
0.48013535141944885
2.0029366016387939
2.2159996032714844
1.4236831665039062
2.1246955394744873
1.7606561183929443
1.0773428678512573
0.2734667956829071
0.64459091424942017
1.8102463483810425
1.3681571483612061
1.5406533479690552
2.1713955402374268
1.6818617582321167
0.72511398792266846
0.35141131281852722
0.87768065929412842
1.2704633474349976
1.1821882724761963
0.56964689493179321
1.6521440744400024
1.9885140657424927
0.93844777345657349
0.22240208089351654
0.84429395198822021
1.5839462280273438
1.6743063926696777
0
0
0
0
0.93234097957611084
1.3838909864425659
0.70921856164932251
0.079478010535240173
0
0
0
2.4151222705841064
2.6638116836547852
1.1248235702514648
0.028883667662739754
0
0
0.10542973875999451
3.2102136611938477
5.0860123634338379
2.624077320098877
0
0
0
0
1.9080300331115723
4.1579046249389648
2.786719799041748
0
0
0
0
0.18626070022583008
2.0262434482574463
1.07655930519104
0
0
0
0
0.85724174976348877
0
0.66366481781005859
0
0
0
0
2.2476303577423096
3.4615821838378906
0
0.25181254744529724
0
0
0.17071942985057831
3.2690019607543945
5.1331362724304199
3.3665308952331543
0.54506421089172363
0.33261358737945557
0.1427663117647171
1.6415736675262451
4.3745946884155273
5.5887084007263184
3.851062536239624
0.18306685984134674
0.14684504270553589
2.3323688507080078
3.788881778717041
2.0662803649902344
0.12181797623634338
0
0
0.34323328733444214
1.9193776845932007
4.3464260101318359
3.8635859489440918
0.78239893913269043
0
0
0
0.17182648181915283
3.5665183067321777
3.9951481819152832
1.7606282234191895
0
0
0
0
0.30205404758453369
3.8786914348602295
2.3166384696960449
0
0
0.12935701012611389
1.8931295871734619
1.748723030090332
0.64533114433288574
3.1822035312652588
0.36410146951675415
0
0
2.3346219062805176
4.2002735137939453
2.7208406925201416
0
1.980105996131897
0
0
1.739138126373291
4.112403392791748
4.6758518218994141
1.8524821996688843
0
1.3037116527557373
0
0.85913783311843872
3.5156619548797607
4.1685080528259277
2.5995762348175049
0
0
1.1469597816467285
0
1.2200390100479126
2.3702623844146729
1.5199183225631714
0
0
0
0.22934667766094208
0.2390693873167038
0.38793724775314331
1.1574419736862183
1.9684712886810303
1.7391840219497681
0
0
0.46763694286346436
0.66639703512191772
0.63427895307540894
0.49855875968933105
1.8356755971908569
3.4770495891571045
2.9937713146209717
0.35986211895942688
0.085797131061553955
0.67981529235839844
0.46995455026626587
0
0.10868199914693832
1.7596185207366943
2.9091086387634277
1.8741894960403442
0
0.079549886286258698
0
0
0
0
0
1.1793291568756104
0
0
0
0
0
0
0
0
1.0234167575836182
1.0133403539657593
0
0
0
0
0
0
1.8141123056411743
3.7700042724609375
3.2956690788269043
0.9806024432182312
0.070912525057792664
0.14061234891414642
0.14518588781356812
0.14903146028518677
0
3.0419268608093262
5.405695915222168
4.3509712219238281
2.3194010257720947
1.3692009449005127
0.65044081211090088
0.4098275899887085
0.92258173227310181
0.70239526033401489
0
0
0
0
0.17964109778404236
0.11964244395494461
1.1176185607910156
0
0
0
0.2919757068157196
1.5329674482345581
0.6365044116973877
0.23917478322982788
0.41872325539588928
0
0
0
2.4982929229736328
1.9957782030105591
0
0
0
0
0
1.9869887828826904
3.7358548641204834
1.268810510635376
0
0
0
0
0.40748205780982971
3.2282233238220215
2.9209926128387451
0.28591233491897583
0
0
0
0
1.6945875883102417
2.4647831916809082
0.54876410961151123
0
0
0
0
0
1.6691555976867676
1.0960878133773804
0
0
0
1.7305566072463989
0
0
0.53253918886184692
0
0
0
1.2381243705749512
3.3704078197479248
0.73483967781066895
1.2557511329650879
2.3725907802581787
3.0313189029693604
2.8266608715057373
1.7146645784378052
0.70990514755249023
0
0.8005557656288147
1.7597283124923706
2.5358502864837646
2.2523849010467529
0.51616674661636353
0
0
0.38779887557029724
0.77042794227600098
1.9209691286087036
2.3865964412689209
1.1846108436584473
0
0
0
0.78066825866699219
0.9841839075088501
2.4478857517242432
2.593031644821167
0.23926666378974915
0
0
0
1.4925987720489502
1.4423978328704834
3.2665863037109375
2.8581767082214355
0
0
0
1.2369880676269531
2.0247247219085693
1.5052809715270996
3.8236982822418213
3.3072803020477295
0.43451088666915894
0.1400006115436554
1.3392927646636963
1.9514751434326172
1.745974063873291
0.81019306182861328
2.6677978038787842
2.5481281280517578
0.8971097469329834
0.33010601997375488
1.0447306632995605
1.2620698213577271
0.4586523175239563
0
0.34925210475921631
0.083645202219486237
0
0
0
0
0
2.5339794158935547
2.2526674270629883
0
0
0
0
0
0
1.9693202972412109
0
0
0
0
0
0
0
0
0
0
0
0
0
0.66391438245773315
0.026420708745718002
0
0
0
0
0.33978605270385742
1.0220365524291992
0
0
0
0
0
3.214777946472168
3.4031398296356201
0
0
0
0
0
1.6110368967056274
4.4529809951782227
1.2911266088485718
0
0
0
0
0
0.78878623247146606
0
0
0
0
0
0
0
0
0
0
0
0
0.64269930124282837
1.0156972408294678
1.9498341083526611
2.566413402557373
2.2848210334777832
2.4436073303222656
3.2897047996520996
2.7469618320465088
1.2292907238006592
1.5193036794662476
1.8369078636169434
1.3028707504272461
0.44319230318069458
0.14161002635955811
1.4647507667541504
2.6274974346160889
2.1675972938537598
0.5725594162940979
0.055103600025177002
0
0
0
0
0.4239061176776886
1.927477240562439
0
0
0
0
0
0
0
0.26446822285652161
0
0
0
0.47818773984909058
0.97624403238296509
0.90370678901672363
0
0
0.58058428764343262
1.3392056226730347
2.725954532623291
2.9190115928649902
2.2561233043670654
1.718407154083252
0.35466209053993225
0
0.7371063232421875
2.6423511505126953
5.0364961624145508
4.947145938873291
2.7715380191802979
1.0225977897644043
0.30811205506324768
0.018953066319227219
0
0
2.191551685333252
2.8514525890350342
0.99910718202590942
0
0
0
0
0
0
0.34664678573608398
1.9349395036697388
0.95893913507461548
0.019606724381446838
0.46580499410629272
0
0
0
3.1226811408996582
2.0740077495574951
0
0
0.40775200724601746
0
0
3.453359842300415
4.4932870864868164
0.90780574083328247
0
0
1.1622974872589111
0
0
5.4567956924438477
4.3146543502807617
0
0
0
2.6559822559356689
0
1.0477838516235352
4.3590335845947266
1.8907387256622314
0
0
0
3.7104156017303467
0
0.00086549669504165649
1.7975145578384399
0
0
0
1.7689564228057861
4.0812978744506836
0
0
0
0
0
0.92293429374694824
3.068678617477417
2.4601702690124512
0
0
0
0.051868673413991928
0.73501908779144287
1.5585691928863525
1.4252787828445435
0.43128859996795654
0
0
0
1.6630591154098511
3.2211966514587402
3.6419143676757812
2.532473087310791
0.91145479679107666
0
0
0
0
0
2.8123302459716797
4.4933323860168457
2.6570968627929688
0
0
0
0
0
0
4.0696048736572266
4.8560528755187988
0
0
0
0
0
0
2.4421596527099609
5.3869285583496094
0
0.62751412391662598
0
0
0
0
0
3.7180492877960205
0
2.396864652633667
1.708935022354126
0
0
0
0
1.9125614166259766
0
2.8864240646362305
3.2500984668731689
0.28283646702766418
0
0
0
1.0144037008285522
0
0
1.4135497808456421
0
0
0
0
0.10621609538793564
0
0
0
1.1055418252944946
0.93866163492202759
0.23336668312549591
0
0
0
0
3.4546871185302734
4.1085867881774902
2.33245849609375
0
0
0
0
2.9246158599853516
5.3156704902648926
2.9276151657104492
0
0
0
0
0.92214757204055786
3.0113863945007324
1.8255800008773804
0
0
0
0
0.29425829648971558
0.89952230453491211
0.4301280677318573
0
0
0
0
1.9876008033752441
2.9435298442840576
0.27610209584236145
0
0
0
0
2.6361446380615234
4.7100787162780762
3.3687729835510254
0.66565448045730591
0
0
0.43564727902412415
3.4538683891296387
5.9268245697021484
4.4254817962646484
1.3383435010910034
1.4906290769577026
1.4738260507583618
2.5371911525726318
4.4212961196899414
5.5771980285644531
4.0224461555480957
0.44492056965827942
0
0
0.18141451478004456
0.45662197470664978
0.90658247470855713
1.7993018627166748
2.424358606338501
1.6865854263305664
0.38992127776145935
0.20780077576637268
0.54852145910263062
1.3781250715255737
1.2948063611984253
1.6179888248443604
2.3511421680450439
1.9555128812789917
1.1052950620651245
0.45683985948562622
0.51432317495346069
0.5042794942855835
0
0
0.25898867845535278
0.36965903639793396
0.075845688581466675
0
0
0
0
0
0.39273062348365784
0
0
0
0
0
0
0
0
0.40134111046791077
0
0.6212151050567627
0.97330796718597412
1.1489781141281128
0.087456457316875458
0
0.54121208190917969
0.68342369794845581
0.17357359826564789
1.0981912612915039
2.3838255405426025
2.9014146327972412
2.8432607650756836
2.2115006446838379
1.7534546852111816
1.3544892072677612
0.84425592422485352
0.68688756227493286
1.9589325189590454
3.1251263618469238
3.7175109386444092
3.0414481163024902
1.9600999355316162
0.90752512216567993
0.23646828532218933
