1.1832315921783447
0
0
0
3.7299213409423828
7.7105464935302734
0
0
1.6232939958572388
0
4.8023090362548828
3.7826364040374756
0
0
2.9327971935272217
0
3.7838659286499023
3.4330368041992188
5.0667924880981445
0.033676117658615112
2.8663949966430664
5.1723856925964355
5.7174282073974609
3.4956943988800049
0.97252321243286133
0
0.40050652623176575
0
0
5.0031614303588867
4.0021991729736328
0.7241131067276001
0
1.6717573404312134
0
0
0
6.9527544975280762
6.539423942565918
0
5.1201157569885254
0
0
0
0
0.81862050294876099
0
0
0
3.0274362564086914
2.9693245887756348
0
2.1750702857971191
0
0
0
0
0
0
0
0
4.0656089782714844
2.0445630550384521
5.2513308525085449
0.70827412605285645
1.7790713310241699
8.6420183181762695
6.7284626960754395
0
0
4.147101879119873
0
3.8315629959106445
2.2529416084289551
0
0.93618178367614746
0
0.34931817650794983
0
0
0
0
6.7896766662597656
0
0
0.086704336106777191
5.0413918495178223
0
0
3.0389437675476074
4.3362312316894531
0
1.298757791519165
0
0
0
0.667255699634552
2.5369284152984619
0
0
3.4340424537658691
3.83160400390625
1.608595609664917
5.6307048797607422
0
5.9208827018737793
2.3968257904052734
0
0
1.4096746444702148
0
3.209273099899292
4.2608456611633301
0
0
6.663693904876709
1.0031247138977051
0
1.2619158029556274
3.8975520133972168
