0
0
0
0
0
0
0
0
0.00015702408563811332
0.0013445273507386446
0
0.0078392680734395981
0.058730587363243103
0.18906955420970917
0.23576347529888153
0.15968841314315796
0.023591624572873116
0
0
0
0
0
0
0
0
0
0
0
0
0
0
0
0
0
0
0
0
0
0
0.0079075600951910019
0.052351407706737518
0
0
0
0
0
0
0
0
0
0
0
0
0
0
0.00029977326630614698
0
0
0
0
0
0
0
0
0
0
0
0
0
0
0
0
0
0
0
0
0
0
0.0015702409436926246
0
0
0
0
0
0
0
0
0
0
0.09487587958574295
0.047183249145746231
0
0
0
0
0
0
0
0
0
0
0
0
0
0
0
0
0
0
0
0
0
0
0.10681243240833282
0.11907795071601868
0.038812026381492615
0
0
0
0
0
0
0
0
0
0.0025980349164456129
0
0
0
0
0
0
0
0
0
0
0
0
0
0.14470051229000092
0
0
0
0
0
0
0
0
0.00089931976981461048
0
0
0
0
0
0
0
0
0
0
0
0
0
0
0
0.079907111823558807
0
0
0
0
0
0
0.00045679736649617553
0
0
0
0
0
0
0
0
0
0
0
0
0
0
0
0
0.10887794196605682
0.086956940591335297
0.0038051006849855185
0
0
0
0
0
0
0
0
0
0
0
0.072406351566314697
0.2057165801525116
0.36827769875526428
0.64444410800933838
0.85002803802490234
0.6601375937461853
0.16784584522247314
0
0
0
0
0.089216612279415131
0.02194574847817421
0
0
0
0
0
0
0
0
0
0
0.088119000196456909
0.34794077277183533
0.49263930320739746
0.7736814022064209
1.0175992250442505
1.1553249359130859
1.0180286169052124
0.60065490007400513
0.009293602779507637
0
0
0
0
0
0
0
0
0
0
0
0
0
0
0
0.44357168674468994
0.46617898344993591
0.71263659000396729
0.81874972581863403
0.66451627016067505
0.64075422286987305
0.5937080979347229
0.52654576301574707
0.2702576220035553
0
0
0
0
0.028731770813465118
0
0
0
0
0.011429020203649998
0.07236519455909729
0.13144814968109131
0.23327448964118958
0.48679006099700928
0.38307496905326843
0.49261322617530823
0.54393935203552246
0.61150538921356201
0.44658619165420532
0.18670691549777985
0.2223210483789444
0.34072697162628174
0.43004491925239563
0.49396595358848572
0.3005293607711792
0
0
0
0
0
0
0
0
0
0.070591412484645844
0.089436724781990051
0.31047660112380981
0.53070056438446045
0.27861976623535156
0.33952772617340088
0.5244184136390686
0.22653305530548096
0.02217385359108448
0
0.049281306564807892
0.14659281075000763
0.21306027472019196
0.31780999898910522
0.24529086053371429
0
0
0
0
0
0
0
0
0
0
0
0.026429278776049614
0.0148577019572258
0
0.034256786108016968
0.26460719108581543
0.03281112015247345
0
0
0
0
0.016625907272100449
0.070734187960624695
0
0
0
0
0
0
0
0
0
0
0
0
0
0
0
0
0
0.0025980349164456129
0
0
0
0
0
0
0
0
0
0
0.1160123348236084
0
0
0
0
0.024670593440532684
0.073715358972549438
0.079341024160385132
0.018526535481214523
0
0
0
0.087051942944526672
0.07862091064453125
0.093988880515098572
0
0
0
0
0
0
0.15452510118484497
0.081148996949195862
0.1626945286989212
0.029347885400056839
0
0
0
0
0.077451199293136597
0.13668736815452576
0.12072759866714478
0.096810467541217804
0
0
0
0
0
0
0
0
0
0
0
0.16235701739788055
0.11436872184276581
0.28345364332199097
0.2781633734703064
0.03281112015247345
0
0
0
0
0.099808886647224426
0.15427888929843903
0.17798656225204468
0.044322919100522995
0
0
0
0
0
0
0
0
0
0
0.05072585865855217
0
0.070759713649749756
0.27915585041046143
0.066715940833091736
0
0
0
0
0
0.18022869527339935
0.26337742805480957
0.33050775527954102
0.13592381775379181
0
0
0
0
0
0
0
0
0
0.097277417778968811
0.083095647394657135
0.15561172366142273
0.19907122850418091
0.1968667209148407
0
0
0
0
0
0
0.18797813355922699
0.33535435795783997
0.42446854710578918
0.48479396104812622
0.25725454092025757
0
0
0
0
0
0
0.15524961054325104
0.44225752353668213
0.53226900100708008
0.57172799110412598
0.56505906581878662
0.21529659628868103
0
0
0
0
0
0
0
0.094213247299194336
0.34508156776428223
0.55989128351211548
0.77226799726486206
0.9203152060508728
0.65156072378158569
0.27911561727523804
0
0
0
0.29414713382720947
0.52470105886459351
0.61919915676116943
0.75932025909423828
0.72242200374603271
0.48750245571136475
0.15779723227024078
0
0
0
0
0
0
0
0.021945234388113022
0.21379710733890533
0.465373694896698
0.76302063465118408
1.1152353286743164
1.2503656148910522
1.1074891090393066
0.89206111431121826
0.7718995213508606
0.7518811821937561
0.89512467384338379
0.84090477228164673
0.59879040718078613
0.48222276568412781
0.26640874147415161
0.053203873336315155
0.010937039740383625
0
0
0
0
0
0
0
0
0.043890468776226044
0.14560124278068542
0.36164602637290955
0.67734575271606445
1.0759541988372803
1.4198591709136963
1.5151546001434326
1.4172354936599731
1.1832139492034912
0.95007061958312988
0.75713729858398438
0.4270109236240387
0.10809457302093506
0
0
0
0
0
0
0
0
0
0
0
0
0
0.050969582051038742
0.17552503943443298
0.35793456435203552
0.54228746891021729
0.70181542634963989
0.79661893844604492
0.65928834676742554
0.37072467803955078
0.20749908685684204
0.12351937592029572
0.03281112015247345
0
0
0
0
0
0
0
0
0
0
0
0
0
0
0
0
0
0
0
0
0
0
0.051939990371465683
0.014470683410763741
0
0
0
0
0
0
0
0
0
0
0
0
0
0
0
0
0
0
0
0
0
0
0.084501788020133972
0.07110992819070816
0
0
0
0
0
0
0
0
0
0
0
0
0
0
0
0
0
0
0
0
0
0
0.21280090510845184
0.14587883651256561
0
0
0
0
0
0
0
0
0
0
0
0
0
0
0
0
0
0
0
0
0
0
0.10888805985450745
0.010341405868530273
0
0.028941366821527481
0
0
0
0
0
0
0
0
0
0
0
0
0
0
0
0
0
0
0
0
0
0
0
0.075343362987041473
0.023806607350707054
0
0
0
0
0
0
0
0
0
0
0
0
0
0
0
0
0.18592001497745514
0
0
0
0
0
0
0.15291555225849152
0
0
0
0
0
0
0
0
0
0
0
0
0
0
0.062376834452152252
0.67639851570129395
0.80844706296920776
0.50846922397613525
0
0
0
0
0
0.18407914042472839
0.04901360347867012
0
0
0
0
0
0
0
0
0
0
0
0
0.067729294300079346
0.91395860910415649
1.5663306713104248
1.9573053121566772
1.9734656810760498
1.213170051574707
0.05315910279750824
0
0
0
0
0.022600546479225159
0.04591687023639679
0.0023339812178164721
0
0
0
0
0
0
0
0
0
0.080179736018180847
1.2412445545196533
1.9303267002105713
2.4455592632293701
2.5017938613891602
2.4606778621673584
1.8959603309631348
0.96990042924880981
0
0
0
0
0
0.14240725338459015
0.019751213490962982
0
0
0
0
0
0
0
0
0
1.1916375160217285
2.0967731475830078
2.5051753520965576
2.3217747211456299
1.9223875999450684
1.7637673616409302
1.5498309135437012
1.2210619449615479
0.3121165931224823
0
0
0
0
0.29657787084579468
0.043922580778598785
0
0
0
0
0
0
0
0
0.5243537425994873
2.064906120300293
2.5073144435882568
2.0729467868804932
1.4029692411422729
0.85796326398849487
0.58341610431671143
0.77426129579544067
0.90475261211395264
0.44987666606903076
0
0
0
0
0.33742284774780273
0.13098403811454773
0
0
0
0
0
0
0
0.17688792943954468
1.1160218715667725
1.9547107219696045
1.9954376220703125
1.1598312854766846
0.56648975610733032
0.11273844540119171
0
0.2965177595615387
0.36103224754333496
0.21242716908454895
0
0
0
0.21086442470550537
0.51122069358825684
0.18502770364284515
0
0
0
0
0
0
0
0.021105825901031494
0.98362070322036743
1.2835689783096313
1.2854832410812378
0.35676324367523193
0
0
0
0
0
0
0
0
0.37940788269042969
0.57878714799880981
0.62244045734405518
0.17795270681381226
0
0
0
0
0
0
0
0
0.51049071550369263
0.81946015357971191
0.89752465486526489
0
0
0
0
0
0
0
0
0.59643340110778809
1.0394159555435181
0.91518139839172363
0.59763592481613159
0.1864803284406662
0
0
0
0
0
0
0
0
0.36524814367294312
0.52078211307525635
0.60914313793182373
0
0
0
0
0
0
0
0.3037964403629303
1.30567467212677
1.4067608118057251
1.2011862993240356
0.56808292865753174
0
0
0
0
0
0
0
0
0
0.21610823273658752
0.11022944748401642
0
0
0
0
0
0
0
0
1.1285508871078491
1.6837130784988403
1.481560230255127
0.89572608470916748
0.21599858999252319
0.014283685944974422
0
0
0
0
0.082212939858436584
0.11717043817043304
0.048816844820976257
0
0
0
0
0
0
0
0
0
0
0.73336952924728394
1.6557444334030151
1.5957667827606201
1.3672245740890503
0.58485603332519531
0.0028619803488254547
0
0
0
0
0
0.26407602429389954
0.40796631574630737
0.29939830303192139
0
0
0
0
0
0
0
0
0.061703279614448547
1.0615900754928589
1.7877253293991089
1.8262802362442017
1.3052850961685181
0.84728705883026123
0.15634015202522278
0
0
0
0
0
0
0.40355393290519714
0.73733812570571899
0.77161836624145508
0.24650096893310547
0
0
0
0
0
0
0.57944488525390625
1.5419055223464966
2.2460372447967529
2.2590897083282471
1.6132339239120483
1.0066894292831421
0.47467684745788574
0
0
0
0
0
0
0
0.36759191751480103
0.87359744310379028
1.280963659286499
1.1978095769882202
0.69456565380096436
0.48632758855819702
0.15565289556980133
0.50780767202377319
0.95548343658447266
1.4327869415283203
1.9437445402145386
2.298375129699707
2.5272419452667236
1.8761342763900757
1.1042152643203735
0.5308537483215332
0.045010596513748169
0
0
0
0
0
0
0
0.17037440836429596
0.69859945774078369
1.3422813415527344
1.7238850593566895
1.7700636386871338
1.7109560966491699
1.6580710411071777
1.8682821989059448
2.074993371963501
2.3286316394805908
2.4201068878173828
2.198519229888916
1.7813421487808228
1.1487267017364502
0.59483796358108521
0.11780896037817001
0
0
0
0
0
0
0
0
0.039496999233961105
0.38651463389396667
0.8772585391998291
1.4402260780334473
1.9099828004837036
1.9958571195602417
2.1472690105438232
2.3676304817199707
2.4573953151702881
2.33766770362854
1.8768597841262817
1.269675612449646
0.82209032773971558
0.3218320906162262
0
0
0
0
0
0
0
0
0
0
0
0.078993998467922211
0.26226067543029785
0.64964473247528076
1.1688984632492065
1.6472029685974121
1.8890771865844727
1.7888082265853882
1.7159334421157837
1.4800806045532227
0.95301282405853271
0.46114256978034973
0.11027944833040237
0
0
0
0
0
0
0
0
0
0
0
0
0
0
0.09173496812582016
0.31615093350410461
0.64061093330383301
0.86187744140625
0.82538521289825439
0.6467704176902771
0.33698910474777222
0.15050344169139862
0.098896726965904236
0.0082983355969190598
0
0
0
0
0
0
0
0
0
0
0
0
0
0
0
0
0
0
0
0
0
0.24376335740089417
0.39155420660972595
0.20287266373634338
0.026626512408256531
0
0
0
0
0
0
0
0
0
0
0
0
0
0
0
0
0.019261345267295837
0.14041805267333984
0.28564316034317017
0.64232784509658813
0.79936158657073975
0.67086607217788696
0.38254225254058838
0.097045265138149261
0
0
0
0
0
0
0
0
0
0
0
0
0
0
0
0
0.16976460814476013
0.58554160594940186
1.2692586183547974
1.6054626703262329
1.413571834564209
1.11202073097229
0.64221751689910889
0.13532909750938416
0
0
0
0
0
0
0
0
0
0
0
0
0
0
0
0
0.46269902586936951
1.2689071893692017
1.9579496383666992
2.0240030288696289
1.6763623952865601
1.1172149181365967
0.6310688853263855
0.3110453188419342
0.15236401557922363
0.053253024816513062
0
0
0
0
0
0
0
0
0
0
0
0
0.073341049253940582
0.34450161457061768
1.1680335998535156
1.9294534921646118
2.1487650871276855
2.2565078735351562
1.904616117477417
1.4301067590713501
0.95696938037872314
0.59299486875534058
0.47463056445121765
0.24756389856338501
0.043804910033941269
0
0
0
0
0
0
0
0
0
0
0.10793578624725342
0.42448809742927551
1.133975625038147
1.9185433387756348
2.2217116355895996
2.392641544342041
2.4193296432495117
2.3408856391906738
2.0348846912384033
1.5300033092498779
1.0562982559204102
0.74090456962585449
0.59480279684066772
0.22576422989368439
0
0
0
0
0
0
0
0
0
0.034087337553501129
0.35151636600494385
0.97212541103363037
1.7641957998275757
2.1672682762145996
2.4500057697296143
2.5549657344818115
2.7264134883880615
2.6437718868255615
2.3720023632049561
1.968143105506897
1.3815290927886963
1.0642602443695068
0.86389529705047607
0.39927536249160767
0.090186573565006256
0
0
0
0
0
0
0
0
0.16103506088256836
0.62880212068557739
1.530001163482666
2.0740904808044434
2.4825677871704102
2.5798244476318359
2.5481071472167969
2.3258635997772217
1.9808363914489746
1.8610416650772095
1.8879363536834717
1.5354230403900146
1.2952781915664673
0.94242197275161743
0.71966183185577393
0.3304276168346405
0.10179516673088074
0.0042945989407598972
0
0
0
0
0.011381675489246845
0.1506085991859436
0.49537119269371033
1.1044743061065674
1.8354663848876953
2.3506662845611572
2.5381820201873779
2.4676010608673096
1.8203303813934326
1.1902762651443481
0.96157157421112061
1.1343283653259277
1.4472731351852417
1.658659815788269
1.4760489463806152
1.3454989194869995
0.9127422571182251
0.67935043573379517
0.27238556742668152
0.030891362577676773
0
0
0
0
0.038831673562526703
0.33872747421264648
0.83815681934356689
1.3844890594482422
2.0256023406982422
2.3938989639282227
2.2255032062530518
1.5687189102172852
0.85868126153945923
0.53215360641479492
0.38281822204589844
0.57234650850296021
1.082439661026001
1.5086644887924194
1.6994073390960693
1.7376576662063599
1.4288088083267212
0.9721800684928894
0.41978496313095093
0.040008388459682465
0
0
0
0
0.04451211541891098
0.39155220985412598
0.96069520711898804
1.4787417650222778
1.985777735710144
2.0935735702514648
1.3766781091690063
0.67504620552062988
0.40838834643363953
0.22828401625156403
0.17055699229240417
0.23530425131320953
0.61063194274902344
1.0813758373260498
1.6152269840240479
1.813152551651001
1.6536080837249756
1.0695189237594604
0.63468527793884277
0.17412994801998138
0
0
0
0
0.0076396390795707703
0.3586183488368988
0.89429950714111328
1.3886409997940063
1.7330842018127441
1.6351295709609985
0.81739199161529541
0.38737082481384277
0.1978181004524231
0.17965726554393768
0.10217903554439545
0.028706740587949753
0.29088720679283142
0.79371291399002075
1.4710732698440552
2.0898640155792236
1.8989808559417725
1.46436607837677
0.68994665145874023
0.079125933349132538
0
0
0
0
0.060491383075714111
0.4284915030002594
0.96482729911804199
1.4130401611328125
1.5054696798324585
1.2889198064804077
0.70363146066665649
0.17082767188549042
0.12990671396255493
0.0064147766679525375
0
0
0.31448128819465637
0.90232187509536743
1.704558253288269
2.1545562744140625
1.9658759832382202
1.4813401699066162
0.68669605255126953
0.18184944987297058
0
0
0
0
0.19716824591159821
0.63248419761657715
1.1643179655075073
1.5008598566055298
1.4831682443618774
1.2787107229232788
0.60854929685592651
0.15046435594558716
0.021546769887208939
0
0
0.072450555860996246
0.67448103427886963
1.546505331993103
2.1366226673126221
2.1905632019042969
1.9278539419174194
1.1481368541717529
0.51738935708999634
0.0088844988495111465
0
0
0
0
0.26014792919158936
0.78848403692245483
1.2575346231460571
1.5546296834945679
1.5466470718383789
1.2871189117431641
0.56998831033706665
0
0
0
0.12551894783973694
0.74025249481201172
1.5332185029983521
2.0374653339385986
2.1710104942321777
2.0814447402954102
1.5309232473373413
0.82837778329849243
0.36270809173583984
0.13192287087440491
0
0
0
0
0.27041822671890259
0.81460589170455933
1.2610025405883789
1.5796666145324707
1.5397913455963135
1.1313451528549194
0.40686491131782532
0
0.079710543155670166
0.55508220195770264
1.1174392700195312
1.7104036808013916
2.0768556594848633
2.2924935817718506
2.2044544219970703
1.8335288763046265
1.0682758092880249
0.48566225171089172
0.18010571599006653
0.015950858592987061
0
0
0
0
0.31530320644378662
0.84950554370880127
1.3246649503707886
1.4927911758422852
1.4953768253326416
1.2821633815765381
1.0495165586471558
0.90765368938446045
1.2203006744384766
1.5373876094818115
1.9052706956863403
2.1207621097564697
2.4009172916412354
2.3050417900085449
1.9797499179840088
1.3908673524856567
0.67675566673278809
0.33530306816101074
0.15261258184909821
0.021546769887208939
0
0
0
0
0.26377332210540771
0.78901791572570801
1.2620636224746704
1.5210649967193604
1.8519597053527832
2.0023882389068604
2.0239722728729248
1.9745877981185913
2.0615293979644775
2.3228449821472168
2.3891212940216064
2.5554156303405762
2.5409765243530273
2.2940304279327393
1.5624278783798218
0.77445340156555176
0.46605205535888672
0.11601099371910095
0.043811768293380737
0
0
0
0
0
0.13346002995967865
0.63550263643264771
1.1580163240432739
1.6283708810806274
2.0058484077453613
2.2531797885894775
2.3943452835083008
2.389258861541748
2.4654684066772461
2.4405713081359863
2.4732682704925537
2.4449849128723145
2.1880416870117188
1.4861376285552979
0.77474027872085571
0.52695930004119873
0.262836754322052
0.12928062677383423
0
0
0
0
0
0
0.042146813124418259
0.31588661670684814
0.82149648666381836
1.3845956325531006
1.9041155576705933
2.1669766902923584
2.2508678436279297
2.3196003437042236
2.5992639064788818
2.6521334648132324
2.250117301940918
1.7421711683273315
1.1872867345809937
0.66649931669235229
0.45009422302246094
0.25015205144882202
0.1449785977602005
0
0
0
0
0
0
0
0.0083217192441225052
0.073210783302783966
0.30460098385810852
0.67626965045928955
1.2603545188903809
1.7477940320968628
2.0403635501861572
2.1715233325958252
2.0746896266937256
1.758415699005127
1.3068220615386963
0.882862389087677
0.53609764575958252
0.31587427854537964
0.1876719743013382
0.20365622639656067
0.10251683741807938
0
0
0
0
0
0
0
0.0017484439304098487
0.011695859953761101
0.020338378846645355
0.13272362947463989
0.45657739043235779
0.89149850606918335
1.1043515205383301
1.0751008987426758
0.96819573640823364
0.8547094464302063
0.59592962265014648
0.35278934240341187
0.25783243775367737
0.19373315572738647
0.1427735835313797
0.027171565219759941
0.0071822572499513626
0
0
0
0
0
0
0
0
0.0034968878608196974
0
0
0.035925794392824173
0.16590435802936554
0.32430008053779602
0.37918287515640259
0.31357851624488831
0.2382013350725174
0.21137657761573792
0.24176935851573944
0.19403709471225739
0.067663103342056274
0
0
0
0
0
0
0
0
0
0
0
0
0
0.0040609021671116352
0
0
0
0.060001030564308167
0.16669067740440369
0.20450267195701599
0.13304556906223297
0.065369673073291779
0.057813249528408051
0.021546769887208939
0
0
0
0
0
0
0
0
0
0
0
0
0
0
0
0.0058001750148832798
0.075522653758525848
0.091499313712120056
0.11775286495685577
0.10598257929086685
0
0
0
0
0
0
0
0
0
0
0
0
0
0
0
0
0
0
0
0.019515195861458778
0.11594521999359131
0.013096675276756287
0.10728515684604645
0.0025305338203907013
0
0
0
0
0
0
0
0
0
0
0
0
0
0
0
0
0
0
0.011073061265051365
0.080430939793586731
0
0
0.024057954549789429
0.31784257292747498
0.4603767991065979
0.05477384477853775
0
0
0
0
0
0
0
0
0
0
0
0
0
0
0
0.058001749217510223
0.064488887786865234
0.061655551195144653
0
0
0.12695272266864777
0.70330369472503662
0.49820917844772339
0.057873241603374481
0
0
0
0
0
0
0
0
0
0
0
0
0
0
0
0.1334591805934906
0
0
0
0.0070367306470870972
0.50169074535369873
0.70185673236846924
0.6880338191986084
0.16397304832935333
0
0
0
0
0
0
0
0
0
0
0
0
0
0
0.095966532826423645
0
0
0
0.041662141680717468
0.41195529699325562
0.4986301064491272
0.49145898222923279
0.52474063634872437
0.13518005609512329
0.045699343085289001
0.02444060891866684
0.0097188204526901245
0
0
0
0
0
0
0
0
0
0
0.033219184726476669
0.096171967685222626
0
0
0.17714579403400421
0.49798458814620972
0.34398454427719116
0.2568202018737793
0.21728010475635529
0.15501615405082703
0.18095244467258453
0.48113936185836792
0.48260030150413513
0.2131093442440033
0
0
0
0
0
0
0
0
0
0.016873236745595932
0.11144793033599854
0
0
0.095406085252761841
0.48131316900253296
0.38215255737304688
0.19647932052612305
0.25553831458091736
0.22064389288425446
0.24491961300373077
0.32439669966697693
0.36721479892730713
0.69001168012619019
0.46926668286323547
0.0070758084766566753
0
0
0
0
0
0
0
0
0.019525725394487381
0.012113332748413086
0
0
0.32651969790458679
0.473054438829422
0.23878516256809235
0.32769396901130676
0.56699228286743164
0.60348623991012573
0.20437698066234589
0
0
0.74323207139968872
0.67261958122253418
0.13891032338142395
0
0
0
0
0
0
0
0
0
0
0
0.24551291763782501
0.60896474123001099
0.40486031770706177
0.40419489145278931
0.71198803186416626
0.689533531665802
0.19046035408973694
0
0
0.024568460881710052
0.38935178518295288
0.81222623586654663
0.34459173679351807
0.2276151180267334
0
0
0
0
0
0
0
0
0
0
0.3556370735168457
0.72973757982254028
0.5744815468788147
0.58512139320373535
0.48693206906318665
0
0
0.020596865564584732
0
0
0.13312354683876038
0.54758274555206299
0.72538703680038452
0.38063850998878479
0
0
0
0
0
0
0
0
0
0
0.54433071613311768
0.97864556312561035
0.69217580556869507
0.11969596147537231
0
0
0.012334492057561874
0.050436548888683319
0.028025910258293152
0
0.039831854403018951
0.3610413670539856
0.83370071649551392
0.51304525136947632
0
0
0.02017781138420105
0
0
0
0
0.039903171360492706
0
0
0.90498465299606323
1.0875982046127319
0.053739763796329498
0
0
0.023610841482877731
0.015976263210177422
0.026402492076158524
0.099449858069419861
0
0
0.38323664665222168
0.58364713191986084
0.68808001279830933
0.056380093097686768
0
0
0
0
0
0
0
0
0.10266416519880295
1.2098996639251709
0.76295959949493408
0
0
0.041291859000921249
0.0073548019863665104
0.075940094888210297
0.077106133103370667
0
0
0
0.27297872304916382
0.7214539647102356
0.71533036231994629
0
0
0
0
0
0
0
0
0
0.30181539058685303
1.1263946294784546
0.6829150915145874
0
0
0
0.095966532826423645
0.025744788348674774
0.017959222197532654
0
0
0.15701988339424133
0.52207756042480469
0.89193683862686157
0.44212791323661804
0
0
0.0031206607818603516
0
0
0
0
0
0
0.42407536506652832
1.1010264158248901
0.67847806215286255
0
0
0.11656101047992706
0.14482422173023224
0
0
0
0.26385772228240967
0.40054035186767578
0.71134954690933228
0.62920111417770386
0.14486250281333923
0
0
0
0
0
0
0
0
0
0.40663361549377441
1.1659722328186035
0.81829339265823364
0
0
0
0
0
0
0.40482574701309204
0.35173362493515015
0.42923706769943237
0.82061558961868286
0.37714961171150208
0
0
0.013518229126930237
0.0073548019863665104
0
0
0
0
0
0
0.36009034514427185
1.0652616024017334
0.66278624534606934
0
0
0
0
0.18314686417579651
0.34790962934494019
0.31438559293746948
0.24888436496257782
0.63599669933319092
0.75919967889785767
0.2385791540145874
0
0
0.014954764395952225
0
0
0
0
0
0
0
0.18263149261474609
0.52918064594268799
0.35637092590332031
0
0.17064383625984192
0.23337875306606293
0.2914368212223053
0.10734207928180695
0.22244206070899963
0.14976385235786438
0.34541612863540649
0.97587072849273682
0.5434805154800415
0
0
0.044128812849521637
0
0
0
0
0
0
0
0
0
0.24377599358558655
0.43612575531005859
0.33842575550079346
0.37980362772941589
0.43793618679046631
0.28781327605247498
0.17947384715080261
0.38925269246101379
0.72355639934539795
0.80376988649368286
0.39783808588981628
0
0
0
0
0
0
0
0
0
0
0.036031212657690048
0
0
0.12745042145252228
0.19615799188613892
0.30609190464019775
0.33196577429771423
0.32009124755859375
0.40110340714454651
0.70991086959838867
0.89784985780715942
0.72851932048797607
0.13782888650894165
0
0
0
0.030319962650537491
0
0
0
0
0
0
0
0.0195113904774189
0.068199850618839264
0.047176837921142578
0.07301098108291626
0.052334010601043701
0.095727980136871338
0.36340206861495972
0.66722780466079712
0.58418238162994385
0.49917033314704895
0.38732585310935974
0.034725844860076904
0
0
0.043321751058101654
0.0059188306331634521
0.0024516007397323847
0
0
0
0
0
0
0
0
0.039022780954837799
0.076614387333393097
0.087587922811508179
0.072215154767036438
0.23067301511764526
0.4461418092250824
0.45951855182647705
0.17877392470836639
0.052231598645448685
0.090868368744850159
0.0094012301415205002
0
0.0090764202177524567
0
0
0
0
0
0
0
0
0
0
0
0
0
0.045316778123378754
0.094697058200836182
0.16754738986492157
0.14772941172122955
0.13861623406410217
0.11558813601732254
0.064299166202545166
0.062719166278839111
0.017149696126580238
0.0096662091091275215
0.0073548019863665104
0
0
0
0
0
0
0
0
0
0
0
0
0
0
0
0.0075298864394426346
0.11382319033145905
0.32200181484222412
0.36018329858779907
0.26911965012550354
0.1841462105512619
0.17500786483287811
0.047722220420837402
0.0037063409108668566
0
0
0
0
0
0
0
0
0
0
0
0
0
0
0
0.020626567304134369
0.15847967565059662
0.50278663635253906
0.80275976657867432
1.1051132678985596
0.85486984252929688
0.61290311813354492
0.34346190094947815
0.045730847865343094
0
0
0
0
0
0
0
0
0
0
0
0
0
0
0.014375237748026848
0.13960172235965729
0.29648631811141968
0.67395848035812378
1.3117321729660034
1.6010755300521851
1.3321894407272339
0.71421188116073608
0.41780775785446167
0.12417426705360413
0
0
0
0
0
0
0
0
0
0
0
0
0
0.075298860669136047
0.23251587152481079
0.27680510282516479
0.69281989336013794
1.4164578914642334
2.1810393333435059
2.2582788467407227
1.6247090101242065
0.79748374223709106
0.39056357741355896
0.17996072769165039
0.060174420475959778
0.0074126818217337132
0
0
0
0
0
0
0
0
0
0
0
0.12617506086826324
0.47842764854431152
0.63456243276596069
1.3763430118560791
2.3974392414093018
2.8308525085449219
2.6755335330963135
2.0116314888000488
1.1879916191101074
0.71815603971481323
0.46844187378883362
0.33302310109138489
0.13095751404762268
0.0060975286178290844
0
0
0
0
0
0
0
0
0
0.12458539009094238
0.24367967247962952
0.60910093784332275
1.3468750715255737
2.0937237739562988
2.8429012298583984
2.850186824798584
2.6276447772979736
2.0724201202392578
1.5627418756484985
1.405302882194519
1.1108601093292236
0.58299869298934937
0.48009824752807617
0.08443683385848999
0
0
0
0
0
0
0
0
0.043125711381435394
0.13731682300567627
0.52444958686828613
1.1582362651824951
2.1557474136352539
2.6684014797210693
2.7431588172912598
2.5854346752166748
2.3099372386932373
1.8827526569366455
1.6684145927429199
1.5934712886810303
1.504866361618042
0.91286671161651611
0.55003011226654053
0.37486726045608521
0.012553735636174679
0
0
0
0
0
0
0.021905124187469482
0.16361816227436066
0.36658558249473572
0.84004449844360352
2.0185422897338867
2.6414239406585693
2.7039477825164795
2.5033910274505615
2.2477381229400635
1.9198328256607056
1.5077358484268188
1.3912975788116455
1.5654833316802979
1.4792275428771973
1.2501771450042725
0.60301107168197632
0.47545289993286133
0.22511319816112518
0.017312020063400269
0.00059779692674055696
0
0
0
0
0.011651488952338696
0.1451561450958252
0.71764916181564331
1.5312608480453491
2.517113208770752
2.6626193523406982
2.4483358860015869
2.1994025707244873
1.7609163522720337
1.2790606021881104
0.991707444190979
0.91653156280517578
1.4427871704101562
1.7162271738052368
1.447955846786499
1.0210446119308472
0.58146876096725464
0.53073650598526001
0.17946483194828033
0.0094971582293510437
0
0
0
0
0.0074452515691518784
0.17069438099861145
1.0410902500152588
2.0192570686340332
2.4621460437774658
2.5129632949829102
2.0627236366271973
1.5076773166656494
0.95001220703125
0.38458028435707092
0.37138679623603821
0.57256245613098145
1.1675420999526978
1.8470233678817749
1.555628776550293
1.3534708023071289
0.78019332885742188
0.58966153860092163
0.33321547508239746
0.041000410914421082
0
0
0
0
0.021907571703195572
0.32692265510559082
1.4046651124954224
2.1614632606506348
2.2131152153015137
2.1718742847442627
1.3961788415908813
0.69017112255096436
0.14246213436126709
0
0.012960744090378284
0.35167735815048218
0.95903921127319336
1.7414290904998779
1.9076046943664551
1.7164100408554077
1.1268454790115356
0.42288732528686523
0.37173116207122803
0.052386946976184845
0
0
0
0
0.11157234758138657
0.5610344409942627
1.5746822357177734
2.4298317432403564
1.9804893732070923
1.4839895963668823
0.54526162147521973
0
0
0
0
0.25219419598579407
0.83496421575546265
1.6347789764404297
2.2589676380157471
2.0480625629425049
1.39243483543396
0.5540153980255127
0.23242388665676117
0.16081142425537109
0
0
0
0
0.122893325984478
0.77900737524032593
1.7030129432678223
2.5397505760192871
1.8622573614120483
0.75830978155136108
0.13709951937198639
0
0
0.0047861579805612564
0.064398571848869324
0.23901781439781189
0.7855229377746582
1.6353037357330322
2.5092120170593262
2.4349808692932129
1.4139924049377441
0.57495886087417603
0.062668018043041229
0
0
0
0
0
0.08332410454750061
0.90462404489517212
1.9444618225097656
2.4401319026947021
1.5182024240493774
0.37439495325088501
0.11515364050865173
0
0
0.089597977697849274
0.31613272428512573
0.41354387998580933
1.0148906707763672
2.0369484424591064
2.565330982208252
2.4395802021026611
1.5303481817245483
0.3739209771156311
0
0
0
0
0
0
0.1259361207485199
1.0694074630737305
2.1400594711303711
2.273958683013916
1.2870246171951294
0.29080080986022949
0.066189035773277283
0
0.12458539009094238
0.27274566888809204
0.41286706924438477
0.9829067587852478
1.6776247024536133
2.579960823059082
2.7089903354644775
2.1218521595001221
1.1302342414855957
0.07686469703912735
0
0
0
0
0
0
0.21642619371414185
1.264582633972168
2.239715576171875
2.3139386177062988
1.3338780403137207
0.50234240293502808
0.50624120235443115
0.42873790860176086
0.4630550742149353
0.70483696460723877
1.059398889541626
1.6876904964447021
2.4889583587646484
2.6808249950408936
2.4332880973815918
1.7814078330993652
0.50126534700393677
0
0
0
0
0
0
0
0.18466167151927948
1.2232761383056641
2.291616678237915
2.345515251159668
1.6493794918060303
0.73339360952377319
0.91813474893569946
1.1850876808166504
1.2919409275054932
1.6052603721618652
2.1718847751617432
2.599597692489624
2.7567126750946045
2.6090073585510254
2.0268690586090088
1.0373871326446533
0.1269090324640274
0
0
0
0
0
0
0
0.17334052920341492
1.0000241994857788
2.1586787700653076
2.1472446918487549
1.6695339679718018
1.2703521251678467
1.4093399047851562
1.8502397537231445
1.9309176206588745
2.2471041679382324
2.6062602996826172
2.6010324954986572
2.4739713668823242
2.2810599803924561
1.4144620895385742
0.30261895060539246
0
0
0
0
0
0
0
0
0.19441747665405273
0.73380184173583984
1.6540141105651855
2.0352578163146973
1.6538996696472168
1.7111082077026367
2.0683062076568604
2.4401431083679199
2.4963669776916504
2.5241968631744385
2.3894307613372803
2.3795135021209717
1.9967554807662964
1.4378573894500732
0.54962027072906494
0
0
0
0
0
0
0
0
0
0.16498006880283356
0.55913221836090088
1.0856223106384277
1.5710488557815552
1.6224977970123291
1.9529252052307129
2.2504053115844727
2.4360911846160889
2.4642796516418457
2.4155521392822266
2.1214852333068848
1.7384703159332275
1.3531503677368164
0.56496435403823853
0
0
0
0
0
0
0
0
0
0
0.073815971612930298
0.3738332986831665
0.84923630952835083
1.1796243190765381
1.2559628486633301
1.4172166585922241
1.6708180904388428
1.8434914350509644
1.7741755247116089
1.7031949758529663
1.4421358108520508
0.86468136310577393
0.38522383570671082
0.040651053190231323
0
0
0
0
0
0
0
0
0
0
0.016320915892720222
0.17633898556232452
0.48910710215568542
0.7844657301902771
1.0299413204193115
1.1041003465652466
1.1693806648254395
1.1869205236434937
1.0289047956466675
0.83109176158905029
0.5621337890625
0.10250314325094223
0
0
0
0
0
0
0
0
0
0
0
0
0
0.032641831785440445
0.12796255946159363
0.30645504593849182
0.58212029933929443
0.83902245759963989
0.95480537414550781
0.75020289421081543
0.47572660446166992
0.29389649629592896
0.11075057089328766
0
0
0
0
0
0
0
0
0
0
0
0
0
0
0
0
0.037906646728515625
0.15339095890522003
0.30251899361610413
0.37167680263519287
0.25932222604751587
0.11590476334095001
0.012390492483973503
0
0
0
0
0
0
0
0
0
0
0
0
0
0
0
0
0
0
0
0.010007903911173344
0.14350330829620361
0.32966983318328857
0.39407747983932495
0.22896404564380646
0.017004303634166718
0
0
0
0
0
0
0
0
0
0
0
0
0
0
0
0
0
0
0.034059852361679077
0.26843222975730896
0.55727124214172363
0.68510186672210693
0.33830302953720093
0
0
0
0
0
0
0
0
0
0
0
0
0
0
0
0
0
0
0.019105998799204826
0.20496626198291779
0.56632673740386963
1.0796140432357788
0.97751545906066895
0.22226312756538391
0
0
0
0
0
0
0
0
0
0
0
0
0
0
0
0
0
0.10007903724908829
0.24394044280052185
0.46316561102867126
1.1029634475708008
1.4270809888839722
1.0549821853637695
0.11235007643699646
0
0
0
0
0
0
0
0
0
0
0
0
0
0
0
0
0
0.23415076732635498
0.52795290946960449
0.90541970729827881
1.4123231172561646
1.3446295261383057
1.1315834522247314
0.41779503226280212
0
0
0
0
0
0
0
0
0
0
0
0
0
0
0
0
0.16558532416820526
0.46721851825714111
1.0223656892776489
1.2878614664077759
1.2995003461837769
0.8486102819442749
0.91518265008926392
0.30436965823173523
0
0
0
0
0
0
0
0
0
0
0
0
0
0
0
0.05731799453496933
0.2479083240032196
0.95902454853057861
1.4319472312927246
1.3412894010543823
1.0297069549560547
0.60297489166259766
0.46899637579917908
0.062974222004413605
0
0
0
0
0
0
0
0
0
0
0
0
0
0
0.029113903641700745
0.23289553821086884
0.63907784223556519
1.4442574977874756
1.6219207048416138
1.2550415992736816
0.78403127193450928
0.30633798241615295
0.040751401335000992
0
0
0.27332079410552979
0.31722146272659302
0
0
0
0
0
0
0
0
0
0
0
0.034817568957805634
0.35521712899208069
1.1112741231918335
1.6184413433074951
1.3695305585861206
0.92808198928833008
0.30837807059288025
0
0
0
0.15271340310573578
0.82873576879501343
1.2912049293518066
0.71133798360824585
0
0
0
0
0
0
0
0
0
0
0.066923096776008606
0.62659716606140137
1.4885740280151367
1.5952000617980957
1.2083866596221924
0.33052912354469299
0
0
0
0
0.26081272959709167
0.96815723180770874
1.5738750696182251
1.3880456686019897
0.65643131732940674
0
0
0
0
0
0
0
0
0
0.10776962339878082
0.89973914623260498
1.6792925596237183
1.4274305105209351
0.93441092967987061
0
0
0
0
0
0.051449276506900787
0.6628882884979248
1.4125038385391235
1.7682901620864868
1.3669893741607666
0.02930237352848053
0
0
0
0
0
0
0
0
0.22790193557739258
1.1174700260162354
1.8790055513381958
1.5688691139221191
0.41730117797851562
0
0
0
0
0
0
0.41837078332901001
1.2438228130340576
1.9851261377334595
1.8013170957565308
0.46694660186767578
0
0
0
0
0
0
0
0
0.30492666363716125
1.2876659631729126
1.8971713781356812
1.259119987487793
0
0
0
0
0
0.012710845097899437
0.070742517709732056
0.39882034063339233
1.2126308679580688
1.9265216588973999
1.8281667232513428
0.60061377286911011
0
0
0
0
0
0
0
0
0.41046392917633057
1.4533127546310425
1.8359988927841187
0.87942212820053101
0
0
0
0
0
0.13177026808261871
0.3436988890171051
0.66662418842315674
1.4105674028396606
1.6372255086898804
1.3047864437103271
0.18526534736156464
0
0
0
0
0
0
0
0
0.60270237922668457
1.5758427381515503
1.747099757194519
0.71831262111663818
0
0
0
0
0.16558532416820526
0.34356036782264709
0.66317152976989746
1.094710111618042
1.3907644748687744
1.1598061323165894
0.74652212858200073
0
0
0
0
0
0
0
0
0
0.75690752267837524
1.6815123558044434
1.8296360969543457
0.77915412187576294
0
0
0
0.43529605865478516
0.44468399882316589
0.73458433151245117
1.0064635276794434
1.2070325613021851
1.0808781385421753
0.59570342302322388
0.090929478406906128
0
0
0
0
0
0
0
0
0
0.7115095853805542
1.6596879959106445
1.8871334791183472
0.9373089075088501
0
0
0
0.43278366327285767
0.50484383106231689
0.68194305896759033
0.88140285015106201
0.91041815280914307
0.62524658441543579
0.35587531328201294
0
0
0
0
0
0
0
0
0
0
0.63411432504653931
1.4858949184417725
1.8753119707107544
1.0839459896087646
0
0
0
0.31823477149009705
0.41806384921073914
0.38781726360321045
0.40308517217636108
0.48967286944389343
0.31890252232551575
0
0
0
0
0
0
0
0
0
0
0
0.49931776523590088
1.1411561965942383
1.6995875835418701
1.3512172698974609
0.53640985488891602
0.023439615964889526
0.086757868528366089
0.17470487952232361
0.31587320566177368
0.21450063586235046
0.24031540751457214
0.11980098485946655
0
0
0
0
0
0
0
0
0
0
0
0
0.29938191175460815
0.89750486612319946
1.4402520656585693
1.3289656639099121
1.0897259712219238
0.54847812652587891
0.4961417019367218
0.47743043303489685
0.36361843347549438
0.18775619566440582
0
0
0
0
0
0
0
0
0
0
0
0
0
0
0.10825509577989578
0.5677376389503479
1.0370893478393555
1.2528854608535767
1.2889944314956665
1.0031583309173584
0.79317659139633179
0.37074774503707886
0.13033886253833771
0
0
0
0
0
0
0
0
0
0
0
0
0
0
0
0.020168501883745193
0.23765033483505249
0.53201115131378174
0.98794573545455933
1.1606950759887695
1.1372618675231934
0.99165356159210205
0.53900694847106934
0.28429430723190308
0.041740722954273224
0
0
0
0
0
0
0
0
0
0
0
0
0
0
0
0.040337003767490387
0.12946024537086487
0.40518590807914734
0.71180933713912964
0.91555815935134888
0.7802700400352478
0.51041942834854126
0.44142609834671021
0.29219514131546021
0.1182030513882637
0
0
0
0
0
0
0
0
0
0
0
0
0
0
0
0
0.046842973679304123
0.15625926852226257
0.35443449020385742
0.4619048535823822
0.4031464159488678
0.20387032628059387
0.041283465921878815
0.038663730025291443
0.0023846738040447235
0
0
0
0
0
0
0
0
0
