22
21
22
21
21
21
22
22
22
22
22
21
21
21
21
22
21
22
22
21
21
22
22
22
22
22
21
21
22
21
21
21
21
21
21
22
22
22
21
22
21
22
21
22
22
22
22
21
22
21
22
22
21
23
22
22
21
21
22
22
22
21
21
21
22
21
22
21
21
22
21
21
22
22
21
21
22
22
21
22
21
21
22
22
21
21
21
21
21
21
22
21
21
21
22
21
21
22
22
21
20
21
21
21
22
22
22
21
21
21
22
21
21
21
21
21
21
21
22
21
21
21
22
22
21
21
21
22
22
21
22
21
21
22
21
21
22
21
22
21
21
21
22
22
22
21
21
21
21
21
21
21
22
22
21
22
21
22
22
21
21
21
22
20
22
22
21
22
22
21
21
22
22
22
22
21
21
21
22
21
21
18
3
5
21
20
21
22
21
22
22
22
22
21
21
21
21
22
22
22
22
21
21
21
22
21
22
22
1
1
18
11
3
19
21
21
21
22
22
22
22
22
21
21
21
21
22
22
22
22
21
21
21
21
12
1
21
22
20
19
2
3
16
13
22
20
21
21
22
22
21
22
20
21
21
21
21
21
21
21
20
2
5
21
22
21
21
20
1
2
2
8
22
21
22
21
21
22
22
21
21
21
21
21
22
21
21
21
6
2
21
22
21
22
21
19
17
4
1
2
23
22
22
21
21
22
22
22
21
21
21
21
21
21
21
19
0
5
21
20
21
21
21
20
20
18
2
3
22
22
22
22
21
22
20
22
21
21
21
21
22
22
21
20
3
3
17
20
21
22
21
20
3
2
3
7
21
21
21
21
22
22
21
22
21
21
21
21
21
21
21
21
20
2
2
1
1
0
1
0
8
18
2
11
21
22
21
21
21
22
21
21
21
21
21
22
21
22
21
21
21
21
20
20
21
21
21
21
20
18
1
14
22
22
21
22
22
22
21
21
22
20
21
21
21
21
21
21
21
22
21
22
21
21
22
20
21
19
3
16
21
21
22
22
21
22
22
22
21
21
22
22
21
22
21
21
20
21
21
21
21
21
21
22
21
17
4
17
21
21
22
21
21
21
22
21
21
21
20
21
21
21
21
21
21
22
21
22
22
21
22
21
21
16
3
18
21
21
22
21
21
22
21
22
21
22
21
21
22
21
21
21
21
22
22
21
22
22
21
22
20
6
2
21
21
21
22
21
22
21
22
21
21
21
22
21
21
21
21
21
21
21
21
21
22
22
21
22
21
0
2
22
22
22
22
22
22
21
22
22
21
21
21
21
22
22
21
21
22
21
20
21
21
22
22
21
19
0
2
21
22
23
22
21
22
21
22
22
21
22
21
22
21
21
20
21
21
21
21
21
22
22
21
21
19
1
14
22
22
21
21
21
21
21
21
21
21
21
22
21
21
21
21
21
21
21
21
21
22
21
22
21
21
21
22
22
22
21
22
22
22
21
21
21
20
21
22
21
22
21
22
21
21
21
21
21
22
21
21
22
21
22
21
22
22
22
21
22
22
21
20
21
21
21
21
21
21
22
22
22
21
21
21
21
22
22
21
21
21
22
21
21
22
22
22
21
21
21
21
22
21
21
21
22
21
21
22
22
21
22
21
21
22
22
22
21
22
21
21
22
21
22
22
21
22
21
21
21
20
21
21
21
21
21
22
21
21
21
21
22
21
21
21
22
22
21
21
21
21
21
20
22
21
21
21
21
21
21
20
21
21
21
21
21
22
21
22
21
21
21
21
20
20
21
21
21
21
21
21
21
22
21
20
22
