20
20
20
19
20
20
20
19
19
20
20
20
20
20
20
21
19
20
20
20
20
19
20
20
20
20
20
19
20
20
20
21
20
21
20
20
21
21
20
20
20
20
20
20
20
20
20
20
19
19
20
20
20
20
19
19
20
19
19
20
20
20
20
20
20
20
20
19
20
19
19
20
19
19
19
19
19
19
19
20
19
19
19
19
20
20
19
20
20
19
20
20
21
20
20
21
19
20
21
20
20
20
20
19
20
19
19
20
19
19
20
20
20
21
19
20
20
20
20
20
20
19
20
20
20
20
20
19
20
18
20
20
19
19
20
21
20
20
20
19
20
20
20
20
20
19
20
20
19
20
20
19
21
20
20
20
20
19
20
20
19
18
19
19
19
20
18
20
20
20
19
20
20
20
20
19
20
20
20
21
21
19
21
19
20
19
19
19
20
19
20
18
19
19
20
20
20
20
19
21
20
20
20
19
19
20
20
20
20
13
6
19
19
20
19
18
20
20
20
20
19
20
20
21
20
20
20
19
20
20
20
20
20
20
0
1
0
4
9
2
18
15
1
19
19
20
19
19
19
19
20
20
20
19
19
20
19
19
20
21
20
1
1
15
19
20
19
9
1
0
1
20
18
20
20
20
19
20
19
20
20
20
20
20
20
21
18
20
0
1
19
20
20
20
20
17
1
1
1
19
20
20
19
20
20
19
20
19
20
19
20
21
20
20
20
20
1
0
20
20
19
20
20
20
1
2
0
21
20
20
20
20
20
20
20
20
20
21
19
21
20
20
20
20
1
1
20
19
19
19
19
1
2
1
1
20
19
19
19
19
19
21
20
19
20
20
20
20
20
20
21
19
1
1
19
20
21
12
1
1
20
9
1
19
20
20
19
19
19
20
19
20
21
19
20
20
20
21
20
22
18
2
0
1
1
1
1
20
19
14
2
19
20
19
20
20
19
19
20
20
21
20
20
20
20
20
20
20
19
18
7
0
15
19
19
18
20
19
1
12
19
19
20
19
19
20
20
20
20
20
21
20
21
20
20
19
20
20
20
20
19
20
20
20
20
19
1
7
20
20
20
19
20
20
19
18
20
20
21
20
20
20
20
20
20
19
19
20
20
18
18
20
20
20
1
1
19
18
18
20
20
20
20
19
21
20
20
20
21
20
20
20
21
20
20
21
20
20
20
19
19
20
1
0
20
20
19
20
20
20
20
20
19
20
21
20
21
20
20
21
20
20
21
21
19
20
20
21
20
17
2
3
20
20
19
20
20
19
19
19
20
20
20
20
21
20
20
21
21
20
19
20
20
20
20
21
19
21
17
20
20
19
20
20
19
19
20
19
19
20
19
20
21
20
20
20
20
20
19
20
20
21
20
19
20
21
19
20
21
19
20
20
19
20
19
20
20
20
21
20
19
20
20
20
21
20
20
20
21
20
21
20
21
19
20
20
20
20
20
20
19
20
19
20
19
21
20
20
21
20
19
20
20
21
20
20
19
20
20
19
20
20
20
19
20
20
19
18
20
20
20
20
20
20
20
20
20
20
20
20
20
20
20
20
20
20
20
20
21
20
20
21
19
19
19
20
20
19
19
19
20
20
21
21
20
21
20
21
19
19
19
20
20
20
20
20
21
21
20
19
20
20
19
20
21
19
20
20
20
21
21
20
21
20
21
20
20
20
20
20
21
20
20
20
21
20
20
19
20
19
20
19
20
20
19
20
21
20
20
20
19
20
20
20
20
19
20
20
20
20
20
20
21
19
20
19
19
20
19
20
20
18
20
20
