20
19
20
19
20
20
20
20
20
19
20
19
19
20
20
19
20
20
20
19
18
20
19
20
19
19
20
20
19
20
20
20
20
20
20
20
19
20
19
19
19
19
19
20
20
20
20
20
19
19
19
20
19
20
19
20
19
20
19
20
19
20
20
20
20
20
19
18
19
20
20
20
20
20
20
20
21
18
19
19
19
21
20
20
20
20
20
19
21
20
20
20
20
19
20
19
20
21
20
20
20
20
19
21
18
20
20
21
20
20
20
19
19
20
20
19
20
20
20
20
19
20
20
20
19
19
20
19
19
21
20
20
20
19
19
19
20
20
19
20
20
20
20
19
20
18
20
19
20
20
20
20
18
0
1
0
1
19
19
19
20
20
20
19
20
20
19
20
20
20
20
19
19
20
19
19
20
19
18
14
1
8
20
18
3
1
18
19
20
20
19
20
20
20
20
20
19
20
20
20
20
20
20
20
20
19
5
1
19
19
19
19
19
2
17
19
19
19
20
20
20
20
20
20
20
20
20
19
20
21
20
20
19
1
2
20
19
19
20
20
11
1
1
0
19
20
20
20
20
20
20
20
20
19
20
19
20
19
19
20
6
0
20
21
19
20
18
19
1
2
1
15
18
20
19
20
20
20
20
20
19
20
20
20
19
19
19
21
1
2
19
20
20
20
19
20
0
2
0
18
19
18
19
19
19
20
20
20
19
20
21
20
18
20
20
19
19
0
0
20
22
19
5
1
1
2
0
19
18
18
20
20
20
20
19
20
20
19
20
20
20
20
20
21
20
20
2
1
2
1
0
15
19
0
1
19
20
20
18
19
19
20
20
20
19
20
19
19
19
20
20
20
20
20
20
18
19
20
20
20
20
0
0
18
20
20
20
20
20
20
19
19
20
20
20
21
20
20
20
20
20
20
19
20
20
21
20
20
20
1
0
18
19
19
19
19
21
20
20
21
20
20
19
20
20
19
19
19
20
20
19
20
20
20
20
20
20
3
4
19
20
19
19
20
20
20
20
21
20
19
18
21
19
19
19
19
20
20
18
20
19
20
19
19
21
2
10
20
20
19
20
19
20
18
20
19
20
19
20
20
20
19
20
21
20
20
20
20
20
20
20
20
19
3
14
19
19
20
19
20
19
19
20
20
20
19
20
20
19
19
20
20
19
19
20
20
21
20
19
20
16
2
17
19
19
20
18
20
20
19
20
20
20
19
19
20
21
20
20
20
21
20
19
20
19
20
20
19
16
3
14
20
19
20
20
20
19
19
19
20
20
20
19
21
21
20
20
20
20
20
20
20
20
20
20
20
21
15
19
19
19
20
20
20
20
19
20
20
20
20
20
19
20
20
20
20
20
20
20
20
19
20
20
20
19
19
20
20
20
20
20
20
20
19
20
20
19
20
19
19
20
19
19
20
20
20
19
19
20
20
19
19
19
19
20
20
20
19
20
20
20
20
20
20
20
20
20
20
19
19
19
19
20
19
20
19
19
20
20
19
20
20
20
20
19
19
20
20
19
20
19
20
20
20
20
21
20
21
20
20
20
21
20
20
20
20
19
19
20
19
20
20
20
20
20
20
20
20
21
21
20
20
20
21
18
20
19
20
21
20
19
20
20
20
20
20
20
19
20
19
20
19
20
20
20
20
20
20
19
19
20
21
18
20
19
20
21
20
20
20
19
19
20
20
20
20
20
19
20
20
20
20
19
19
19
21
20
20
20
21
20
20
20
20
20
20
20
20
20
20
20
20
21
21
21
20
20
20
20
20
20
20
20
21
