22
21
21
22
21
21
21
22
21
21
21
21
22
21
21
21
21
21
20
21
20
21
21
21
21
20
21
21
21
22
21
20
21
21
21
21
22
21
21
20
21
20
20
21
21
21
21
21
21
20
20
21
21
21
21
21
22
22
22
21
21
21
21
21
21
21
20
21
20
20
21
21
21
21
21
21
21
21
20
21
21
21
19
21
21
20
21
21
22
21
21
21
21
20
21
19
22
21
21
21
21
21
21
21
21
21
21
21
21
21
20
20
21
21
21
21
21
21
20
21
21
21
20
21
21
20
21
21
20
20
21
20
20
21
21
20
21
21
19
20
21
21
20
21
21
21
20
21
21
22
21
21
20
21
20
21
20
20
21
21
21
21
21
21
22
21
20
21
22
22
20
21
21
22
21
22
22
21
21
21
21
20
19
22
20
20
21
21
22
20
20
22
21
22
20
20
22
21
21
21
21
22
20
21
20
21
21
21
3
0
1
20
21
21
20
20
22
21
21
21
20
20
20
21
22
21
21
20
21
21
21
21
23
21
7
1
12
20
8
2
6
21
22
21
22
20
20
21
21
21
21
21
22
21
21
21
21
21
22
21
22
10
0
21
21
21
20
0
1
1
1
21
21
21
21
22
21
21
21
21
21
21
21
21
21
21
21
21
5
1
20
21
21
21
20
0
0
1
1
21
21
21
20
22
21
21
22
21
21
21
20
21
21
21
21
19
3
5
21
20
20
16
5
11
19
2
0
21
21
20
21
21
21
20
19
20
21
22
20
20
21
21
20
21
3
11
20
20
20
21
21
16
1
0
0
19
20
21
20
21
21
21
20
20
21
20
21
22
21
22
20
20
1
1
21
21
21
19
1
1
9
14
2
20
21
22
21
21
21
21
21
21
22
21
21
21
21
22
21
21
21
0
1
0
1
2
1
20
21
18
2
18
20
21
21
21
21
21
21
21
21
21
22
21
21
21
20
21
21
20
21
4
17
18
19
20
21
20
2
14
21
21
20
21
21
21
21
21
21
21
21
20
21
20
22
21
21
21
21
21
21
21
20
21
21
21
2
9
21
21
20
21
21
21
20
21
21
21
22
21
22
22
22
21
21
21
21
21
20
21
21
20
20
21
2
7
20
20
20
21
21
21
20
21
22
21
21
21
22
22
21
21
20
21
21
21
21
20
21
20
22
1
3
6
21
20
21
22
22
21
20
21
21
21
21
20
20
20
21
21
21
21
20
22
23
21
22
20
22
7
1
5
20
21
21
21
20
21
20
20
22
21
22
21
21
22
21
21
22
20
20
22
21
20
22
21
23
21
0
17
21
22
21
21
21
21
20
21
21
22
21
21
21
21
21
20
21
21
22
21
21
21
21
21
21
22
20
21
21
21
21
22
21
20
21
21
21
21
20
21
21
21
21
21
21
21
21
21
21
21
21
21
21
20
21
21
22
20
21
21
21
21
21
21
22
22
21
21
19
21
21
21
21
20
21
21
22
21
21
22
22
21
21
21
21
21
22
21
21
20
22
21
21
21
21
21
22
21
21
22
22
21
22
21
22
22
21
21
21
21
22
21
21
21
21
21
21
21
21
22
22
21
21
21
21
21
21
21
21
21
21
21
22
21
21
20
21
21
21
22
21
21
22
21
20
20
22
21
21
21
20
21
21
22
21
22
21
21
21
21
22
21
22
22
21
21
22
21
21
21
20
21
21
20
20
21
21
22
22
20
21
21
21
21
21
22
21
21
22
21
21
21
21
21
21
21
21
21
20
22
21
21
20
21
