20
20
21
21
21
21
21
21
20
21
21
21
21
21
21
21
21
21
21
21
21
21
21
22
21
21
21
21
20
20
20
21
21
21
21
20
21
20
22
21
21
21
20
21
21
21
21
21
20
21
21
21
21
22
21
20
20
21
21
21
21
21
21
20
20
21
21
21
21
21
20
20
21
21
21
21
20
21
21
21
21
21
21
20
21
21
20
21
21
20
21
21
21
21
20
20
21
21
20
20
21
20
21
21
21
21
21
21
21
21
21
20
21
20
21
21
21
21
21
21
21
21
21
20
21
20
20
21
20
21
21
20
21
21
21
21
20
21
21
20
20
21
21
21
21
21
21
20
20
20
20
20
21
21
21
20
21
21
21
21
21
21
21
20
21
21
20
21
20
20
20
21
21
21
21
20
21
20
21
21
20
21
21
19
19
20
20
21
21
20
20
21
20
20
20
21
20
20
21
21
21
20
20
20
20
20
21
21
21
8
1
2
1
1
5
21
21
21
20
21
21
20
21
20
20
21
21
21
20
21
20
20
20
21
20
20
0
1
6
19
20
13
4
11
21
21
21
21
21
21
20
21
21
20
21
21
21
21
21
20
21
20
18
1
5
22
20
21
19
13
2
6
21
21
20
21
20
21
21
21
20
20
20
20
20
20
21
21
20
14
2
14
20
20
20
20
20
18
2
6
21
21
21
21
21
21
21
21
20
20
21
20
20
20
21
19
15
4
16
21
20
20
20
20
19
19
2
5
20
21
20
20
21
21
21
21
21
20
21
19
20
21
21
19
2
5
21
20
20
20
20
20
19
2
2
6
21
20
21
21
21
21
21
21
20
20
21
20
21
20
20
19
11
3
11
19
20
20
18
6
0
1
2
7
21
21
21
21
21
21
21
21
20
20
21
20
21
21
21
19
19
11
1
1
2
1
1
0
3
18
2
6
21
21
21
20
20
20
21
20
21
20
20
20
20
20
20
20
21
20
19
19
19
20
20
20
20
17
2
10
21
21
21
21
20
21
21
20
20
21
21
21
20
21
21
21
20
21
21
20
21
20
20
20
19
18
3
12
20
21
21
21
21
22
21
21
21
21
20
20
21
20
20
20
20
20
20
20
21
21
20
20
18
11
3
13
20
21
21
21
21
21
21
21
20
20
21
20
21
20
21
21
21
20
20
20
20
20
20
20
17
1
5
21
21
21
20
21
20
21
21
21
21
20
20
20
20
21
21
20
20
20
20
20
20
21
20
19
18
2
6
20
21
21
21
21
21
21
20
20
21
21
20
20
20
20
20
20
20
20
20
20
21
20
20
19
17
2
6
21
20
21
21
21
20
21
21
20
20
20
21
20
21
21
20
21
21
20
20
20
20
20
21
20
18
16
19
20
21
21
21
21
21
21
21
20
20
20
21
20
20
21
21
20
20
21
21
21
20
20
21
20
20
20
21
20
21
21
20
21
21
21
20
21
20
20
21
20
20
20
20
21
21
21
20
20
20
20
21
21
21
21
21
20
21
21
20
21
20
21
20
20
20
20
21
20
20
21
21
20
20
21
20
20
20
21
20
20
20
21
20
20
20
21
20
21
20
21
21
20
20
21
20
20
21
20
20
21
21
21
20
20
20
20
21
21
20
20
20
20
21
21
21
21
21
21
21
21
20
20
20
20
21
20
20
21
21
20
20
21
20
20
20
21
20
20
21
21
21
21
21
21
21
21
20
20
21
20
21
20
20
20
20
20
20
20
21
21
21
20
21
20
20
20
20
21
21
21
21
21
20
21
20
21
