18
18
18
18
19
18
18
19
18
18
19
19
19
19
19
19
20
19
19
19
19
20
19
19
20
19
20
20
18
18
18
18
18
18
18
18
19
19
18
19
19
18
19
19
19
19
19
19
19
19
19
19
20
19
19
19
18
18
18
18
18
18
18
18
18
18
19
18
19
19
19
18
19
19
19
19
19
19
19
19
19
19
19
19
18
18
18
18
18
18
18
18
18
18
19
18
18
19
18
18
19
18
19
18
19
19
19
19
20
19
20
19
18
18
18
18
18
18
18
18
18
18
18
18
18
18
19
19
18
19
19
18
19
19
19
19
19
19
19
19
18
18
18
18
18
18
18
18
18
18
18
18
18
17
7
8
19
18
19
19
18
19
19
19
19
19
19
19
18
18
17
18
18
18
18
18
18
18
18
18
1
1
14
2
20
19
18
19
18
19
19
19
19
19
19
19
18
18
17
18
18
18
18
18
17
18
18
15
1
15
15
2
18
17
19
18
19
19
19
18
20
19
19
19
17
18
18
18
18
18
18
19
18
18
16
1
17
17
16
2
7
2
14
19
18
19
19
19
19
19
19
19
18
18
18
18
18
18
18
18
17
18
1
9
18
13
0
11
1
3
19
18
18
19
19
19
19
19
19
19
18
18
18
18
18
18
18
18
18
14
4
18
17
17
15
1
2
12
19
18
19
19
18
19
19
19
19
19
17
18
18
18
18
18
18
18
18
12
3
17
18
4
1
12
3
18
18
19
18
18
18
18
19
19
19
19
18
18
18
18
18
18
18
18
17
18
15
11
13
16
17
5
8
19
18
19
18
19
18
19
19
18
19
19
18
18
18
18
18
18
18
18
18
18
18
18
18
18
17
1
15
18
18
18
18
19
18
19
19
18
19
18
18
18
18
18
18
18
18
18
18
18
18
18
18
18
15
3
19
18
18
19
18
18
18
18
18
18
18
19
18
18
18
18
18
18
18
18
18
17
18
18
18
17
12
4
18
18
18
18
19
19
19
19
19
19
18
19
18
18
18
18
18
18
18
18
18
18
18
17
18
17
2
6
19
18
18
18
19
19
19
19
17
18
19
18
18
18
18
18
18
18
18
18
18
19
18
18
17
17
2
12
18
18
19
18
18
18
18
19
18
19
18
18
18
18
18
18
18
17
17
18
18
18
18
18
18
14
5
17
18
18
18
19
18
18
18
19
18
18
18
18
17
18
17
18
17
17
17
17
18
18
18
17
17
12
8
18
18
18
18
18
18
18
19
19
18
18
18
18
18
17
17
17
17
17
18
18
18
18
18
18
17
10
7
18
18
18
18
18
17
18
18
18
18
18
18
18
17
17
17
17
17
17
18
17
18
17
18
18
18
3
12
18
19
18
18
18
18
18
18
18
18
18
18
19
17
18
17
17
18
17
17
18
18
18
17
18
18
13
19
18
18
18
18
18
18
18
18
18
18
18
17
18
17
17
17
17
17
17
17
18
18
17
17
17
18
18
18
18
18
18
18
18
18
18
18
18
18
18
18
18
17
17
17
17
17
18
18
18
18
17
18
18
18
18
18
18
18
18
18
18
18
18
18
18
18
18
18
18
18
17
18
17
17
18
18
17
18
18
18
18
18
18
17
18
18
18
18
18
18
17
18
18
18
18
18
18
17
18
17
17
18
17
17
17
18
18
17
18
18
18
18
18
17
18
17
18
18
18
19
19
18
18
18
18
16
17
17
17
17
18
17
17
17
17
17
17
17
17
18
17
17
18
18
18
18
18
18
17
18
17
18
18
