21
21
21
21
21
20
21
21
21
21
21
21
21
21
21
21
21
20
21
21
21
21
20
20
21
21
21
21
21
21
19
22
21
21
21
20
21
21
20
21
21
21
21
21
20
21
21
21
21
21
21
20
21
20
20
21
21
21
21
20
19
21
21
21
21
21
21
20
21
21
22
21
21
20
20
20
21
21
21
21
21
21
21
21
21
21
21
21
21
21
20
21
20
20
21
20
21
21
21
20
21
20
20
20
21
21
21
20
20
21
20
21
21
20
20
21
22
21
21
21
21
21
20
21
20
20
21
20
21
21
21
21
20
21
21
21
20
21
21
20
19
21
21
20
21
22
21
21
20
20
21
20
21
21
20
20
21
7
13
20
21
20
20
21
21
21
21
21
20
21
21
22
21
22
21
21
21
21
22
19
6
1
2
6
12
2
2
20
21
20
20
21
21
21
20
21
22
21
21
21
21
21
21
21
21
21
21
2
6
19
18
4
5
3
17
21
21
21
20
20
20
20
21
21
21
21
21
21
21
21
21
21
21
21
10
6
22
20
21
2
3
0
21
20
20
20
20
21
21
21
20
21
21
21
21
21
21
21
21
21
22
21
3
20
21
20
21
6
2
16
21
20
21
21
21
21
21
21
21
21
21
21
21
21
21
21
21
21
21
4
5
21
20
20
20
4
1
19
21
20
20
20
20
21
21
21
20
20
21
21
21
22
21
21
22
21
21
2
9
21
21
22
3
3
20
21
21
21
21
21
21
21
21
21
21
20
22
21
22
21
21
21
20
21
21
17
8
11
10
3
1
2
20
21
21
21
21
21
21
20
21
21
21
21
21
21
21
21
21
22
21
22
21
20
19
18
18
20
4
1
21
21
20
21
21
21
21
21
20
21
21
21
22
21
21
21
21
21
22
21
21
22
21
21
21
21
6
9
21
21
21
21
21
21
22
21
20
21
21
20
21
21
21
21
21
21
21
21
21
22
22
21
21
21
4
11
20
21
21
21
21
21
21
21
21
21
21
20
21
21
21
21
22
21
21
21
22
21
21
21
21
21
7
15
20
21
21
21
21
21
21
21
21
20
20
21
22
21
21
21
22
22
22
21
22
21
22
22
21
21
6
14
21
21
21
21
20
21
21
21
21
21
21
21
21
21
21
21
22
21
22
21
22
21
21
22
21
22
7
17
22
21
21
21
21
21
21
21
21
21
21
21
22
21
21
22
22
21
22
22
21
21
22
22
21
21
7
20
21
21
21
21
21
20
21
21
22
21
21
21
21
21
21
22
21
21
21
22
22
22
22
22
21
22
4
22
21
22
21
21
21
21
21
21
21
21
21
21
21
21
21
21
21
22
21
21
21
22
22
22
22
22
6
21
22
21
21
21
21
21
21
21
21
21
21
21
22
21
21
22
21
22
21
22
21
21
22
21
21
19
13
21
22
21
21
21
21
21
21
21
21
21
21
21
22
22
20
22
21
21
21
21
22
21
22
22
21
22
21
21
21
21
21
21
21
21
21
20
21
21
21
21
22
21
22
22
21
20
21
22
22
21
22
22
22
21
21
21
21
21
21
21
21
21
21
21
21
21
21
22
22
21
22
22
21
21
21
22
21
22
22
21
22
21
21
21
21
21
21
21
21
21
21
21
21
21
21
21
21
22
21
22
21
22
21
21
21
22
21
21
21
21
21
21
21
21
21
22
21
22
21
21
21
21
21
21
21
21
21
21
21
21
22
21
21
21
21
21
21
22
21
21
21
21
21
22
21
21
21
21
21
21
21
21
