21
22
22
21
21
21
22
21
22
22
21
21
22
21
21
21
21
22
21
21
21
21
21
22
21
21
21
21
22
22
21
21
21
22
21
21
21
21
21
21
21
21
21
21
21
21
21
21
21
22
21
21
21
21
21
21
21
21
21
21
21
21
22
21
21
21
21
21
22
21
21
21
21
20
21
21
21
21
21
21
21
22
21
21
21
21
22
21
22
21
21
21
21
21
22
21
21
21
21
21
21
21
21
21
21
21
21
21
21
21
22
21
22
21
21
21
21
22
21
21
22
21
21
22
21
21
20
21
21
21
21
21
21
21
21
21
21
21
21
21
21
22
21
21
22
22
22
21
21
22
22
22
21
21
21
22
21
12
21
21
21
21
21
21
21
22
21
21
22
21
21
21
22
21
22
21
22
22
21
22
23
13
9
17
1
3
11
21
21
21
21
21
22
21
21
21
21
21
22
22
22
22
22
22
21
21
22
22
4
5
17
5
4
2
18
20
22
21
21
22
21
21
21
21
21
22
21
21
22
22
21
22
21
22
21
2
15
21
19
2
3
2
21
22
22
21
21
21
21
22
21
21
21
21
21
21
22
21
21
21
21
21
8
1
19
21
21
6
2
15
21
21
20
21
21
21
21
21
21
21
22
21
21
22
21
21
21
21
21
21
3
19
21
21
21
1
2
21
21
21
22
21
21
21
21
21
20
20
21
21
22
22
21
21
21
22
22
12
3
22
21
19
2
3
6
21
21
21
21
21
21
21
21
21
21
21
21
21
21
21
22
22
21
22
21
15
5
9
6
2
18
1
13
22
21
21
21
21
21
21
21
21
21
21
21
21
21
22
21
21
21
22
22
21
19
18
20
20
21
3
12
22
21
21
21
21
21
21
21
21
22
22
21
21
21
22
21
21
21
21
22
21
21
21
22
21
21
3
14
21
21
21
21
21
21
22
21
21
22
21
21
21
21
21
21
21
21
22
21
21
21
21
21
22
21
2
17
22
22
21
22
21
21
22
21
21
20
21
21
21
21
20
21
21
21
21
22
21
21
22
22
22
21
3
19
21
22
21
22
22
21
22
21
21
21
21
21
21
22
21
21
21
21
21
21
21
22
21
22
22
21
3
16
22
21
21
22
21
21
22
22
22
21
21
21
21
21
21
21
21
22
22
21
21
22
21
21
21
21
8
13
22
21
21
22
22
22
22
21
20
22
22
21
22
21
22
21
22
21
21
21
22
22
22
22
22
21
13
13
21
22
22
22
22
21
23
22
21
21
21
21
21
21
21
21
22
21
21
22
22
22
22
22
22
22
16
9
22
22
21
21
22
21
22
22
22
22
22
21
21
22
21
22
22
21
21
21
21
21
21
22
22
21
18
9
22
22
22
22
22
22
22
22
23
22
22
21
21
21
21
22
21
21
21
21
22
22
21
22
22
21
20
8
22
22
22
22
22
22
22
21
21
22
22
21
21
21
21
21
21
21
21
21
21
22
22
21
21
21
21
21
22
22
21
22
21
22
22
21
21
23
22
21
21
21
21
22
21
22
21
21
21
21
21
21
21
21
21
22
22
22
22
21
21
21
21
22
21
22
21
22
20
22
21
21
21
21
21
21
21
22
21
21
21
21
21
22
22
21
22
21
22
22
22
22
22
22
22
20
20
20
20
20
21
21
21
21
20
21
21
21
21
21
21
21
21
21
21
22
23
22
22
22
22
21
22
21
21
21
21
22
21
21
21
21
21
21
21
21
21
21
22
21
21
22
22
21
22
22
22
22
22
22
22
