20
20
20
20
21
20
21
21
21
21
21
21
20
21
21
21
21
21
21
21
21
21
21
21
21
21
21
21
20
20
20
21
21
21
21
21
21
21
21
21
20
21
21
21
21
21
21
21
21
21
21
21
21
21
21
20
20
20
20
21
20
21
21
21
21
21
21
21
20
21
21
20
20
21
21
21
21
21
21
21
22
21
20
21
20
20
21
21
20
21
21
20
20
20
21
21
21
21
21
20
21
21
21
20
21
21
21
21
21
21
21
21
20
20
20
21
20
20
21
20
20
21
20
21
21
20
21
21
21
21
21
21
21
21
21
21
21
20
21
21
20
20
20
20
21
20
20
21
20
21
20
21
21
21
20
21
21
20
21
21
21
21
21
21
21
21
21
21
20
20
20
20
20
20
20
21
20
21
21
20
21
15
3
4
8
12
18
21
21
21
21
21
21
21
21
21
20
20
20
20
20
20
21
20
21
21
20
20
2
6
20
19
1
2
14
21
21
21
21
21
21
21
21
21
19
19
20
20
20
20
20
20
20
20
20
2
6
20
21
19
1
3
20
21
21
20
21
21
21
20
21
21
20
20
19
20
21
20
20
21
20
20
2
8
19
20
20
8
3
15
20
21
21
20
21
21
21
21
22
21
20
19
20
19
19
20
20
20
20
14
3
20
20
21
16
2
4
20
20
21
21
21
21
21
21
21
21
21
19
20
19
20
20
20
20
20
20
5
9
21
20
18
2
2
5
20
21
21
21
20
21
21
21
21
21
21
20
19
19
19
19
20
19
20
20
13
5
5
4
1
17
4
5
20
21
20
20
21
21
21
22
21
21
21
20
19
20
19
20
19
19
20
20
20
19
18
19
20
20
3
6
21
21
21
21
21
21
20
21
21
22
21
19
19
20
20
20
20
19
20
20
20
20
20
20
21
20
1
9
20
20
20
21
21
21
21
21
21
21
21
19
19
19
19
19
20
19
20
20
20
20
20
20
20
19
2
13
20
21
21
21
21
21
20
21
21
21
21
19
19
19
19
19
19
19
20
20
20
20
20
20
20
19
1
13
21
20
20
21
20
21
21
21
21
21
21
19
19
19
19
20
19
19
20
19
20
20
20
20
20
19
2
12
20
21
21
20
20
20
20
21
21
21
22
19
19
20
19
19
19
19
20
20
20
20
20
20
20
19
4
14
21
20
21
20
21
20
21
21
21
20
21
19
19
19
19
20
19
19
19
20
20
19
20
20
20
19
2
12
20
20
21
20
20
20
21
21
21
20
21
19
19
19
18
19
19
19
20
20
19
20
19
19
20
19
7
10
21
20
20
20
20
21
21
21
21
21
20
19
19
19
19
19
19
19
19
19
19
20
20
19
19
19
14
9
21
20
20
20
21
21
20
20
21
21
21
19
19
19
19
20
19
19
20
19
19
19
20
20
20
19
18
19
20
20
20
20
20
20
20
21
21
20
21
19
19
19
19
19
19
19
19
19
20
19
20
19
20
19
20
20
20
20
20
20
20
20
20
21
21
21
20
19
19
19
19
19
19
19
19
19
19
19
19
20
19
19
19
20
20
20
20
20
20
20
20
21
20
21
21
18
19
19
19
19
19
19
18
19
20
19
19
19
19
19
19
20
20
19
19
20
20
20
20
20
20
21
20
19
19
19
19
19
19
19
19
19
19
19
19
19
19
19
19
20
20
20
19
19
20
20
20
21
20
20
21
19
19
19
19
19
19
19
19
19
19
19
19
19
19
19
19
20
19
19
20
20
19
20
20
20
20
20
21
