26
25
26
25
27
25
27
26
25
26
25
26
26
25
26
25
26
26
25
25
26
26
26
25
25
26
26
26
26
26
26
25
26
26
26
26
25
26
25
25
26
26
26
26
26
26
26
26
26
27
26
26
25
26
26
26
26
26
25
25
25
26
26
25
26
26
26
26
27
25
26
26
25
25
26
25
25
25
25
26
26
26
25
25
26
25
26
25
26
25
25
26
26
26
26
26
26
25
25
26
26
26
26
26
26
26
26
25
26
26
25
26
25
25
26
26
26
25
26
26
26
26
26
25
26
25
26
26
26
25
25
26
26
26
26
26
26
26
25
25
26
25
25
25
26
25
25
26
26
25
26
25
25
25
26
26
26
25
26
26
26
26
26
26
26
25
26
25
26
26
25
26
26
25
25
25
25
25
26
26
25
25
25
26
25
26
26
25
25
26
27
26
25
25
26
25
25
26
25
25
26
26
26
25
25
25
25
25
25
25
25
26
25
26
25
25
26
26
26
26
25
26
25
25
25
25
25
26
25
25
25
25
25
25
25
27
28
26
25
25
25
26
26
25
26
25
26
26
26
25
26
25
26
24
25
25
26
25
25
25
25
9
13
11
11
13
24
25
25
26
25
25
25
25
26
26
27
26
25
26
25
26
26
26
25
25
24
25
26
12
7
25
24
26
10
26
25
25
25
26
25
26
27
25
26
26
25
26
25
24
26
26
26
26
25
25
25
12
4
25
25
28
10
28
26
26
26
26
25
25
25
25
25
25
26
25
26
25
26
26
26
26
26
26
25
16
12
25
28
12
11
27
26
25
25
25
26
26
26
25
26
26
25
25
25
25
25
26
26
25
26
25
26
26
10
11
12
10
12
27
25
25
26
25
25
25
25
25
25
25
25
27
25
25
25
26
26
26
26
25
26
25
25
25
25
27
12
27
26
26
25
25
26
25
25
25
25
26
26
25
26
25
25
26
26
26
26
25
26
26
26
26
25
28
12
26
26
26
25
25
25
26
25
26
24
26
26
25
26
25
25
26
25
25
25
26
26
26
26
25
25
26
12
26
25
26
26
25
26
25
25
25
25
25
25
25
25
25
25
25
25
25
26
26
26
26
26
26
25
9
6
26
26
26
25
25
25
25
25
25
25
25
25
25
25
26
26
25
25
26
25
26
26
26
26
25
25
7
26
26
25
26
25
26
25
26
25
25
25
26
25
25
25
26
25
26
25
26
26
25
25
25
25
25
25
7
29
26
25
26
26
25
25
25
25
25
25
26
25
25
25
25
26
25
26
25
25
26
26
26
26
25
25
22
25
26
25
25
26
26
25
25
25
25
26
26
25
25
26
26
26
25
25
26
26
25
26
25
25
25
26
26
26
25
26
25
26
25
25
25
25
25
25
25
25
25
25
25
26
26
26
25
24
25
25
25
25
26
25
24
26
26
25
26
25
25
25
25
25
26
25
25
25
25
25
26
26
26
26
25
26
25
26
25
25
26
26
26
26
26
26
26
26
25
25
26
25
26
26
26
25
26
26
25
25
26
26
25
25
26
26
25
25
26
27
25
26
25
25
25
26
26
25
25
25
25
26
26
26
26
26
25
25
26
26
26
26
26
26
26
26
25
26
26
26
25
25
26
26
25
26
25
25
26
26
25
25
25
26
26
25
26
25
25
25
25
26
26
25
26
25
25
25
25
25
26
25
26
25
26
25
25
25
25
25
25
25
25
25
26
26
25
25
26
25
25
26
25
26
25
25
25
25
25
25
25
25
25
25
25
25
25
26
25
