25
26
25
26
26
26
26
26
27
26
26
26
26
26
26
26
26
27
27
26
26
27
26
26
26
27
26
26
26
25
25
25
26
26
26
26
26
25
26
26
26
27
26
26
26
26
27
26
27
26
28
26
27
26
26
26
26
25
26
26
26
26
26
26
26
25
26
26
25
26
26
25
26
25
25
26
26
26
26
26
25
26
26
26
26
26
26
26
26
26
26
25
26
26
26
26
26
26
27
26
26
25
27
26
25
26
26
26
26
26
26
26
26
26
26
27
26
26
26
26
26
25
26
26
26
26
26
26
26
27
27
26
26
26
26
26
27
27
26
26
25
25
26
25
25
25
26
26
25
25
26
25
26
26
26
26
26
26
26
26
26
26
26
26
27
27
26
26
25
27
26
25
26
25
25
26
26
26
7
9
8
19
26
26
26
26
26
26
26
26
26
26
27
26
25
25
25
26
25
25
26
25
25
27
7
10
27
27
24
7
11
18
26
26
26
25
26
26
26
26
25
26
26
25
26
25
25
25
26
26
25
9
11
27
26
25
25
24
7
9
25
26
26
26
26
26
26
27
27
25
25
26
27
26
26
25
26
26
26
10
7
25
26
26
25
25
25
26
26
26
26
26
25
25
26
26
26
26
27
26
26
25
26
26
26
26
26
10
7
26
26
27
9
11
29
26
26
26
26
25
26
26
26
26
26
27
26
26
25
26
25
25
26
25
25
11
8
25
28
7
11
10
29
24
26
26
26
25
26
24
26
26
26
26
26
27
26
26
26
26
25
25
26
23
11
11
12
2
20
10
30
26
26
27
27
26
26
25
26
26
26
25
27
26
26
25
25
26
25
25
25
26
25
25
24
25
16
11
29
26
26
26
26
26
26
25
26
25
26
26
26
27
27
27
26
26
26
26
26
25
26
25
25
25
10
11
26
26
26
26
26
26
25
26
25
26
25
25
25
26
27
24
25
25
26
25
26
24
24
25
25
25
14
11
26
26
26
26
27
26
26
25
25
26
27
26
26
26
25
26
25
25
25
26
25
26
25
25
26
26
17
11
27
26
26
26
26
26
26
26
25
25
26
26
26
25
25
20
26
27
25
25
26
26
26
25
26
26
18
10
27
26
26
27
26
27
26
26
26
26
25
26
26
26
26
26
24
25
25
26
26
26
26
26
26
26
26
9
25
26
26
26
26
26
27
26
26
26
26
26
26
26
25
26
25
26
26
26
26
26
26
26
27
26
26
25
26
26
26
25
26
26
26
26
26
26
27
26
26
26
26
26
26
26
26
26
26
26
26
26
26
26
26
26
26
26
26
27
26
26
25
26
26
26
26
26
28
26
26
25
26
26
25
26
26
27
26
26
26
25
26
26
26
26
25
25
26
25
26
25
26
26
25
26
27
25
26
26
26
26
26
26
25
26
26
26
27
26
26
26
27
26
26
26
25
26
26
25
26
26
26
26
25
26
26
26
26
26
26
26
26
25
26
26
25
25
27
27
26
26
27
26
25
26
26
26
26
25
26
26
26
25
26
26
25
26
26
26
26
25
26
26
26
26
26
26
26
26
28
26
26
26
26
26
26
26
26
26
26
25
25
26
26
25
26
26
26
26
27
26
26
26
26
26
26
27
26
26
25
25
26
26
26
26
26
26
25
26
25
26
26
27
26
27
27
26
26
26
26
26
26
26
26
26
26
26
26
26
26
26
26
25
25
26
26
25
26
26
26
26
26
26
26
26
26
26
26
26
26
26
26
26
26
25
26
26
26
25
25
25
25
26
26
25
