26
25
25
24
25
26
25
26
25
26
25
25
25
25
25
26
26
26
25
26
26
26
25
26
26
26
24
25
25
26
25
25
25
25
25
25
25
25
26
26
26
25
25
26
25
26
25
26
25
26
27
26
27
27
26
26
25
25
25
25
25
26
25
25
25
24
25
25
26
20
24
25
25
25
25
26
26
25
26
26
26
26
26
26
25
25
25
25
25
26
25
24
25
24
26
26
26
25
25
26
25
25
25
25
25
25
25
26
26
26
26
25
25
25
26
25
26
24
25
25
25
24
25
25
26
25
25
25
24
26
26
25
26
25
26
25
26
26
24
25
25
25
25
25
25
24
25
26
25
25
25
25
25
25
25
26
26
26
25
25
25
25
25
26
26
25
26
26
25
24
25
26
26
25
25
25
25
25
25
7
12
9
21
25
25
25
25
25
25
25
26
26
26
25
25
26
25
25
25
25
25
25
24
24
24
24
5
7
25
24
11
16
25
25
24
25
25
26
25
26
26
25
25
25
24
26
26
25
25
25
25
25
25
27
10
28
25
25
29
9
25
26
25
25
25
25
25
26
26
27
25
26
26
26
25
25
25
25
25
24
25
26
10
10
16
8
11
10
29
26
25
24
25
25
26
25
25
25
26
25
25
25
26
25
25
25
24
25
25
25
24
25
4
17
29
10
26
25
25
24
26
25
26
26
25
25
25
25
25
25
25
25
25
25
26
25
25
24
25
26
26
25
29
11
26
24
25
25
25
26
26
26
25
26
26
25
24
24
25
25
24
25
25
25
25
25
26
24
25
25
27
11
27
25
25
25
25
25
26
25
26
26
26
26
25
25
24
25
25
25
25
24
25
25
25
25
25
25
26
11
29
25
26
24
25
26
25
26
25
26
27
25
25
25
25
24
25
25
25
25
25
25
26
25
25
25
25
10
28
25
25
25
26
25
26
26
25
26
25
26
25
25
25
25
25
25
24
25
25
26
26
26
25
25
25
9
13
25
25
26
26
25
25
26
24
25
25
26
25
25
25
25
25
25
25
25
25
25
24
25
25
25
25
8
3
25
25
25
23
26
26
26
25
25
25
26
25
25
25
25
25
24
25
25
25
25
26
25
25
26
25
8
17
25
25
25
25
26
26
26
26
26
25
26
24
25
25
25
25
25
25
25
25
26
26
26
25
25
25
26
24
25
25
26
26
27
26
25
25
25
27
26
26
25
25
25
24
26
25
25
25
25
25
25
25
26
25
25
24
26
26
25
26
26
26
25
26
25
26
26
24
25
25
24
25
25
25
25
25
25
26
26
24
25
26
25
25
26
25
25
26
26
26
26
26
26
26
26
25
25
25
25
25
25
25
25
25
25
24
25
25
25
25
25
25
26
26
26
26
26
26
26
25
26
26
25
25
25
25
25
25
24
25
26
26
25
25
25
24
25
25
25
25
25
26
25
26
26
26
26
25
26
26
25
25
25
25
25
24
25
25
25
26
25
25
25
25
25
26
25
25
26
25
25
26
25
25
26
26
26
26
26
25
23
26
25
25
25
25
25
25
25
25
25
25
25
25
26
26
25
26
26
25
26
26
26
26
26
26
26
24
24
23
25
24
25
26
24
25
25
25
25
25
25
25
25
25
25
26
26
26
25
25
26
25
26
26
26
25
26
25
25
25
25
25
25
25
25
25
25
26
25
25
26
25
26
26
26
26
26
26
26
26
26
26
26
25
25
24
25
24
25
25
23
25
25
25
25
25
25
25
25
25
25
26
26
26
26
25
26
25
26
25
25
