26
26
26
26
25
27
26
25
26
26
26
25
26
27
26
25
25
25
25
26
27
25
26
25
26
26
26
26
25
25
26
25
26
26
26
26
25
27
26
26
26
26
25
25
25
26
25
25
26
26
26
25
26
25
25
26
25
26
26
26
25
26
26
26
26
25
26
26
26
26
26
25
26
26
26
25
26
26
26
26
25
26
25
26
26
26
26
26
25
25
26
26
26
27
25
26
24
26
26
26
27
26
25
25
25
26
25
26
26
25
26
25
26
26
26
26
26
25
25
26
26
26
26
26
26
26
25
25
25
26
25
26
26
26
26
25
25
25
25
26
25
26
25
25
27
26
26
25
25
25
25
26
25
24
25
24
25
26
25
24
26
26
26
25
26
25
25
25
25
26
26
25
25
26
25
26
25
26
25
25
25
24
25
26
26
23
25
25
26
25
26
26
25
25
25
25
25
25
26
26
26
25
26
25
25
25
25
25
24
25
25
25
25
24
25
26
26
26
26
26
26
26
26
26
25
26
25
26
25
26
25
25
25
25
28
11
11
14
28
25
25
22
26
25
25
25
25
26
25
25
25
25
26
26
26
25
25
25
25
25
27
6
10
28
27
8
12
27
25
24
25
26
26
25
25
25
26
25
25
26
25
26
25
25
25
26
26
27
10
3
25
24
25
25
9
7
25
25
26
25
24
26
25
26
25
25
25
26
26
26
25
24
25
26
26
9
11
25
25
25
26
25
28
5
25
26
25
25
25
25
25
26
26
26
25
25
26
26
25
26
26
25
26
12
8
25
25
25
25
25
24
24
25
25
26
25
25
25
26
26
25
25
26
26
26
25
25
25
25
25
25
25
12
28
25
25
25
26
11
5
25
25
25
25
25
25
26
26
25
26
26
25
26
25
26
26
25
25
26
26
7
11
10
26
11
12
11
24
25
26
25
26
26
26
25
25
26
26
26
26
25
25
26
25
27
26
26
26
25
26
14
9
9
9
8
25
25
25
26
25
26
26
26
24
26
26
26
26
26
26
25
26
26
25
26
25
25
25
25
25
26
11
5
25
25
26
26
25
25
26
25
26
24
25
26
26
25
26
25
26
25
25
24
25
25
25
25
25
27
11
9
26
25
26
26
26
26
25
25
26
25
25
26
25
25
26
24
26
26
25
26
25
25
25
26
26
28
12
27
26
25
26
26
25
25
25
26
26
26
25
26
26
25
25
26
25
26
25
25
26
25
25
25
26
27
12
22
26
26
26
26
26
26
26
26
26
25
25
25
25
25
25
26
26
26
26
26
25
25
26
25
26
26
12
25
25
26
26
26
26
25
25
26
25
25
26
26
25
26
25
26
26
25
25
25
25
25
25
26
26
27
11
28
26
26
26
26
25
26
26
26
25
25
26
26
26
26
25
26
26
25
25
25
25
25
25
26
25
27
11
27
26
25
26
26
26
25
26
26
26
25
26
25
26
25
26
26
25
24
25
25
26
25
25
26
26
26
23
26
26
25
25
25
26
25
25
26
26
25
26
25
25
25
25
26
26
26
25
25
25
25
25
26
25
26
25
25
26
26
25
26
25
25
25
26
26
25
26
25
25
25
25
25
25
25
25
25
26
25
26
26
26
25
25
26
26
25
26
26
25
26
25
25
25
26
25
26
26
26
25
26
26
25
26
26
26
26
25
26
25
25
26
26
26
26
25
25
26
25
26
25
25
25
25
25
25
25
26
26
26
25
26
26
26
26
25
26
25
25
26
26
26
25
27
25
26
26
26
26
25
25
26
26
25
