19
19
19
19
19
18
18
19
19
19
19
19
19
19
19
19
19
19
19
19
18
19
19
19
19
19
19
19
19
19
19
19
19
20
20
18
18
19
18
19
19
18
19
19
19
19
19
18
19
19
18
18
18
19
18
18
19
19
19
19
19
18
18
18
18
19
19
19
19
19
19
19
19
19
19
19
19
19
20
19
19
19
18
18
19
18
19
18
19
18
19
18
18
18
18
19
21
15
19
19
19
19
19
19
18
19
18
19
19
18
18
18
19
18
18
19
18
19
19
19
19
18
19
20
0
1
1
21
19
19
19
19
19
19
18
18
19
18
18
18
18
18
19
18
18
19
18
18
18
19
18
4
0
16
1
1
20
19
18
18
18
18
18
19
18
19
18
18
18
18
18
18
19
18
18
18
18
18
20
0
25
19
20
1
15
20
18
19
18
18
18
18
18
18
18
18
18
18
18
18
18
18
18
18
19
18
25
1
19
18
19
22
2
21
19
19
18
18
18
18
18
18
18
18
18
18
18
18
19
18
18
18
18
18
19
2
18
19
18
24
0
17
18
19
18
18
18
18
18
18
18
18
18
18
18
18
18
18
18
18
18
19
3
4
18
18
19
22
1
20
19
18
19
17
18
17
17
18
18
18
18
18
17
18
17
18
18
18
18
18
4
3
18
19
18
1
1
18
18
18
18
18
18
17
18
18
17
18
18
18
16
18
18
17
18
18
18
17
21
1
19
18
18
1
1
18
17
18
18
18
18
18
17
18
17
18
17
18
17
19
18
17
18
17
18
19
22
0
22
20
23
1
7
19
18
19
18
18
18
18
18
18
18
18
18
18
17
18
18
17
17
18
19
17
19
23
1
1
1
0
24
18
18
18
18
18
18
17
18
18
18
17
18
18
17
17
18
18
18
18
18
17
18
19
20
22
24
0
18
18
18
18
18
17
18
17
18
18
18
18
17
18
18
17
18
17
17
17
17
18
18
18
18
18
24
0
18
18
18
17
18
18
18
18
18
17
17
18
17
18
18
17
17
18
17
18
17
18
19
18
18
19
22
2
19
18
17
17
17
18
17
18
18
17
17
17
17
17
17
17
18
18
17
17
18
18
18
19
18
18
10
12
18
18
17
17
17
18
18
18
17
17
17
17
17
17
17
17
18
18
16
18
18
17
17
18
17
17
1
22
18
18
18
17
17
17
17
17
17
18
18
17
17
16
17
17
17
16
17
17
18
17
17
17
17
17
1
18
17
18
18
17
18
17
17
16
18
18
17
17
17
17
17
16
17
17
17
17
17
18
17
17
17
18
0
18
19
18
17
18
17
17
17
17
17
17
17
17
17
17
17
17
17
17
17
17
18
17
18
17
17
17
1
18
17
17
17
17
17
17
16
17
17
17
17
18
18
17
17
17
17
17
17
16
17
17
17
17
17
19
7
18
17
17
17
17
17
16
17
17
17
17
17
16
17
17
17
17
17
17
17
16
17
17
17
17
17
18
20
17
17
18
17
17
17
16
17
17
17
17
17
16
16
16
16
17
17
17
18
17
17
17
17
17
17
16
17
17
17
17
17
17
17
16
17
16
16
17
17
17
16
16
17
17
17
16
17
17
17
17
16
17
17
16
16
17
17
17
17
16
17
16
16
16
16
16
16
16
16
17
16
17
17
17
17
17
17
17
16
17
16
16
17
17
17
17
16
16
17
16
16
16
16
16
17
16
17
17
17
17
16
17
16
16
16
17
17
17
17
17
16
17
17
16
16
16
16
17
17
17
16
16
17
16
