19
19
19
20
20
19
19
19
19
19
19
19
19
19
19
19
19
18
20
19
20
19
19
19
21
19
19
20
19
19
19
19
17
19
19
18
19
19
19
19
20
19
19
18
19
19
19
19
20
19
19
20
18
19
19
18
19
20
19
19
19
19
20
19
19
20
19
19
19
23
23
20
20
19
20
19
19
20
19
19
18
18
18
18
19
20
20
19
20
19
19
19
19
19
19
18
2
0
0
3
20
20
19
19
20
19
19
19
19
19
19
18
19
20
20
20
19
19
19
19
19
19
18
24
1
25
26
1
25
19
19
19
19
19
19
19
19
18
19
19
19
20
20
19
19
19
19
19
19
18
19
1
10
19
19
1
23
20
19
20
18
18
19
19
19
18
19
19
19
20
19
18
19
19
19
19
19
19
14
1
22
19
19
1
3
19
19
19
19
19
17
19
19
18
19
18
19
20
20
20
18
19
19
19
19
19
21
1
19
19
19
1
1
20
19
19
19
19
19
18
19
18
19
18
19
20
19
19
18
19
18
19
19
19
21
0
19
19
19
0
0
20
18
20
19
19
18
19
19
18
18
19
19
19
19
19
19
19
19
19
19
18
22
0
20
18
19
0
0
19
18
19
19
19
18
18
18
18
19
19
19
19
20
20
17
20
18
19
18
18
21
0
20
19
19
0
2
19
19
20
19
19
19
19
18
18
18
17
19
19
19
18
18
18
18
19
18
19
19
0
20
18
25
0
25
19
19
19
18
18
19
19
19
18
18
18
18
17
19
19
19
18
18
18
18
18
18
0
24
21
1
1
22
19
18
18
19
19
18
18
17
18
18
18
18
19
19
19
18
18
19
18
18
18
18
15
1
0
1
1
19
19
20
18
18
19
19
18
19
18
18
17
19
19
18
19
18
19
19
18
18
18
19
18
20
20
23
1
19
19
19
18
19
19
18
18
18
18
18
18
19
18
19
19
18
17
18
19
18
18
19
18
18
19
20
2
20
19
19
18
18
18
18
17
18
18
18
17
18
18
19
19
19
18
18
18
18
19
18
18
18
19
2
4
19
19
18
18
18
19
18
18
18
18
18
18
18
19
18
19
18
18
18
18
17
17
18
18
18
18
0
27
19
18
19
18
19
19
18
18
17
18
18
18
19
18
18
18
18
18
18
18
18
18
18
18
19
17
1
26
19
19
18
17
18
18
18
18
17
18
19
18
18
19
20
18
18
19
18
17
18
18
18
19
19
18
1
19
20
18
18
18
20
17
18
17
17
18
18
18
18
18
18
18
18
18
19
18
17
18
18
17
17
20
1
19
17
18
18
17
18
18
17
18
18
18
18
17
18
19
18
18
18
18
17
18
18
18
17
18
17
18
1
19
18
18
18
19
18
19
17
18
18
17
17
18
18
19
18
19
19
18
18
18
18
18
18
18
18
21
1
18
18
18
18
17
18
17
18
18
19
17
17
17
18
18
17
18
18
18
18
18
18
18
18
18
18
24
26
18
18
18
18
18
18
17
17
18
16
17
17
18
18
18
18
18
18
17
17
17
18
18
17
18
17
18
19
18
18
17
17
18
17
17
18
17
17
17
17
17
18
19
18
18
18
17
18
18
18
17
18
18
17
18
18
17
17
17
17
17
17
17
17
17
17
17
17
17
18
18
18
16
17
16
17
17
17
16
17
17
17
18
17
18
18
17
18
16
17
17
18
17
17
17
17
17
18
18
17
17
17
17
17
18
17
16
17
17
17
17
17
17
17
17
16
17
17
17
16
18
17
16
17
17
