22
22
22
22
22
22
22
21
22
21
22
21
21
21
21
21
21
21
21
21
22
21
21
21
21
21
21
21
22
22
22
22
21
22
22
22
22
22
21
21
21
21
21
21
21
21
21
21
21
21
21
22
21
21
21
20
22
22
22
22
22
21
21
22
22
22
22
21
22
21
21
22
21
21
21
21
21
21
21
21
21
21
21
20
22
22
22
22
22
21
21
21
22
22
22
21
21
21
25
14
23
21
21
21
21
21
22
21
21
21
21
20
22
21
22
22
22
22
22
21
22
22
21
21
21
22
1
1
1
23
21
21
21
21
21
21
21
21
21
20
21
22
22
22
22
22
22
22
22
22
21
21
4
1
24
23
2
8
21
21
21
21
21
21
21
21
21
21
22
22
22
22
22
22
21
22
21
22
22
24
1
25
22
21
5
1
22
21
21
22
21
21
21
21
21
21
21
21
22
22
22
21
21
22
21
22
22
24
1
22
21
21
1
1
23
21
21
21
22
21
21
21
21
21
22
21
21
22
21
22
22
21
22
21
22
1
11
21
21
22
0
2
22
21
21
21
22
21
21
22
20
21
21
22
22
22
22
21
21
21
21
22
21
0
25
21
21
23
1
26
22
21
21
21
21
21
21
21
21
20
22
21
21
22
22
22
21
21
21
21
21
1
20
21
21
25
1
24
22
22
21
21
21
22
21
21
21
20
22
22
21
21
22
21
21
21
21
21
22
24
1
22
21
5
0
22
21
22
21
21
21
21
21
20
21
21
22
21
21
21
21
22
21
21
21
21
21
22
0
24
24
1
20
22
22
21
21
21
21
21
21
20
21
21
22
22
21
21
21
21
21
21
21
22
21
21
23
1
0
1
29
22
22
21
21
21
21
21
21
21
21
21
22
21
21
21
21
21
21
22
21
22
22
21
21
21
24
1
23
22
22
21
21
21
20
21
21
21
20
21
21
22
22
21
21
21
22
21
21
21
21
21
21
22
26
1
22
22
21
22
21
21
21
21
21
21
21
21
21
21
22
21
21
21
21
21
21
21
21
22
21
21
4
24
22
21
22
21
21
21
21
21
21
21
21
21
21
21
21
21
21
21
21
21
21
21
21
21
21
21
0
26
22
21
21
21
21
21
21
21
21
20
20
21
21
22
22
21
21
21
22
21
21
22
21
21
21
21
0
24
21
21
22
21
20
21
21
21
20
21
21
21
21
21
21
21
21
21
21
21
21
21
21
21
21
22
0
22
21
21
21
21
21
21
20
20
21
19
21
21
21
21
21
21
21
21
21
21
21
22
21
21
21
24
3
21
21
21
21
21
21
21
21
20
20
20
21
20
22
21
21
21
21
21
21
21
21
21
21
21
21
16
26
21
21
21
21
21
21
21
20
20
20
21
20
20
21
21
21
22
21
21
21
21
21
21
21
21
21
1
23
20
21
21
21
21
20
20
21
22
21
20
20
22
21
21
21
21
21
21
21
21
21
21
21
21
21
2
21
21
20
21
21
21
21
20
20
21
20
21
21
20
21
21
21
21
21
21
21
21
21
21
21
21
21
23
21
21
21
21
21
21
21
20
21
21
20
20
20
20
22
22
21
21
21
21
21
21
21
21
21
21
20
21
21
21
21
21
21
21
21
20
21
21
20
21
20
20
21
21
21
21
21
21
21
21
21
21
21
21
20
21
21
20
21
21
21
21
20
21
21
20
19
20
20
20
21
21
21
21
21
21
21
21
21
22
21
21
21
21
21
21
21
21
22
21
20
21
20
20
20
19
20
20
