26
25
25
26
25
25
26
25
26
26
26
25
26
25
25
25
25
25
25
25
25
25
25
25
25
25
25
25
26
26
26
25
26
25
25
25
26
26
25
25
26
25
25
26
25
26
25
25
25
25
25
26
25
25
26
25
26
25
26
25
26
25
25
26
26
26
25
25
25
23
18
17
12
11
14
21
25
25
25
25
26
26
26
25
25
26
25
25
25
25
26
25
25
24
21
11
14
13
11
12
13
13
11
9
9
9
22
25
25
26
26
26
25
25
26
26
26
25
25
25
24
11
12
10
21
25
25
25
25
25
26
24
10
8
14
25
25
26
26
26
26
25
25
25
25
25
24
11
8
10
22
25
25
25
26
25
25
25
26
26
24
11
6
16
25
25
26
25
26
25
25
25
26
25
11
12
14
25
25
24
25
25
25
25
25
26
26
25
13
10
8
16
25
25
26
25
25
25
25
25
25
12
11
8
24
25
25
25
25
25
25
25
25
25
25
22
8
10
8
12
25
25
25
25
25
25
26
25
23
8
11
22
24
25
25
25
25
25
25
26
26
25
25
11
7
8
22
25
25
25
26
25
25
26
25
25
16
11
11
25
25
26
26
25
25
25
25
25
25
26
15
9
10
11
25
25
25
25
25
26
26
26
26
25
15
10
8
24
25
25
25
26
26
25
25
25
25
22
14
9
7
24
25
26
25
25
25
25
26
25
25
26
22
11
9
15
26
25
26
26
25
25
25
25
19
11
16
22
22
25
25
25
25
25
25
25
26
26
24
25
25
11
7
10
18
25
25
25
25
25
24
11
9
9
14
11
25
25
25
25
25
26
25
26
25
26
26
25
25
25
16
10
9
11
10
10
13
13
12
8
14
9
11
22
24
25
25
26
25
25
25
25
26
26
25
26
25
25
25
25
23
13
7
7
13
9
23
24
8
15
16
25
25
25
25
26
26
25
26
26
26
25
26
26
26
25
26
25
26
26
26
25
25
25
25
24
8
13
24
25
26
26
26
25
25
25
25
26
26
25
26
25
26
25
25
25
26
25
25
26
26
25
24
10
9
17
25
25
25
25
26
26
25
26
26
26
26
26
25
26
26
26
26
25
25
25
26
25
26
26
12
10
11
25
25
25
25
26
26
25
25
26
25
25
26
25
26
26
26
26
26
26
26
26
26
26
26
21
12
9
23
26
25
26
26
26
26
26
25
25
25
26
26
25
26
26
25
25
26
26
26
25
26
26
25
13
10
15
26
26
26
26
25
25
25
26
26
26
26
26
25
27
26
26
26
25
25
25
26
25
26
25
20
11
9
24
25
26
24
26
25
26
25
26
25
26
26
26
26
25
26
26
26
26
26
26
26
26
26
24
9
11
20
26
25
25
25
24
26
25
26
26
26
25
26
26
26
26
26
26
26
26
26
26
26
26
25
17
18
10
27
25
26
26
27
25
25
26
26
26
25
26
26
25
26
26
26
26
25
26
26
26
26
25
24
8
9
25
25
25
25
27
26
25
26
26
25
26
26
26
26
27
26
25
25
26
26
26
26
26
26
26
14
10
14
26
26
26
25
26
26
25
25
26
26
26
26
25
26
26
25
26
26
25
26
25
26
26
26
26
13
11
25
25
26
25
26
26
26
25
26
25
26
26
26
26
26
26
26
26
26
25
26
27
26
26
26
26
26
26
26
26
26
26
26
26
26
25
26
25
26
26
26
26
26
26
26
26
26
26
26
26
27
27
26
26
26
26
26
26
26
26
27
26
26
26
26
26
26
26
26
26
28
26
