19
19
19
19
19
18
18
18
19
19
19
19
19
19
19
19
18
19
20
19
19
20
19
19
20
19
19
20
18
18
18
19
19
18
19
17
18
19
19
18
19
19
19
19
19
19
19
19
19
19
19
20
19
19
19
18
17
19
19
19
19
18
19
17
20
19
19
19
19
19
19
19
19
19
19
20
19
19
18
19
18
19
18
19
18
18
19
19
20
19
19
18
19
19
19
17
18
20
18
19
19
19
19
18
19
20
19
18
18
19
18
19
19
18
19
18
18
18
19
19
19
19
19
19
24
1
15
20
18
19
19
19
19
20
18
18
18
19
19
18
18
18
18
18
19
18
18
18
18
19
19
19
0
1
1
5
19
19
19
20
19
19
18
18
18
18
19
18
18
18
19
18
19
19
18
18
19
21
19
20
0
19
23
0
23
19
18
19
18
19
19
17
17
18
18
19
18
18
19
18
18
18
18
18
18
18
18
0
24
19
19
3
19
19
17
18
19
19
18
18
18
18
18
19
18
18
19
18
18
18
19
18
18
18
18
0
22
18
18
19
3
18
19
19
19
18
18
18
18
18
18
19
18
18
18
18
18
17
18
19
19
18
19
0
19
18
18
7
0
18
18
19
18
18
18
18
18
18
18
18
18
18
18
19
19
18
18
18
18
18
18
1
18
17
21
0
1
18
19
19
18
19
18
18
18
18
17
18
18
17
18
18
18
18
18
18
18
19
19
0
25
18
18
1
1
19
18
18
18
18
18
18
18
18
18
18
18
17
18
18
18
18
18
18
17
18
18
1
3
22
23
0
8
18
19
18
18
18
18
18
18
18
18
17
18
18
18
18
18
18
18
18
18
18
18
22
1
1
1
0
24
18
18
18
18
18
18
18
18
18
18
18
18
18
17
18
18
18
18
18
18
18
18
18
18
24
21
0
19
19
18
18
18
18
18
17
18
16
18
17
18
17
18
18
18
17
18
18
18
18
17
18
18
18
20
0
18
18
19
18
18
18
18
17
18
17
17
17
17
17
17
18
18
18
17
18
17
18
18
19
17
18
23
0
19
17
18
18
18
19
18
18
17
18
17
17
17
17
17
17
18
17
17
17
17
18
18
18
18
18
17
2
18
18
18
18
18
18
18
18
17
17
18
18
17
18
17
17
17
17
18
18
18
17
18
19
18
17
4
11
19
16
18
18
18
18
17
18
17
18
18
17
17
17
17
17
17
17
17
17
17
18
18
17
17
19
1
23
17
18
18
17
17
17
18
17
17
17
17
17
17
17
17
18
17
17
17
17
17
18
17
17
18
16
1
19
18
18
18
17
17
17
18
17
17
16
17
17
17
17
17
17
17
17
17
17
17
18
18
18
18
18
0
19
18
17
18
18
19
17
17
17
17
16
17
17
17
17
16
17
17
17
17
17
16
18
17
17
18
17
2
17
17
17
18
17
18
18
17
17
17
17
16
17
16
16
17
16
17
17
17
17
16
17
18
17
16
17
18
17
18
17
17
17
17
17
17
17
17
17
17
17
17
17
17
17
17
18
17
16
17
17
17
17
17
17
18
17
17
16
17
16
16
17
17
16
17
17
17
17
17
16
17
17
17
17
16
16
17
17
17
16
17
17
17
17
17
17
17
17
17
17
16
17
17
16
17
17
17
17
17
17
17
17
17
18
17
17
17
16
16
16
17
17
18
17
17
16
17
16
17
17
16
17
17
17
16
17
17
16
16
16
16
17
16
17
17
17
17
17
17
16
16
17
17
16
17
16
16
17
16
17
16
16
