22
21
22
20
21
21
19
21
21
20
21
20
21
20
21
20
21
20
21
21
21
21
21
21
20
20
21
21
21
21
22
21
20
21
20
21
21
21
21
21
21
21
21
20
21
21
21
22
22
21
21
22
21
21
21
21
21
19
21
21
20
21
21
21
21
21
20
21
20
21
21
21
22
21
21
21
21
20
20
21
21
21
21
21
21
21
21
21
20
21
20
21
20
21
21
20
20
21
21
21
20
20
20
21
21
21
21
20
19
21
21
21
20
22
21
21
21
20
21
20
21
21
21
20
22
21
21
21
21
21
21
21
21
20
21
20
22
21
21
20
21
21
22
21
22
21
21
21
20
21
21
21
21
21
22
21
21
21
21
21
21
21
21
21
21
22
22
21
22
22
20
21
22
21
21
21
21
21
21
20
20
21
21
20
21
21
21
21
21
20
21
21
21
20
21
19
21
21
21
21
21
21
21
20
21
21
21
7
1
17
22
5
20
19
21
21
21
21
21
20
20
22
21
20
21
22
20
21
21
22
21
20
21
16
2
0
0
2
1
22
20
20
21
21
21
21
21
21
20
21
22
21
21
21
22
22
22
20
19
20
5
2
19
21
20
17
1
21
22
20
21
21
21
21
20
21
21
21
22
21
22
22
21
22
21
21
19
4
1
21
21
21
21
21
16
20
20
20
20
21
21
21
21
21
21
20
21
21
21
21
21
21
21
21
21
16
2
18
21
19
21
20
20
21
21
21
21
20
21
21
20
20
21
21
21
21
21
22
21
21
21
21
21
21
17
0
0
21
21
21
21
20
20
21
21
22
21
22
22
21
21
20
21
21
21
21
22
22
21
21
21
22
21
21
1
3
5
18
20
20
18
5
0
3
22
21
22
21
21
22
20
21
21
22
21
22
21
21
20
21
21
21
20
20
7
2
2
2
1
8
20
17
21
20
19
20
20
21
22
21
21
21
21
21
21
21
21
21
21
21
21
21
1
0
7
1
1
20
21
21
21
21
20
21
21
20
20
21
21
21
21
21
21
21
22
22
22
20
0
1
18
20
21
21
13
1
9
21
21
21
22
22
21
21
21
21
22
22
21
22
21
20
20
22
22
0
1
21
21
21
20
20
8
1
15
20
22
21
21
20
21
21
21
21
21
20
21
22
20
21
22
20
19
3
18
21
21
20
21
3
2
0
21
21
21
20
21
21
21
22
22
21
21
21
21
21
21
21
20
20
19
2
2
12
17
4
3
1
22
22
21
20
20
21
21
22
21
22
21
21
21
21
22
21
21
21
21
21
20
20
12
0
0
5
21
21
21
20
20
21
21
21
21
21
21
21
21
21
21
22
21
21
21
22
21
21
21
21
20
21
21
21
21
21
21
20
21
21
21
21
21
22
21
22
21
21
21
21
21
22
21
21
21
21
20
20
21
21
21
20
21
21
21
21
21
21
21
20
21
22
21
21
21
21
21
21
21
22
21
20
21
20
20
21
21
21
21
21
21
19
21
22
22
20
21
21
21
21
21
21
21
20
22
21
22
20
21
20
20
21
20
21
21
21
21
21
20
21
21
21
21
21
20
21
21
21
21
20
21
20
21
22
21
21
19
21
20
21
21
20
21
21
22
21
21
20
20
21
21
21
21
20
20
21
21
21
20
20
21
21
22
22
19
21
22
21
21
20
21
21
22
21
21
21
21
21
20
21
20
20
21
21
21
21
21
20
22
22
22
22
21
21
21
21
21
20
21
20
21
21
21
20
21
21
21
21
20
21
21
21
22
21
20
21
