21
21
21
21
21
21
21
21
21
21
20
21
21
21
21
21
21
21
21
21
21
21
21
22
22
21
21
21
22
21
21
21
21
22
21
22
21
21
21
21
21
21
22
21
21
21
21
21
21
22
21
21
21
21
21
21
21
21
22
21
22
21
21
22
21
21
21
21
22
22
22
22
20
21
21
22
21
21
21
22
22
21
21
21
21
21
21
21
21
21
21
21
21
21
22
21
21
21
21
21
21
21
21
21
21
21
21
22
22
21
20
22
21
21
21
21
21
21
21
22
21
21
21
21
22
22
22
21
21
22
21
21
21
21
22
21
21
21
20
21
21
21
21
21
21
21
20
21
21
21
21
21
21
21
21
21
22
21
21
21
21
21
21
21
21
21
21
21
21
21
21
21
21
21
21
21
21
20
20
21
21
21
21
21
21
22
21
22
21
21
21
21
21
21
21
21
20
20
21
21
21
21
21
21
20
17
3
1
6
21
21
21
21
22
21
21
21
21
21
21
21
21
21
21
21
21
21
21
21
21
20
19
1
2
17
18
11
3
16
21
21
21
21
22
22
21
21
21
21
22
21
21
21
21
20
21
21
21
19
3
5
21
21
20
18
8
4
18
20
20
21
21
21
21
21
21
21
20
20
21
21
20
22
21
21
21
18
2
13
22
21
20
20
17
4
16
21
21
22
21
21
21
21
21
21
21
21
21
20
21
21
21
22
21
19
15
4
9
21
20
21
18
5
20
21
21
21
22
21
21
21
21
22
21
21
21
21
21
21
21
21
21
20
20
16
1
3
13
19
21
20
21
21
21
21
20
21
21
22
21
21
21
22
21
20
20
21
21
21
21
21
21
20
18
4
2
1
2
1
1
2
4
14
21
21
21
21
20
21
21
21
21
20
20
21
21
21
21
20
20
17
1
1
11
16
1
2
6
19
15
3
1
9
21
22
21
21
21
21
21
20
21
21
21
21
21
21
20
1
6
21
21
21
20
17
1
6
21
21
19
20
21
21
21
21
21
21
22
20
21
21
21
21
21
20
8
5
21
21
20
21
20
20
19
1
6
21
21
21
21
21
22
21
21
21
21
21
21
21
21
21
20
19
2
7
21
20
21
21
21
20
20
13
4
21
21
21
21
21
21
20
20
21
20
21
21
21
21
21
21
20
16
5
17
21
20
21
21
21
17
0
5
21
21
21
21
21
21
21
21
21
21
21
21
21
21
21
21
20
20
11
2
9
16
21
20
11
2
2
13
20
20
21
21
22
21
21
20
21
21
21
21
22
21
21
21
20
21
21
19
14
11
1
1
3
18
21
21
21
21
21
21
21
21
21
21
21
21
21
20
21
21
21
21
20
21
21
21
21
21
21
21
21
20
21
21
21
21
21
20
21
21
21
21
21
21
21
21
21
21
21
20
20
21
21
21
20
21
21
20
21
21
21
21
21
21
21
21
21
21
21
20
21
21
21
21
21
21
20
21
21
21
21
21
21
21
21
21
21
20
21
20
21
21
21
21
21
21
21
21
21
21
21
21
21
20
20
21
21
21
21
21
20
21
21
21
22
21
21
21
21
21
21
21
21
21
21
21
21
21
21
20
21
21
21
20
21
21
21
21
21
21
21
21
21
21
21
21
21
21
21
21
21
21
20
20
21
21
20
21
21
21
20
20
21
21
21
21
21
21
21
21
21
21
21
21
21
21
21
21
21
21
20
21
21
20
21
20
21
20
21
21
21
21
21
20
21
21
21
21
21
21
21
21
21
21
21
21
21
20
20
21
20
21
