20
20
20
20
22
20
21
19
19
20
19
20
20
21
20
20
20
20
19
20
19
21
20
19
19
21
20
20
20
21
20
20
20
21
19
19
20
20
21
20
20
20
19
20
20
19
18
20
20
19
21
20
20
19
20
20
20
20
20
20
20
20
20
20
20
20
20
19
20
20
19
20
20
20
19
18
20
20
20
20
20
19
20
20
20
20
20
20
20
21
20
20
19
21
19
20
20
20
20
20
19
20
20
19
20
20
19
20
20
19
19
19
20
20
19
20
20
20
21
21
20
20
20
21
20
19
20
20
20
20
18
19
20
19
19
19
21
19
20
19
19
20
22
19
22
20
21
19
20
20
20
19
20
19
19
20
20
20
20
20
19
19
20
20
20
20
20
20
19
19
20
20
19
20
19
19
20
21
18
20
19
20
19
20
20
20
20
19
19
19
19
19
19
20
20
19
20
20
20
19
20
20
19
19
1
1
1
0
5
18
19
19
20
20
19
20
20
20
20
19
19
19
20
19
19
21
20
19
21
19
20
19
1
11
20
17
1
2
16
20
20
20
20
19
20
19
19
19
20
20
20
20
20
20
20
20
20
20
20
20
2
6
20
19
18
1
1
20
20
19
21
20
19
20
20
20
20
20
19
20
20
20
21
20
20
20
19
21
5
1
19
19
19
1
1
19
20
20
20
19
20
20
20
20
20
19
20
20
20
19
20
19
20
21
20
19
19
1
1
4
14
16
20
21
20
19
20
20
20
20
20
19
19
20
20
20
20
20
20
20
20
21
21
20
19
19
1
0
19
19
19
19
19
20
19
21
21
20
20
20
20
20
20
20
20
21
20
19
20
21
20
19
20
20
19
1
2
18
20
19
19
3
1
1
22
20
18
20
20
20
19
20
20
21
19
20
21
19
19
20
19
20
20
19
17
1
0
1
0
19
18
20
18
19
19
19
20
19
18
20
19
21
20
18
20
21
20
20
20
18
20
18
0
1
6
2
0
19
20
20
20
20
20
20
20
19
20
19
21
20
20
19
20
19
20
20
19
20
1
1
1
20
20
12
1
20
19
20
19
20
19
19
20
20
19
20
20
21
21
20
21
19
20
20
20
1
0
20
20
20
20
0
0
19
19
20
19
19
20
20
20
20
19
20
20
21
20
20
20
20
19
20
15
2
20
21
20
19
2
1
19
18
20
20
20
20
20
20
20
18
18
19
19
20
20
20
20
19
19
20
19
2
21
19
19
4
0
19
20
18
19
20
19
19
20
20
20
19
20
20
20
20
20
20
21
20
20
20
20
5
2
0
0
0
19
20
19
20
19
20
20
20
20
20
19
19
20
20
20
20
19
20
21
20
21
20
19
21
21
19
19
19
19
20
20
20
20
21
20
20
20
20
20
19
19
19
21
21
20
20
20
20
20
20
21
20
21
20
20
21
20
21
20
20
20
20
19
20
20
20
20
20
20
20
20
20
19
20
20
21
20
20
20
21
20
19
20
21
20
20
22
19
21
19
20
20
20
20
20
19
19
20
20
19
20
20
21
19
19
19
20
20
20
19
20
21
19
19
20
20
20
20
20
20
19
20
21
20
19
20
19
20
20
20
20
19
20
20
21
19
20
20
19
21
20
20
20
20
20
19
20
20
20
20
20
20
19
20
21
20
20
20
20
20
20
20
20
20
20
20
20
19
20
20
19
20
20
21
20
20
19
20
20
19
20
19
19
20
20
21
21
19
20
20
21
20
20
21
20
20
20
20
19
19
19
20
19
19
18
20
19
20
20
20
