22
22
21
21
21
21
22
22
22
22
22
22
22
21
22
22
22
22
22
22
22
22
22
22
22
22
21
22
21
22
22
21
22
22
22
21
21
21
22
21
21
22
21
21
20
21
21
22
22
22
22
22
22
21
22
21
22
21
21
22
21
21
21
21
22
22
21
21
22
21
21
22
22
22
22
22
22
22
21
22
22
21
22
22
21
21
21
22
22
22
22
21
21
21
22
22
21
22
22
22
22
22
22
22
22
21
21
22
21
22
21
22
21
22
22
22
22
22
22
22
22
21
22
22
22
21
22
20
22
21
22
21
22
22
20
22
22
22
21
22
22
22
22
22
21
22
22
21
22
21
22
21
22
22
22
22
22
22
21
22
22
21
22
23
22
22
22
22
22
22
20
21
21
21
22
22
22
21
21
20
22
21
21
22
23
22
21
22
21
22
22
21
20
22
22
22
22
21
22
22
21
22
21
20
19
4
1
2
2
0
16
22
23
22
22
22
22
22
21
22
22
21
22
22
22
22
22
21
22
22
23
21
5
2
16
20
18
2
2
22
22
21
22
22
22
22
22
22
21
22
21
22
21
22
22
21
21
21
21
22
19
1
3
20
21
17
3
21
22
21
22
21
21
22
22
22
21
21
21
21
21
20
21
21
21
22
21
22
21
15
2
16
21
4
17
21
21
22
22
22
22
21
21
20
22
22
21
22
22
21
22
21
22
22
21
22
21
21
3
1
8
21
22
21
20
21
21
21
22
22
21
22
21
22
21
22
22
21
22
22
22
21
22
21
21
21
21
17
2
0
1
0
0
1
2
1
21
21
21
22
22
22
22
22
22
21
21
22
22
21
22
22
21
21
1
2
4
0
3
12
22
22
22
20
22
21
21
22
22
21
21
21
21
21
21
21
22
21
22
22
19
1
1
21
21
22
11
2
2
21
22
22
21
22
22
22
22
22
21
22
22
23
21
21
22
22
21
20
1
3
22
22
22
21
21
21
0
2
20
22
22
21
21
22
21
22
22
21
21
22
21
22
22
21
22
18
1
4
21
21
22
21
21
22
21
3
2
21
21
20
21
22
22
22
22
21
22
21
21
21
22
21
21
20
2
3
20
23
21
22
21
20
20
17
2
19
21
21
22
22
22
21
22
22
22
22
21
22
22
21
21
22
20
1
2
20
22
21
21
21
20
1
3
22
21
21
21
22
21
21
20
22
22
22
22
22
22
21
22
22
22
21
15
0
2
13
22
18
0
1
14
21
22
22
22
22
22
22
23
22
22
22
22
21
22
22
22
22
22
21
21
21
6
0
1
2
1
16
22
22
22
22
22
21
21
22
21
22
21
21
21
21
22
20
21
21
22
21
22
22
22
21
21
21
21
21
21
22
22
22
22
21
21
22
20
21
21
21
21
22
21
20
21
22
21
22
22
22
21
22
21
22
21
22
22
21
22
21
22
21
21
22
22
21
22
22
22
22
22
21
21
21
22
22
21
22
22
22
21
22
22
22
22
22
22
22
22
21
21
21
22
21
21
22
21
22
21
22
21
21
21
21
21
21
22
23
22
22
21
21
21
22
22
22
21
21
22
21
21
22
21
22
21
21
20
21
21
22
22
21
21
21
20
22
22
21
22
21
21
21
21
21
21
21
22
21
22
21
21
22
21
21
21
22
21
21
21
22
22
22
21
22
21
21
21
21
21
21
21
22
22
22
22
21
21
21
21
22
21
21
22
22
22
22
22
21
21
21
21
21
22
22
21
21
21
21
22
21
22
21
21
20
22
21
