19
19
20
20
20
20
20
19
19
20
20
20
20
20
20
19
20
20
19
18
20
20
20
19
19
20
20
20
20
20
20
19
21
20
21
20
20
20
20
20
19
20
20
20
20
20
20
20
20
20
20
20
20
20
20
20
20
20
20
20
18
20
20
20
20
19
20
19
20
19
19
20
21
20
21
19
20
20
19
20
20
19
20
21
21
20
20
19
19
20
20
20
21
20
20
19
20
19
20
20
20
19
20
20
20
20
19
20
20
19
20
21
21
21
20
20
20
20
19
19
19
19
19
20
19
19
20
20
20
20
19
20
19
20
20
20
20
20
20
20
19
20
20
20
19
20
19
20
19
20
20
19
19
20
20
20
20
20
20
19
20
20
20
20
20
21
20
20
19
20
19
19
20
18
19
20
18
20
19
19
18
20
20
20
20
20
20
19
20
19
20
20
20
19
19
20
20
21
20
20
20
20
20
19
17
3
13
19
18
20
19
19
20
20
20
20
19
19
19
20
20
20
20
20
21
21
21
20
20
19
20
20
0
0
2
1
5
21
18
19
20
19
19
20
20
20
19
20
20
20
20
20
20
20
20
20
20
20
20
20
0
1
19
19
0
0
17
20
19
19
20
20
20
20
20
20
20
20
19
20
20
20
20
20
20
20
20
20
21
0
0
20
18
13
1
20
19
20
21
19
19
20
20
20
20
20
20
20
20
20
20
20
19
19
19
20
20
19
1
0
19
19
20
8
1
1
0
0
19
20
20
20
20
20
20
19
19
19
20
20
20
20
20
20
20
21
17
2
1
1
1
0
17
19
19
19
20
19
20
20
20
19
20
19
19
19
20
21
20
19
20
20
20
19
1
0
1
2
15
18
19
20
20
20
20
19
20
21
20
19
20
20
20
20
20
19
20
21
19
19
20
2
1
18
19
5
1
15
18
20
20
20
20
20
20
19
18
18
20
19
19
20
20
19
20
20
20
18
16
2
17
20
19
20
5
0
20
19
20
20
20
20
20
20
20
20
20
19
20
21
20
21
20
20
20
20
18
1
19
20
19
19
20
2
17
19
20
19
20
20
20
21
19
19
20
20
19
20
20
19
20
20
20
20
20
1
18
20
20
19
19
2
18
19
20
20
21
19
19
19
20
20
20
18
19
19
20
20
19
21
20
20
19
5
0
20
21
19
3
2
20
19
20
19
20
20
19
20
19
20
20
20
19
20
19
20
20
19
19
19
20
20
0
0
15
3
1
5
19
19
20
20
20
19
19
20
20
20
20
19
20
19
20
19
21
21
20
21
21
20
19
16
6
10
18
20
20
20
19
19
20
19
20
20
20
20
21
21
20
20
20
19
20
19
20
19
20
21
21
21
20
19
19
20
19
20
20
19
19
20
20
19
19
20
19
20
19
19
20
20
21
19
19
20
19
20
20
20
19
20
21
20
19
20
20
20
19
20
20
20
20
19
20
20
21
20
20
20
20
21
20
19
20
20
20
20
19
19
20
19
19
19
20
19
20
19
19
19
19
19
20
19
20
20
19
19
20
20
20
20
20
21
20
19
20
20
20
20
20
21
20
19
19
20
19
20
20
19
19
19
20
19
20
19
20
20
19
20
20
20
19
20
20
20
20
20
19
19
21
19
19
20
19
20
19
19
20
20
19
20
20
20
20
20
21
19
20
19
20
20
20
18
20
19
19
20
20
20
20
19
20
20
20
20
20
21
20
19
19
20
21
20
20
20
20
19
19
20
20
21
20
19
20
19
20
20
20
20
20
20
20
20
19
20
