20
20
20
20
20
20
20
20
19
20
21
21
20
20
20
20
20
21
20
20
20
20
20
20
20
21
20
20
20
20
20
21
20
21
20
21
20
20
20
20
21
21
21
21
20
20
20
21
20
20
20
20
20
20
20
20
20
20
20
19
20
21
21
21
20
20
20
21
20
21
21
21
21
20
21
20
20
20
20
20
20
20
21
20
19
20
21
20
20
20
20
20
20
21
20
21
21
20
20
20
20
20
20
21
21
21
20
20
20
19
19
20
20
20
20
20
20
20
20
21
20
21
20
20
20
20
21
21
21
20
20
20
20
21
20
20
20
20
21
20
20
20
20
21
20
20
20
21
20
20
20
21
19
20
20
21
20
20
20
21
21
21
20
21
20
20
21
19
20
20
20
21
20
20
20
21
20
20
20
21
20
19
21
20
20
21
21
21
20
20
20
20
20
20
21
20
20
20
20
21
19
20
20
20
20
20
21
20
14
6
5
11
20
20
20
20
21
20
20
21
21
20
20
20
20
21
20
21
20
20
21
20
21
20
20
4
1
17
18
2
4
20
21
20
21
20
20
20
21
20
21
20
21
20
21
20
20
20
21
19
20
20
7
1
19
20
20
18
2
15
15
20
20
20
20
20
20
20
20
20
21
20
20
20
20
21
20
21
20
21
2
19
19
20
20
21
2
1
20
20
21
21
20
20
20
20
20
20
21
21
21
21
20
20
20
21
21
12
2
20
20
20
16
14
3
18
20
20
21
21
20
21
21
20
20
20
21
20
20
21
20
20
20
21
20
12
3
20
20
20
21
2
1
19
20
20
21
20
21
21
21
20
20
20
21
21
21
20
20
21
21
20
21
18
4
20
19
20
3
12
20
20
19
20
21
21
20
21
21
20
20
20
21
21
21
21
21
20
20
21
21
21
13
5
20
8
3
20
21
20
21
20
20
21
21
20
20
21
21
20
21
21
21
21
21
20
21
21
21
21
19
2
6
2
20
21
21
21
20
21
20
20
21
21
21
20
20
21
21
21
21
21
22
20
21
20
20
20
20
17
2
9
20
21
21
21
21
21
21
21
21
21
20
21
21
20
21
21
21
20
21
21
21
21
21
21
21
3
1
3
19
21
21
20
21
21
21
20
20
20
20
20
19
21
21
21
20
20
21
21
21
21
22
22
10
2
17
2
21
21
21
20
21
20
20
20
21
21
20
21
20
20
21
20
21
20
21
21
21
20
21
15
4
15
19
2
22
21
21
20
21
21
21
20
20
21
21
20
20
20
21
21
21
21
21
20
21
21
21
3
2
9
3
6
20
20
21
21
21
21
21
21
21
20
20
21
20
20
21
21
20
21
21
21
21
20
22
20
17
18
17
20
21
21
21
20
20
21
21
20
20
21
21
20
21
20
21
21
21
21
21
21
20
21
21
21
21
21
20
21
20
21
20
21
20
21
21
20
21
21
20
21
20
21
21
21
21
21
21
21
21
20
21
21
21
21
21
21
21
21
21
20
21
21
21
21
20
21
20
21
20
20
21
20
21
22
21
21
21
21
21
21
21
21
21
21
21
21
20
21
21
21
21
20
21
20
20
20
20
21
21
21
21
20
21
20
21
21
21
21
22
21
20
20
21
21
21
21
21
20
21
20
20
20
21
20
20
21
21
21
20
21
21
20
19
20
21
21
21
21
20
21
20
21
20
21
20
21
21
20
21
20
20
20
20
21
21
21
21
21
21
21
21
20
20
20
20
20
21
21
21
20
20
20
20
20
20
20
21
20
21
20
21
21
