21
20
22
21
21
21
21
21
21
21
21
21
21
21
21
20
21
20
21
20
20
20
21
21
20
20
21
21
21
21
21
21
21
21
22
21
20
21
21
21
20
20
21
21
21
21
21
21
20
21
21
20
21
21
21
20
21
21
21
22
20
21
21
21
21
21
20
21
21
21
21
20
21
21
21
21
21
21
20
20
20
20
21
20
20
20
21
21
21
21
21
21
20
21
20
21
21
21
21
20
21
21
21
21
19
20
20
21
20
21
20
21
21
21
21
21
21
21
21
21
21
20
21
21
21
21
21
20
21
21
20
21
19
21
20
21
21
21
21
21
21
21
21
21
21
21
21
21
21
21
21
21
20
21
21
21
21
21
21
20
21
21
21
20
21
20
21
21
21
22
22
21
21
21
21
21
21
21
21
21
21
20
20
20
21
20
19
20
21
21
20
20
21
21
20
21
20
21
21
21
21
21
21
21
21
21
21
21
20
7
8
7
20
19
20
20
20
21
21
20
20
21
21
20
22
22
21
21
21
21
21
21
21
21
20
19
3
17
16
1
11
21
21
21
21
21
20
20
20
21
21
20
22
21
21
21
21
22
21
20
21
21
21
2
19
20
20
12
6
21
21
21
20
21
21
20
20
20
20
21
22
22
21
21
21
22
21
21
20
21
8
4
20
21
21
19
2
7
21
21
21
21
21
20
21
21
21
21
21
21
21
22
22
21
21
21
21
20
3
8
21
20
21
17
2
19
21
21
20
21
21
21
21
21
21
20
22
22
22
21
21
21
22
20
21
20
16
7
22
20
14
2
16
21
21
21
21
21
21
20
21
20
20
20
21
21
21
22
20
21
22
21
21
20
19
3
12
17
1
12
21
21
21
21
21
20
20
21
20
20
20
21
21
22
21
21
21
21
22
22
21
21
22
18
2
2
9
21
21
21
21
20
21
21
21
21
21
21
20
21
22
21
21
21
21
21
21
21
21
21
22
20
3
2
10
21
21
21
21
21
21
21
21
21
21
21
21
20
22
21
21
22
22
22
21
21
21
21
21
4
1
16
7
17
20
21
21
21
21
21
20
22
22
21
21
21
21
22
22
21
22
22
22
22
22
21
20
2
16
19
3
8
21
21
21
21
21
21
21
21
21
21
21
21
22
21
21
22
22
21
22
21
22
21
2
4
20
20
15
8
21
21
22
21
21
21
21
21
21
20
20
21
21
21
20
21
21
21
22
21
21
21
1
16
22
21
1
12
21
22
21
21
21
20
21
21
21
21
21
21
21
21
21
21
22
22
21
22
21
21
16
5
5
3
4
22
21
21
21
21
20
21
21
21
22
21
21
22
22
21
21
21
22
22
21
21
21
21
20
20
19
19
20
21
22
21
21
22
21
21
21
21
21
21
21
21
22
21
21
21
22
21
22
22
22
20
21
21
21
21
21
21
21
21
22
21
21
21
21
22
21
21
21
21
22
21
21
21
22
21
22
21
21
21
21
21
22
21
21
21
21
21
21
21
22
22
21
21
21
21
21
22
22
21
21
22
21
22
21
21
22
22
22
21
22
22
21
21
21
21
21
21
21
21
21
21
21
22
21
21
22
21
21
22
21
22
21
22
22
21
22
21
22
21
21
22
22
21
21
21
22
21
21
20
21
21
20
21
21
21
22
21
21
22
22
21
21
22
22
21
22
21
21
21
21
22
22
21
22
21
21
21
20
21
21
21
21
21
21
21
22
22
22
21
22
21
21
21
22
21
21
21
21
21
21
20
21
21
21
21
21
21
22
21
