21
20
22
21
21
21
21
20
21
21
21
21
21
21
20
21
20
21
21
21
21
21
21
21
20
20
21
21
21
21
21
21
21
21
21
21
21
21
20
20
21
21
21
21
21
21
22
21
21
20
21
21
21
21
21
21
21
21
21
21
21
21
21
21
21
21
21
20
21
20
21
21
21
21
21
20
21
21
21
21
21
21
21
22
21
22
21
21
21
21
21
21
21
21
21
21
21
21
21
21
20
21
21
21
21
20
21
21
20
21
21
21
21
21
21
21
21
20
21
21
21
21
21
21
21
21
20
20
21
20
21
21
21
21
21
21
21
21
21
22
21
21
22
21
21
20
21
21
20
20
21
20
21
21
21
21
21
21
21
21
20
21
19
20
21
21
22
21
21
21
20
21
20
21
21
21
21
20
20
20
20
21
21
20
20
21
21
20
21
21
21
21
21
21
22
21
22
21
21
21
21
21
21
21
21
21
21
4
3
1
2
7
14
21
21
21
21
21
21
21
21
21
21
21
21
21
22
21
21
21
20
21
21
21
16
2
17
18
17
1
8
20
21
21
21
20
21
21
21
21
20
21
21
21
21
21
21
21
21
20
20
21
18
2
8
20
17
1
8
20
20
21
21
21
21
21
21
21
21
21
21
21
21
21
21
21
21
21
21
20
19
16
5
10
18
2
4
18
20
21
21
21
21
21
21
21
21
21
21
21
21
21
21
21
21
21
21
21
20
19
12
6
17
1
13
20
20
21
21
20
20
21
20
21
21
20
21
21
21
21
21
21
21
21
21
21
21
20
16
4
1
3
19
20
20
21
21
21
20
21
21
21
20
21
21
21
21
21
21
21
21
21
21
22
20
21
18
0
2
21
21
21
20
20
21
21
20
20
21
21
21
21
21
21
21
21
21
21
21
20
21
21
21
21
18
1
6
21
21
20
20
20
21
21
20
21
20
21
21
21
21
21
21
21
21
21
21
21
21
21
21
20
1
5
6
20
20
21
20
21
21
21
20
21
21
21
21
21
21
21
21
21
21
21
21
20
21
21
21
5
2
17
6
19
21
21
21
20
20
21
21
21
21
21
20
21
20
20
21
21
21
21
21
21
21
21
17
1
8
17
4
19
21
20
21
20
20
21
20
20
21
21
21
21
20
21
21
21
21
21
20
21
21
20
13
3
20
18
3
11
21
21
21
21
21
21
21
21
21
20
20
20
21
21
21
21
21
21
21
21
21
20
1
12
21
19
2
13
21
21
21
21
21
21
21
21
21
21
21
21
21
21
21
21
21
21
21
20
21
19
16
6
12
11
4
17
21
20
21
21
21
21
21
20
21
21
21
21
20
21
21
21
20
21
21
21
21
21
20
18
17
17
18
21
21
21
21
21
21
21
21
21
21
20
21
21
21
21
21
21
21
21
21
21
22
21
21
21
22
21
21
21
21
21
21
21
21
21
21
21
21
21
21
21
21
21
21
21
22
21
21
21
21
21
21
22
21
21
21
21
21
21
21
21
21
21
21
21
21
21
21
21
21
21
20
21
21
21
21
21
21
21
21
21
21
21
21
21
21
21
21
21
20
21
21
21
21
21
20
21
21
21
21
21
21
21
21
21
21
21
21
21
21
21
21
21
21
21
21
21
21
21
21
21
21
21
21
21
21
21
21
21
20
21
20
21
21
21
21
21
21
21
21
21
21
21
21
21
21
21
21
21
21
21
21
20
21
21
21
21
21
20
21
21
20
21
21
21
21
21
21
21
21
21
20
21
21
20
21
21
21
21
21
21
