19
19
19
19
20
19
19
19
19
19
20
19
18
20
20
20
20
20
19
20
20
19
20
20
20
20
20
20
19
19
19
19
19
19
19
19
20
19
19
20
19
19
19
20
19
20
19
20
20
20
20
20
21
20
20
20
19
19
19
19
20
19
19
20
19
19
19
19
19
19
19
20
19
20
20
20
20
20
19
20
19
20
20
19
19
19
19
19
19
19
19
19
19
19
19
19
19
19
19
20
20
19
19
20
19
20
20
20
20
20
20
21
19
19
19
19
19
19
19
20
19
20
19
19
19
19
20
20
20
19
20
20
20
20
20
20
20
20
20
20
19
19
19
19
19
19
20
19
20
19
19
19
20
20
20
19
19
19
19
19
20
20
20
20
19
20
20
20
19
19
19
19
20
19
19
19
20
19
19
19
19
19
18
20
18
20
19
20
20
20
19
19
20
20
20
20
19
19
19
19
20
19
19
19
19
19
19
19
19
19
1
1
5
18
19
19
19
20
20
20
20
20
20
20
19
18
19
19
19
19
19
19
20
19
19
19
17
2
12
18
10
14
19
20
19
20
20
20
20
19
20
20
19
19
19
19
18
19
20
19
19
19
19
17
1
14
19
18
14
10
20
20
19
20
20
20
20
19
20
20
19
18
19
19
19
19
19
19
19
19
19
5
8
18
19
18
15
10
19
20
19
20
19
20
20
20
20
19
18
19
19
18
17
19
20
19
19
19
16
2
17
19
19
12
8
3
18
20
20
20
20
20
20
20
20
20
18
19
19
19
19
19
19
19
18
18
16
2
13
19
18
18
17
1
14
20
19
20
19
19
20
20
19
20
19
19
19
18
19
19
19
19
19
18
18
12
5
16
19
18
2
3
19
19
20
20
20
20
19
19
20
20
19
19
18
18
19
19
19
19
19
19
19
16
1
8
10
1
15
19
20
19
20
19
20
20
20
19
20
20
18
19
19
19
18
19
19
19
19
19
19
18
15
2
2
18
19
19
20
19
20
19
20
19
20
20
20
20
19
19
19
19
18
19
19
19
19
19
18
14
1
8
5
19
20
19
19
19
20
20
20
20
20
20
20
20
18
18
19
18
19
19
19
19
19
19
15
1
10
15
4
18
19
19
19
20
20
19
20
20
20
20
20
19
18
19
19
19
18
19
19
19
19
17
1
8
19
14
4
20
19
20
19
20
20
19
15
21
20
20
20
20
19
18
18
18
18
19
19
19
19
14
3
19
18
1
8
20
20
20
19
19
19
20
19
19
19
20
20
20
18
18
18
18
18
18
18
19
18
16
3
7
2
5
20
20
19
19
20
19
20
19
20
20
20
20
20
20
18
18
18
18
18
19
19
19
19
18
17
17
15
20
19
20
19
19
19
19
19
19
20
20
20
19
20
20
18
18
18
18
18
18
18
18
19
19
19
19
19
19
19
20
19
19
19
20
20
20
20
20
20
20
19
19
18
18
19
18
18
19
19
19
19
19
19
19
19
18
19
20
19
20
20
20
19
20
19
19
19
19
20
20
18
18
18
18
18
18
19
18
18
19
19
19
19
19
19
19
19
19
19
19
19
19
19
20
19
19
19
19
18
18
18
18
18
18
18
18
18
18
18
19
19
19
19
20
19
19
19
19
19
19
19
20
20
19
19
19
18
18
18
18
18
18
18
18
18
19
19
19
19
19
19
19
19
18
19
19
19
19
19
19
19
20
19
20
18
18
18
18
18
18
18
18
18
18
19
19
19
19
19
19
19
19
19
19
19
19
19
19
19
19
18
20
