26
25
27
26
26
27
26
28
26
27
27
26
24
26
25
27
25
26
27
27
27
27
26
27
27
27
27
27
27
26
26
26
27
26
27
27
25
27
26
27
24
26
27
27
25
27
26
26
28
26
26
26
26
27
27
27
27
26
26
27
26
26
26
27
26
25
27
27
25
26
25
27
26
26
26
26
26
27
26
25
27
26
27
25
26
22
27
26
26
26
27
27
24
26
26
26
25
26
26
26
28
26
27
27
25
26
26
26
25
26
26
25
26
26
25
26
26
26
27
26
25
26
26
27
27
26
26
27
26
26
25
26
25
27
26
25
26
26
26
25
26
27
27
27
26
26
26
27
26
26
26
26
26
26
26
26
26
26
26
26
26
26
25
27
26
26
26
25
26
26
26
27
25
26
27
26
26
27
27
26
27
27
26
25
25
26
25
26
28
28
26
26
25
26
25
25
27
27
27
27
26
27
27
26
26
27
26
26
26
26
25
26
27
27
26
26
26
26
26
27
27
27
26
26
27
25
26
26
25
26
26
26
27
26
26
26
26
26
27
25
25
26
27
26
26
26
26
26
26
26
25
26
27
26
26
26
26
27
26
26
26
26
28
26
26
27
26
27
26
27
27
26
25
26
26
27
26
27
26
28
25
27
27
27
26
27
26
29
14
7
14
12
11
11
28
26
27
26
27
26
26
27
26
26
26
26
26
26
26
26
26
26
26
26
28
14
17
25
26
26
25
10
10
28
26
26
26
25
27
27
27
27
27
26
25
27
26
25
27
25
26
25
25
7
10
27
26
25
26
26
29
18
26
26
26
26
26
27
25
26
27
26
26
26
25
26
26
26
26
27
26
26
5
12
28
26
26
26
31
26
25
28
26
27
26
26
26
26
27
27
24
27
25
26
26
25
26
26
26
25
26
14
12
18
23
13
7
18
27
25
26
26
25
26
26
26
27
27
26
26
27
26
26
26
26
25
26
25
26
26
28
11
11
19
25
25
26
26
25
26
26
27
25
26
25
26
24
27
26
25
26
25
26
26
26
26
25
26
11
1
28
12
8
26
26
25
26
27
27
26
26
27
27
26
26
26
26
26
27
26
25
25
26
26
26
5
9
26
25
28
11
8
26
25
26
26
26
26
26
26
26
26
26
27
26
26
27
27
26
27
26
26
30
13
28
26
26
25
8
7
26
26
27
26
27
26
26
26
27
27
27
27
27
26
27
26
26
26
27
26
26
11
23
23
10
13
12
29
26
26
26
26
26
26
26
27
26
26
27
26
26
25
26
27
26
28
27
26
26
19
6
6
10
10
28
26
26
26
26
26
25
26
26
26
24
26
26
25
26
25
25
26
27
25
25
26
25
27
26
24
26
26
26
26
26
26
26
26
25
25
26
26
26
25
26
26
27
26
27
26
26
27
26
26
27
26
26
27
27
25
27
25
27
26
26
27
27
27
26
27
26
25
26
24
26
25
27
26
27
27
27
26
27
26
26
25
26
26
24
27
26
26
26
26
25
26
26
26
26
27
27
23
26
26
26
25
26
27
26
25
27
26
26
26
26
26
27
26
26
26
26
27
26
25
26
26
26
26
27
26
26
25
26
26
26
26
27
26
26
26
26
26
26
26
27
27
26
25
27
26
26
25
26
26
27
26
26
26
27
26
25
26
27
25
26
26
26
27
26
26
26
25
26
27
26
26
27
26
25
27
26
26
25
25
27
24
26
26
26
26
26
26
27
26
26
26
25
26
26
24
26
25
26
26
26
27
27
25
26
25
26
27
26
26
