26
25
25
26
26
27
27
26
26
25
26
27
25
25
26
26
26
25
27
27
26
26
26
27
25
27
27
27
26
26
25
26
26
27
27
27
27
26
25
26
25
26
26
27
24
26
26
25
27
25
26
26
26
25
27
27
27
26
25
25
26
26
26
27
26
20
26
27
26
26
27
26
27
25
27
27
27
26
26
27
26
26
27
26
26
24
26
25
27
26
25
26
25
27
26
26
26
26
27
26
26
27
24
26
21
26
26
26
26
26
27
26
25
25
26
25
26
26
25
25
22
27
25
26
25
26
26
27
28
26
25
25
26
26
26
26
26
26
26
26
27
26
26
25
27
25
26
25
26
26
25
26
26
26
26
26
26
27
25
26
25
26
26
26
22
24
26
26
25
24
25
28
27
24
26
26
25
25
26
26
26
26
26
26
26
26
26
26
26
26
26
26
26
25
26
26
25
23
26
28
26
26
24
26
26
26
25
25
25
25
28
25
25
25
26
26
25
25
26
27
26
26
26
27
25
25
26
26
24
26
26
25
27
25
25
25
26
26
25
24
25
25
26
26
26
26
26
26
25
26
26
26
25
26
26
26
26
27
26
26
27
25
27
14
12
14
12
11
26
25
25
26
25
22
26
26
26
26
27
27
25
26
26
27
27
26
26
26
26
26
13
9
24
24
25
12
16
11
26
26
26
26
26
26
26
27
26
26
26
27
26
26
28
26
25
26
26
26
10
10
27
27
8
12
4
25
26
25
26
27
26
26
26
26
26
27
26
27
26
26
26
25
25
26
26
26
25
19
13
13
10
26
25
26
26
26
26
25
26
26
26
26
26
26
26
26
26
25
26
26
26
27
25
26
25
27
12
7
10
11
25
26
26
26
26
27
25
27
26
26
26
26
27
27
27
26
25
25
25
26
26
25
25
20
11
25
25
8
11
26
26
26
26
26
26
26
26
26
27
26
25
26
26
26
26
26
26
26
26
25
25
10
3
25
25
25
12
7
25
26
26
26
26
26
26
26
25
26
26
25
25
26
26
26
25
26
26
22
25
10
9
26
25
28
12
3
26
26
26
26
27
26
26
26
26
27
24
26
25
26
24
25
26
25
26
26
26
28
12
12
13
14
10
26
26
27
26
25
26
26
26
25
26
25
26
26
26
26
26
26
25
27
26
27
26
25
25
25
25
25
25
26
26
27
26
25
26
26
25
26
26
26
26
26
27
26
26
27
26
26
26
26
26
25
26
26
27
26
25
26
26
27
26
26
25
26
25
27
26
26
27
26
26
27
25
25
26
26
26
26
26
26
27
26
26
26
26
26
26
25
26
26
26
26
26
26
26
26
27
25
25
25
25
26
26
26
26
26
26
26
26
26
26
26
26
26
26
26
26
26
26
25
26
26
26
27
26
27
27
26
25
26
26
26
27
27
26
26
26
26
26
26
26
27
26
26
26
26
26
26
26
26
25
26
26
26
26
26
26
26
26
26
27
25
26
26
26
25
25
26
25
26
26
26
26
26
26
25
26
26
26
26
26
27
26
26
26
27
26
26
27
26
26
26
26
26
26
26
26
26
26
26
26
26
26
26
26
25
26
26
25
26
25
26
26
26
26
26
26
26
26
26
26
26
26
26
26
26
26
26
26
26
26
26
26
26
25
26
25
25
25
26
25
25
26
26
25
26
25
26
26
26
26
26
26
26
26
26
25
26
26
25
26
25
26
26
25
27
25
26
26
26
26
26
26
25
26
26
26
26
26
26
26
26
26
25
26
26
25
27
26
26
26
26
