25
25
23
24
25
26
25
25
26
25
26
25
26
26
26
25
25
26
26
26
26
26
26
25
26
26
27
26
25
24
25
25
26
26
24
25
24
26
25
25
26
26
25
25
24
26
26
25
24
25
26
27
26
26
26
26
25
25
26
25
25
25
26
25
25
25
25
26
25
26
26
26
25
26
26
26
26
26
25
26
26
26
25
26
25
25
24
25
26
25
25
25
26
25
26
25
26
25
25
26
25
25
25
24
25
25
26
26
26
26
26
25
25
26
25
26
26
26
25
25
26
25
26
25
25
25
26
25
26
27
25
25
26
26
26
26
26
26
26
27
26
26
25
25
25
25
25
25
25
25
26
13
9
16
26
25
26
26
26
26
26
25
26
26
26
26
26
27
25
26
25
26
25
25
26
25
25
12
12
19
27
9
9
25
25
25
24
25
25
25
26
27
26
26
26
26
25
25
25
26
25
25
25
24
26
12
4
25
25
25
10
12
25
26
26
26
25
26
26
26
26
25
26
26
25
26
25
25
25
26
25
25
25
3
10
25
25
25
9
19
15
26
27
26
26
27
26
26
27
25
25
26
25
26
25
26
25
25
25
25
25
26
11
20
25
25
20
11
26
26
25
25
26
26
25
26
26
26
26
25
26
25
26
25
25
25
25
25
25
25
26
11
25
28
11
24
25
26
26
26
26
27
26
26
26
26
26
26
25
26
24
25
25
24
25
25
25
25
25
15
11
11
22
25
25
26
25
25
26
26
26
26
26
25
26
26
24
23
26
25
25
25
25
26
24
25
25
25
2
10
17
25
26
26
25
26
26
26
25
26
26
26
25
25
23
25
26
25
25
26
25
26
25
25
25
28
11
12
11
28
26
25
25
25
26
26
27
26
25
26
24
26
25
24
26
24
25
25
25
26
26
25
25
10
10
11
10
27
26
26
24
25
26
26
26
25
26
26
26
25
26
25
26
25
27
25
26
25
26
26
25
24
24
25
25
26
25
26
26
26
25
25
25
26
26
26
26
26
25
26
26
26
24
25
26
26
27
27
26
25
26
24
25
26
26
25
27
26
26
26
26
26
26
26
26
26
25
25
25
26
25
25
25
26
27
25
25
25
26
26
26
25
25
26
25
25
26
26
26
26
26
26
26
25
26
26
26
26
24
25
26
26
26
25
26
26
25
26
26
25
25
25
26
25
26
25
26
26
26
26
26
26
26
25
25
24
26
26
26
25
26
26
25
25
26
26
26
26
26
25
26
25
26
26
26
26
26
27
26
26
25
25
24
24
25
25
26
25
26
25
26
25
25
25
25
26
26
26
26
26
26
27
25
26
26
26
26
26
25
25
25
25
26
25
25
25
26
25
26
25
26
25
26
25
26
26
26
25
25
26
26
26
26
25
26
26
25
25
25
25
26
25
26
24
26
26
26
26
25
26
25
25
26
25
26
23
25
26
26
26
26
26
26
25
24
25
25
21
25
25
25
26
25
26
26
26
26
26
25
26
25
26
26
25
26
25
25
25
26
26
27
27
25
25
25
26
25
25
26
26
25
25
25
26
24
25
25
26
25
25
26
26
26
26
25
25
25
27
26
26
26
25
25
25
25
25
24
25
25
25
25
26
25
25
26
25
26
26
26
26
26
24
25
25
27
26
25
26
25
25
25
25
26
26
25
26
25
26
25
26
26
26
25
26
26
26
25
26
26
25
25
26
26
27
26
25
25
24
25
25
24
26
25
26
25
26
24
26
26
26
25
25
25
26
25
25
25
26
26
25
27
26
26
26
