25
27
26
25
27
28
26
26
27
26
26
26
26
26
25
26
26
26
27
26
26
27
26
26
26
26
26
26
26
26
26
26
25
27
27
27
27
27
26
26
26
25
26
25
25
27
26
25
27
26
27
26
26
26
26
26
24
26
25
24
27
27
26
26
26
25
27
25
26
26
26
27
25
26
26
26
25
26
26
26
26
26
26
26
26
26
25
27
26
25
25
27
25
26
26
25
26
26
27
25
24
25
26
26
26
26
26
26
24
26
27
26
26
26
27
27
26
26
26
27
26
25
26
26
26
26
26
25
26
26
26
26
26
25
26
26
26
25
26
26
27
26
26
26
26
26
25
26
26
25
25
26
26
25
25
25
26
25
26
26
27
26
27
26
26
26
25
25
27
24
27
26
26
26
26
26
27
26
25
26
26
26
26
26
26
26
27
27
26
26
26
26
26
26
26
26
26
26
26
25
26
25
26
26
27
26
26
25
25
25
25
26
26
26
26
26
26
26
26
26
26
26
26
26
28
26
26
26
26
26
27
26
26
26
25
12
13
11
8
20
25
25
27
26
26
27
26
26
25
26
26
26
28
26
24
26
26
27
27
26
26
26
17
11
25
25
27
10
10
29
26
26
25
27
26
26
24
26
26
26
26
27
26
26
26
26
26
25
26
26
28
15
11
25
26
26
13
11
27
26
26
25
26
27
25
26
26
26
26
25
24
27
27
26
26
26
25
25
26
14
11
26
25
26
29
11
29
26
25
27
24
26
27
27
26
26
27
26
27
26
25
26
26
26
26
24
25
25
10
12
28
20
25
8
26
23
26
26
26
26
26
27
26
26
27
26
25
24
25
26
26
26
25
25
26
26
8
12
11
29
7
25
24
26
24
26
26
25
26
26
26
26
27
27
24
25
26
26
27
26
26
26
27
11
13
25
9
11
28
25
26
26
26
26
26
26
26
27
27
26
26
26
27
22
26
25
25
25
25
26
17
12
26
25
26
11
11
26
26
26
26
26
27
26
26
27
26
25
25
26
26
26
24
26
26
26
25
26
6
11
25
26
25
27
12
5
26
26
26
26
27
27
26
26
26
25
26
24
25
20
25
26
27
27
25
26
7
11
10
12
12
12
10
27
26
26
26
26
26
24
26
26
26
26
25
26
24
27
26
25
26
26
26
28
26
25
23
23
28
24
25
26
26
25
26
26
25
26
27
26
26
27
26
26
27
27
26
26
26
26
26
26
26
26
25
26
26
24
26
26
25
27
26
26
26
26
27
26
25
27
26
27
26
26
27
26
26
26
26
26
26
26
26
25
25
26
26
26
25
25
26
26
26
26
26
26
26
26
26
26
26
26
26
26
26
26
26
27
27
26
26
26
26
27
26
26
26
26
26
26
25
25
26
26
27
26
27
25
26
26
27
26
26
26
26
25
26
26
26
26
25
26
26
26
27
26
25
27
26
25
25
27
26
26
26
26
26
26
27
26
27
26
26
27
26
26
25
27
26
26
26
27
26
26
26
25
25
27
26
26
26
26
26
26
26
26
26
28
26
27
27
26
27
27
26
27
26
24
25
26
26
26
25
26
26
26
26
28
26
26
26
26
26
25
26
26
26
26
25
26
26
27
27
26
26
26
25
25
26
26
26
26
25
26
26
25
26
26
25
26
26
25
25
26
28
25
26
25
26
26
26
27
26
26
25
26
26
27
26
26
26
25
26
26
25
26
26
26
26
25
26
26
26
26
25
25
26
26
26
26
26
26
26
24
26
25
26
26
25
26
26
26
26
26
