25
26
26
26
26
26
26
25
27
26
25
26
26
25
26
26
27
26
26
26
26
27
27
27
27
27
26
26
26
26
26
26
26
25
26
26
25
24
27
25
26
26
25
26
26
26
26
26
26
26
25
27
26
25
25
28
27
25
25
26
27
27
25
26
26
26
27
27
26
26
27
27
26
25
27
26
26
27
26
26
26
26
27
27
26
26
25
26
27
26
27
27
26
26
26
26
26
25
27
26
26
26
27
26
26
26
26
26
27
26
26
28
26
24
26
26
26
26
26
26
26
25
26
26
26
26
27
26
26
26
26
26
26
25
26
26
27
27
24
27
26
26
27
26
26
26
25
26
26
25
26
26
25
27
27
26
26
26
27
27
27
25
26
25
26
27
26
26
25
26
26
26
26
26
26
26
26
26
25
26
26
26
26
25
25
26
25
27
27
26
26
27
27
27
26
26
25
26
26
27
26
26
26
26
26
26
25
26
26
26
26
26
26
26
26
25
26
25
26
26
26
26
27
27
26
26
26
26
26
26
27
26
26
26
25
29
13
12
11
12
8
26
26
26
26
27
26
27
27
26
27
25
27
26
26
25
26
26
27
26
26
25
8
12
29
25
25
28
11
11
26
26
27
27
26
26
27
27
26
26
26
26
26
26
26
22
26
25
25
26
10
11
26
26
26
26
29
11
28
26
27
26
26
26
25
26
26
27
25
25
26
26
26
25
26
26
25
26
22
11
22
26
26
26
31
16
25
26
27
26
27
26
27
25
24
27
27
26
26
26
26
25
26
26
26
26
25
13
11
17
26
26
29
11
29
26
26
27
26
27
26
26
26
26
26
26
26
27
26
25
26
26
25
25
25
25
19
12
9
25
12
27
26
26
26
25
26
26
27
26
26
26
26
26
26
26
26
26
26
26
26
27
26
25
26
23
10
11
17
26
25
26
26
27
27
26
26
26
26
27
26
26
27
26
27
25
26
26
26
26
25
25
25
14
11
23
11
11
26
26
27
25
27
26
26
27
27
27
26
26
25
26
26
24
26
26
26
26
26
26
30
11
8
26
24
11
17
26
26
26
26
26
27
26
25
26
26
26
26
26
26
26
26
27
25
26
26
26
27
7
11
11
12
10
29
26
26
25
26
27
26
27
27
25
26
26
26
27
26
26
25
26
25
26
26
26
26
26
26
26
26
25
26
26
26
26
26
27
26
27
26
26
26
26
25
26
26
26
26
26
25
26
26
26
27
26
26
26
27
26
26
26
27
26
26
26
27
27
26
25
26
25
26
26
26
25
27
25
25
26
27
25
27
25
26
26
26
27
25
26
27
27
27
28
26
27
27
27
26
25
26
27
26
27
26
27
27
27
26
26
26
26
26
26
27
26
27
26
27
26
27
25
26
25
26
24
26
25
25
27
26
27
27
27
26
26
26
27
27
25
26
27
27
27
27
27
26
26
26
26
25
27
25
27
26
26
26
26
27
26
26
26
26
26
27
28
26
27
26
25
26
27
26
26
26
25
27
24
26
25
26
27
24
25
27
26
26
26
27
26
27
26
26
28
28
27
26
26
26
26
27
26
26
26
26
26
26
26
27
27
27
26
27
25
25
27
26
26
26
26
27
27
26
26
25
26
26
26
28
26
25
26
26
26
26
26
25
26
26
26
26
26
26
26
26
26
26
26
27
27
26
26
26
26
26
26
26
26
26
26
27
26
26
26
26
26
26
27
26
26
25
26
26
26
26
26
26
26
26
25
26
26
26
27
27
26
26
27
26
26
27
27
26
26
