21
21
21
21
21
21
21
21
21
21
21
21
21
20
21
21
21
21
20
21
21
20
21
21
21
20
21
21
20
21
21
21
20
21
20
21
21
21
21
21
21
21
20
21
20
20
20
20
21
21
21
20
21
20
20
20
21
22
21
21
20
21
21
21
21
20
21
21
20
20
20
20
20
20
20
21
21
21
20
21
21
20
20
21
21
20
21
20
20
20
20
21
20
20
21
21
21
21
21
21
21
21
21
21
21
21
20
21
21
20
21
20
20
21
21
21
20
21
20
21
21
20
21
20
21
20
21
21
20
21
19
21
21
21
20
20
21
21
20
20
21
20
21
21
20
20
21
20
20
20
21
20
21
20
20
21
21
20
20
21
21
20
20
20
20
21
20
21
20
20
20
21
21
21
21
21
20
20
20
21
20
21
24
0
17
19
21
21
20
21
21
19
20
20
21
20
20
20
21
20
20
20
20
20
20
20
20
20
6
0
23
26
0
1
21
20
20
21
20
20
20
20
20
20
20
20
20
20
21
20
20
20
21
20
21
27
1
26
23
21
3
1
20
20
20
21
20
20
20
20
20
20
21
21
21
21
20
20
20
21
21
20
21
1
4
21
20
24
1
27
21
21
20
20
20
21
20
20
20
20
20
20
21
20
20
20
20
20
20
21
20
1
1
20
21
1
5
23
20
20
20
20
20
20
20
20
20
21
20
20
20
20
20
21
20
20
20
20
20
27
1
25
5
0
21
20
21
20
20
20
20
20
20
20
20
20
20
20
20
20
20
20
20
20
20
20
20
19
1
1
1
26
21
20
20
20
20
20
20
20
20
20
20
20
20
20
20
20
20
20
20
20
20
20
20
20
24
1
3
21
20
20
20
20
20
20
20
20
20
19
20
20
20
20
20
20
20
20
20
20
20
20
20
21
26
0
1
24
20
20
20
21
20
20
20
20
20
20
20
20
20
20
20
20
20
20
20
21
20
20
20
19
0
23
2
1
20
20
20
20
20
20
20
20
20
20
19
20
20
20
20
20
19
19
19
20
20
20
19
24
0
23
24
0
24
21
20
20
20
20
19
20
20
20
20
19
20
20
20
20
20
19
20
20
20
20
20
1
23
21
20
23
0
20
20
20
20
20
20
20
20
20
20
19
20
19
19
19
20
20
20
20
20
20
24
1
20
20
23
9
0
20
20
20
20
19
20
20
19
20
20
19
20
20
19
20
20
20
20
20
20
21
21
0
21
25
1
0
27
20
19
19
19
19
19
19
19
20
20
19
19
20
19
20
20
19
20
19
20
20
3
1
1
0
0
6
21
20
20
20
19
20
20
19
19
19
20
19
19
19
20
19
20
19
19
19
19
19
21
19
4
23
23
20
20
20
20
20
20
20
20
19
19
19
19
19
19
19
19
19
19
20
19
20
20
20
20
20
21
20
20
20
20
20
20
20
20
19
19
19
19
19
19
20
19
20
20
19
20
18
19
20
19
19
19
19
19
20
20
20
20
20
19
19
19
19
19
20
19
19
19
19
18
20
19
20
19
19
19
19
19
20
19
19
19
20
20
20
19
19
20
19
19
19
19
19
19
20
21
19
19
19
19
19
20
19
19
19
20
19
20
19
20
19
19
19
20
20
18
19
20
19
19
19
19
19
19
19
19
19
19
19
21
19
19
19
19
19
19
19
20
19
19
19
20
19
19
19
19
19
18
19
19
18
19
19
19
19
19
19
19
19
19
19
19
19
19
19
19
19
19
19
19
19
19
19
19
19
19
19
19
19
19
19
