25
25
25
27
25
25
25
25
25
25
25
25
25
25
25
25
26
26
25
25
25
25
25
25
25
25
25
25
26
25
25
25
25
25
25
25
25
26
25
25
25
25
25
25
26
25
25
25
25
25
25
25
27
25
26
25
25
25
25
24
25
25
25
25
25
25
25
25
25
25
22
24
25
25
26
25
26
26
25
25
25
25
25
25
25
25
25
25
25
25
25
25
25
25
25
18
17
12
8
12
17
12
14
16
24
26
25
25
25
25
26
26
25
24
25
25
25
25
25
25
25
16
11
10
9
12
11
10
13
10
8
9
11
20
25
25
25
25
25
25
25
25
25
26
25
25
25
24
14
8
9
22
24
22
24
25
25
25
25
15
7
14
16
25
25
26
26
26
25
25
25
25
25
25
22
14
11
17
24
24
24
25
25
25
25
26
25
25
11
8
8
21
25
25
25
26
25
25
25
25
25
24
13
10
12
25
25
25
25
25
25
25
25
25
25
26
23
9
12
17
25
25
25
25
25
25
25
25
25
25
9
15
12
25
25
25
25
25
25
25
26
25
25
25
12
10
14
24
25
25
25
25
25
25
25
25
25
25
22
7
10
21
25
25
25
25
25
25
25
25
24
17
13
13
24
25
25
25
25
25
25
24
25
25
25
25
24
7
7
11
15
25
25
25
25
25
25
24
10
10
14
23
24
25
25
25
25
25
25
25
25
25
25
26
25
25
10
6
10
15
23
25
25
25
20
13
11
15
24
25
25
25
25
26
24
26
25
25
25
25
25
25
25
25
24
22
8
19
11
17
24
14
15
16
22
24
25
25
25
25
26
26
25
25
25
26
26
25
25
25
25
25
25
25
24
20
8
11
14
12
11
21
25
25
25
25
25
25
25
26
25
25
26
25
26
25
26
25
25
25
25
25
25
24
12
8
8
11
11
24
26
26
25
26
25
25
25
25
25
25
25
25
26
25
25
25
25
26
25
25
17
10
9
21
23
12
9
17
21
25
26
26
25
25
25
25
25
25
25
25
26
25
25
25
25
25
24
17
11
16
23
25
25
24
12
10
9
25
25
25
26
26
25
25
25
25
25
25
25
26
25
25
26
25
18
9
12
24
26
25
25
25
23
12
9
14
25
25
26
25
25
26
25
25
26
25
25
25
26
25
25
20
10
12
24
25
25
27
25
26
24
11
17
12
24
25
25
25
26
26
25
25
26
25
25
26
26
25
22
9
9
22
25
25
25
26
25
26
23
9
19
17
24
25
25
25
24
26
25
26
26
25
25
25
25
24
11
10
24
25
25
26
25
25
25
24
15
9
9
24
25
25
25
25
25
25
25
25
26
26
25
24
25
15
11
11
23
25
25
25
26
26
25
25
10
10
12
24
26
25
25
25
26
26
25
26
25
26
25
25
24
12
10
14
25
25
25
25
25
25
24
15
11
10
24
25
26
25
25
26
25
25
25
26
25
25
25
25
21
9
10
14
24
24
25
25
22
12
10
9
15
25
25
26
25
26
25
25
26
26
25
25
25
25
26
25
26
18
8
10
8
11
11
7
9
12
16
24
25
25
25
26
25
25
26
25
25
25
26
26
26
26
26
26
25
25
26
24
24
24
25
25
25
25
25
25
25
25
25
26
26
25
25
25
25
25
26
26
26
26
26
26
25
25
26
25
26
26
26
25
26
25
25
26
26
26
26
26
26
25
25
26
26
25
26
26
26
26
26
26
26
25
25
26
26
25
25
26
25
25
26
25
26
25
26
27
26
26
26
26
25
26
26
26
