22
22
22
22
22
22
22
22
22
22
22
22
22
22
22
22
22
22
22
22
22
22
22
22
22
22
22
22
22
23
22
22
22
22
22
22
22
22
22
22
22
22
22
22
22
22
22
22
22
22
22
21
22
21
22
22
22
22
22
22
22
22
23
22
22
22
22
22
22
22
22
22
22
22
22
22
22
22
22
22
22
22
22
22
22
22
22
22
22
22
22
22
22
23
22
22
22
22
22
22
22
22
22
22
22
22
22
22
22
21
22
22
22
22
22
22
22
22
23
22
22
22
22
22
22
22
22
22
22
22
22
22
22
22
22
22
22
21
22
22
22
22
22
22
22
22
22
22
22
22
22
22
22
22
23
23
23
22
22
22
22
22
22
22
21
22
22
21
22
22
22
22
22
22
22
22
22
22
22
22
22
20
1
7
26
23
22
22
22
22
22
22
22
22
22
21
22
22
22
22
22
22
22
22
22
22
22
22
1
0
3
1
1
23
22
22
22
22
22
22
21
22
21
22
22
22
22
22
22
22
22
22
22
22
23
26
0
26
23
24
0
23
22
22
22
22
22
22
22
22
21
22
22
22
22
22
22
22
22
22
22
22
22
1
25
22
22
1
27
23
22
22
22
22
22
22
22
22
22
22
22
22
22
22
22
22
22
22
22
22
23
1
1
23
26
0
23
22
22
22
22
22
22
22
22
22
22
22
22
22
22
22
22
22
22
22
22
22
22
26
0
24
1
19
22
22
22
22
22
22
22
21
22
22
22
22
22
22
22
22
22
22
22
22
22
22
22
22
20
0
1
22
22
22
22
22
22
22
22
22
22
22
22
22
22
22
22
22
22
22
22
22
22
22
22
23
22
1
1
24
23
23
22
22
22
22
22
22
22
22
22
22
22
22
22
22
22
22
22
22
22
22
23
22
1
1
0
24
22
22
22
22
22
22
22
22
21
22
21
22
22
22
22
22
22
22
22
22
22
22
22
26
0
24
27
1
22
22
22
22
22
22
22
22
22
21
22
22
22
22
22
22
22
22
22
22
22
22
22
1
28
23
24
0
25
22
22
22
22
22
22
22
22
22
22
21
22
22
22
22
22
22
22
22
22
22
24
1
24
22
22
1
24
22
22
22
22
21
22
22
22
21
21
22
22
22
22
22
22
22
22
22
22
22
22
1
22
23
24
0
22
22
22
22
22
22
21
21
21
21
22
21
22
22
22
22
22
22
22
22
22
22
24
1
25
27
0
6
23
22
22
22
22
22
22
21
22
21
21
21
22
22
22
22
22
22
22
22
22
22
23
1
0
1
0
24
22
22
21
22
22
21
21
22
22
23
21
21
22
22
22
22
22
22
22
22
22
22
22
23
24
26
24
22
22
22
22
22
22
21
22
21
22
22
21
21
22
22
22
22
22
22
22
22
22
22
22
22
22
22
22
22
21
21
22
22
22
21
21
22
21
22
21
21
22
22
22
22
22
22
22
22
22
22
22
22
22
22
22
22
21
21
22
22
21
21
21
21
21
21
21
21
22
22
22
22
22
22
22
21
22
22
22
22
22
22
22
22
22
21
21
21
21
22
21
21
21
21
21
21
22
22
22
22
22
21
22
21
22
22
22
22
21
22
22
21
22
21
21
21
21
21
22
21
21
21
21
21
22
22
22
22
22
22
22
22
22
22
21
22
22
22
21
21
21
22
21
21
21
21
20
21
21
21
21
21
22
21
22
22
22
22
22
22
21
21
21
21
22
22
21
22
21
21
21
21
21
21
21
21
21
21
21
21
