21
21
21
21
21
21
21
21
21
21
21
20
21
21
21
21
21
21
21
21
21
21
20
21
21
21
21
21
21
21
21
21
21
21
21
21
21
21
20
22
21
21
21
21
21
21
21
21
21
21
20
21
21
21
21
21
21
21
21
21
21
21
21
21
21
20
21
21
20
21
19
21
20
21
20
21
21
21
21
21
21
21
21
21
21
21
21
21
21
21
21
21
21
21
20
19
17
20
20
21
21
21
21
21
21
21
21
20
20
21
21
21
21
21
21
21
21
21
21
21
21
20
21
20
20
21
21
21
21
25
21
21
21
21
21
21
21
21
21
21
21
21
21
20
21
21
21
21
21
21
19
20
21
21
20
21
22
0
25
21
21
21
21
21
21
21
21
21
21
22
21
21
21
21
21
20
21
20
20
17
1
0
23
22
17
1
20
21
21
21
20
20
21
21
20
21
21
21
21
21
21
21
21
21
21
21
26
1
25
23
12
25
0
7
22
21
21
21
22
20
20
21
21
21
21
21
21
21
21
21
21
21
21
20
1
2
21
21
23
1
29
15
21
21
20
15
16
22
23
22
21
20
21
21
21
21
21
21
21
21
20
20
12
1
21
21
1
26
22
22
21
21
20
21
20
21
16
11
20
21
21
21
21
20
21
21
21
20
21
20
20
0
26
15
2
21
21
21
21
21
21
21
20
21
20
19
21
21
21
21
21
21
21
21
20
21
20
20
21
24
1
0
23
21
21
21
21
21
21
21
20
21
20
20
21
20
21
21
21
21
21
21
21
20
20
21
20
21
0
2
22
21
21
21
21
21
20
20
21
21
20
21
21
21
21
21
21
20
21
21
21
20
20
21
20
24
1
1
26
21
21
20
21
21
21
20
21
21
20
21
21
21
20
21
21
20
21
21
20
21
20
20
19
0
24
24
0
23
21
20
21
21
21
21
21
21
20
21
20
21
21
20
21
21
21
21
20
21
21
21
21
0
22
21
0
0
21
21
20
20
20
20
21
21
21
21
21
20
21
21
20
20
21
20
20
21
21
20
20
1
21
21
26
1
25
21
21
21
21
21
21
21
20
20
20
20
21
21
20
20
20
21
20
20
20
20
2
1
21
20
21
1
25
21
21
21
21
20
21
20
20
21
20
20
20
20
21
20
20
21
21
20
20
21
1
0
20
21
23
1
25
21
21
20
20
21
20
21
20
20
20
20
21
20
20
20
21
21
21
19
21
21
23
1
27
23
10
0
21
21
21
20
20
20
20
20
20
20
20
20
21
21
20
21
21
21
20
21
21
21
24
1
1
2
1
10
21
21
21
20
21
21
20
20
20
20
20
19
21
20
19
20
20
19
21
21
20
20
21
23
5
0
9
21
21
21
21
20
21
20
20
20
20
21
20
20
20
20
21
21
21
21
19
20
20
21
22
19
20
21
21
20
20
21
20
21
20
20
20
20
20
21
21
20
21
20
21
20
22
20
21
20
20
20
20
21
21
20
20
20
20
21
20
20
20
20
21
20
19
20
20
20
20
20
20
20
21
20
20
20
20
20
21
20
20
20
20
20
20
20
20
20
20
20
19
18
20
20
20
20
21
20
20
20
20
20
21
19
20
20
20
20
20
20
20
20
20
20
20
20
20
20
20
18
20
19
20
19
20
20
21
19
20
20
19
19
20
20
20
20
20
20
20
20
20
20
20
20
20
19
19
19
18
20
19
20
20
20
20
20
20
20
20
19
20
20
20
20
20
20
20
20
19
19
20
20
19
20
20
19
20
19
20
19
