21
21
21
21
21
21
20
21
21
20
21
21
21
21
21
21
21
21
21
21
21
21
21
21
21
21
21
21
21
21
21
21
21
21
21
21
20
21
21
21
20
21
21
21
21
21
20
21
21
21
21
21
21
21
21
21
21
21
20
21
20
20
21
21
20
20
17
20
21
20
21
21
21
21
21
21
21
21
22
21
22
21
21
21
21
21
21
21
21
21
21
21
20
21
12
21
21
22
21
21
22
22
19
21
21
21
21
20
21
20
21
21
21
21
21
21
21
21
22
20
20
21
20
20
20
21
21
21
21
12
21
21
21
21
20
20
21
20
21
20
21
21
21
21
20
21
21
21
20
21
21
21
21
21
21
20
9
25
20
19
21
21
22
22
22
20
20
21
21
21
21
21
21
20
20
20
20
21
21
20
20
23
20
22
23
1
21
20
21
21
21
20
19
20
20
21
21
21
20
21
20
21
21
21
20
22
20
21
0
0
1
20
25
0
22
20
22
21
21
20
20
20
19
20
20
21
20
20
20
21
20
20
21
21
19
25
0
21
22
21
2
2
20
21
20
21
22
16
20
21
18
20
21
21
21
20
20
21
21
21
20
21
20
1
25
21
21
26
0
26
20
23
20
21
21
20
20
20
20
16
21
21
21
20
20
20
21
20
20
19
20
0
23
20
21
1
25
20
21
20
21
20
20
20
21
20
20
19
20
20
21
20
18
21
20
20
20
20
21
0
25
21
1
0
21
22
21
20
20
21
21
21
20
21
21
20
21
21
21
20
20
21
20
21
20
20
20
1
1
27
0
24
21
21
21
21
21
21
20
21
19
21
20
20
20
20
20
20
19
20
20
20
21
21
20
20
0
0
29
22
21
21
22
20
21
20
21
21
20
20
20
20
21
20
20
20
20
20
21
21
21
21
20
20
2
0
25
20
21
21
21
21
20
21
21
20
21
21
22
21
20
21
20
20
20
20
21
21
20
20
20
26
1
27
0
25
21
22
21
21
20
20
21
21
20
20
21
20
21
20
20
20
20
20
21
21
20
21
20
0
20
21
20
1
21
22
21
21
20
20
20
21
20
20
21
20
21
20
19
20
20
20
21
20
20
20
25
0
21
21
22
0
25
21
21
19
20
20
20
19
20
20
20
20
20
20
20
20
20
20
22
20
21
21
1
27
20
20
20
0
24
20
20
21
21
20
21
20
20
20
20
20
20
20
20
20
19
20
20
19
20
19
1
26
20
20
22
0
27
20
20
20
20
20
20
20
20
20
20
20
20
20
19
20
20
20
20
20
20
21
0
27
25
25
1
1
23
20
21
20
20
21
20
20
20
20
19
20
20
20
21
20
19
20
20
20
20
21
2
0
1
0
1
27
21
20
21
20
20
19
19
20
19
20
20
20
20
19
20
20
20
20
21
19
20
20
21
21
25
24
23
21
20
20
20
20
19
19
20
20
21
19
20
20
20
19
19
20
19
20
19
20
19
20
20
20
21
21
20
21
20
19
20
20
19
20
19
20
20
20
21
20
19
20
19
19
20
18
20
20
20
20
20
20
20
20
20
20
20
20
20
20
20
20
20
19
20
20
20
19
18
20
20
20
20
20
20
20
20
20
20
20
20
20
20
20
20
20
20
20
20
20
20
19
20
19
20
19
20
19
20
20
19
20
20
19
19
19
19
19
20
19
20
20
20
19
19
19
19
19
19
19
20
19
20
19
19
19
20
19
19
19
19
19
19
19
19
20
19
20
20
19
20
19
19
19
19
19
20
19
20
19
20
19
