21
21
21
21
21
21
21
21
21
21
20
21
21
21
20
21
21
21
21
21
21
21
20
21
21
21
21
21
21
21
21
21
21
21
20
21
21
21
21
21
21
21
21
21
21
21
20
21
21
21
21
21
21
21
21
20
21
21
21
21
21
21
21
21
21
20
21
21
21
20
21
21
20
20
20
20
21
21
21
21
21
21
21
21
21
21
20
21
21
21
21
20
20
20
21
21
20
20
21
21
20
21
20
20
20
21
21
20
21
20
21
21
21
21
21
21
21
20
20
20
20
21
20
20
21
20
21
21
21
21
20
20
21
21
21
21
21
21
21
20
21
21
21
21
20
21
21
21
20
20
20
21
20
20
20
20
20
20
21
20
20
20
21
21
20
21
21
20
21
21
21
20
21
21
21
20
21
21
21
21
20
19
14
17
21
21
21
20
20
20
20
21
21
21
21
21
21
21
20
20
21
21
21
21
21
21
21
20
20
7
1
15
19
20
20
20
20
21
21
21
21
20
21
21
21
20
21
21
21
21
21
21
21
20
20
20
3
8
9
2
17
20
21
21
20
20
21
21
21
21
21
21
21
21
21
21
20
21
21
21
20
19
19
2
6
20
13
2
17
19
20
20
20
20
20
21
20
20
20
20
21
21
20
21
21
21
21
20
19
18
4
11
20
20
17
2
16
19
20
19
20
20
20
21
21
20
21
21
21
20
21
20
21
21
20
20
12
2
14
18
19
19
20
3
12
19
19
18
20
20
20
20
20
20
20
20
20
20
21
21
21
20
20
20
6
3
3
10
15
17
21
4
11
21
20
20
19
20
20
20
21
20
20
20
20
20
21
21
20
21
21
21
20
15
8
5
5
5
4
4
2
4
4
4
20
21
20
20
20
20
21
20
20
21
20
20
21
21
21
21
21
20
21
20
21
20
21
6
4
19
18
18
19
20
20
20
20
21
21
20
20
21
21
20
21
21
20
21
21
20
21
21
21
21
21
7
1
20
20
20
19
20
20
20
20
20
20
20
20
20
20
20
20
20
20
20
20
21
21
21
20
21
21
5
1
20
20
20
20
20
20
20
21
20
20
20
20
20
20
19
20
20
20
20
20
20
20
21
21
20
20
4
1
20
20
20
21
20
20
20
20
21
20
21
20
20
21
18
20
20
20
20
20
21
21
21
21
21
21
3
1
20
21
20
20
20
20
20
20
20
20
20
20
20
21
18
20
20
21
20
21
20
20
21
21
21
21
4
1
20
21
20
21
21
21
21
20
21
20
20
20
20
20
20
20
20
20
21
21
21
20
21
21
20
20
6
3
21
20
20
20
21
21
21
20
20
21
21
21
21
20
20
21
21
20
20
21
20
21
21
21
21
20
22
16
20
21
21
20
21
20
20
20
21
20
20
20
21
21
20
20
20
20
21
20
21
20
21
20
21
20
20
21
21
20
20
20
20
20
20
20
21
20
21
21
21
21
20
20
20
21
21
21
21
20
21
20
20
20
21
21
21
20
20
21
20
20
20
21
20
20
21
20
21
21
20
21
20
20
21
21
20
20
20
21
20
21
21
21
21
20
21
21
20
20
20
20
20
20
20
21
21
20
21
21
20
20
21
21
20
21
20
21
21
20
21
20
21
20
20
20
20
20
20
20
21
20
20
20
20
20
21
21
20
20
20
20
21
21
21
20
21
20
21
21
21
20
20
20
20
20
20
21
20
20
21
19
18
19
20
20
20
20
21
20
20
21
21
20
20
20
21
21
20
21
21
20
20
20
20
20
20
20
21
