23
23
22
23
23
23
23
23
23
23
23
23
23
23
23
23
23
23
23
23
23
23
23
23
23
24
23
22
23
23
23
23
23
22
23
23
23
23
23
23
23
23
22
23
23
23
23
23
23
23
23
23
23
23
23
23
23
23
23
23
23
24
22
23
23
23
23
23
23
23
23
23
23
23
22
22
23
23
23
23
23
23
23
23
23
23
23
23
23
22
23
23
23
23
22
23
23
23
23
23
23
23
23
22
22
23
23
23
23
23
23
23
23
23
23
23
23
23
22
23
23
23
23
23
23
23
22
22
23
23
23
23
23
23
23
23
23
23
23
23
23
23
22
23
23
23
22
23
23
23
23
22
22
22
22
23
22
23
22
23
23
23
23
23
23
23
23
23
23
23
23
23
23
23
23
23
23
23
23
22
22
21
21
21
22
23
23
23
23
23
23
23
22
23
23
23
23
23
23
23
24
22
22
23
23
22
22
21
21
18
3
6
8
11
23
23
23
22
23
23
23
23
23
22
23
23
23
22
23
23
23
23
22
21
21
20
4
5
11
6
18
23
23
23
23
23
23
22
23
23
23
22
23
23
23
23
23
22
22
21
22
22
6
6
14
19
19
5
18
23
23
23
23
23
23
22
23
22
22
23
23
23
23
24
24
23
22
21
2
2
13
23
23
22
21
4
20
22
23
23
24
23
22
23
22
23
23
23
23
24
23
23
23
23
23
22
1
1
19
22
22
22
20
4
20
22
23
23
23
23
23
23
23
23
23
22
23
22
23
23
22
23
23
23
22
9
3
1
7
21
20
2
19
20
20
22
22
22
22
22
23
23
23
23
23
22
22
23
23
22
22
23
22
23
21
6
3
2
2
3
4
12
5
3
23
23
23
23
23
23
23
22
23
23
23
23
22
22
23
23
23
22
22
23
23
22
12
3
6
6
8
7
23
23
22
23
23
23
23
23
23
23
23
23
22
23
23
22
23
22
23
22
23
22
8
4
19
22
22
23
23
23
23
22
23
23
23
23
23
23
23
23
23
22
22
23
22
22
22
23
23
22
15
4
22
23
23
22
23
22
23
23
23
23
23
23
23
22
23
23
23
23
23
23
23
23
22
23
22
22
13
4
23
23
23
23
23
23
22
23
23
23
22
23
23
23
23
23
23
23
22
23
23
23
23
23
23
22
3
3
23
23
23
23
22
22
23
22
23
23
23
22
23
23
23
23
23
22
23
23
22
23
23
22
23
21
3
3
23
23
23
22
23
23
22
23
23
23
23
23
23
22
23
23
22
23
22
23
22
23
23
23
22
24
6
8
23
22
23
22
23
23
23
22
23
23
22
22
23
22
22
23
22
23
23
23
23
22
22
22
22
22
23
23
23
22
22
22
22
23
22
23
23
23
23
23
23
22
23
23
23
23
23
23
23
22
22
23
23
22
23
23
24
23
23
22
23
23
22
22
23
22
22
22
22
23
22
22
23
22
22
23
23
23
22
22
23
22
23
23
23
23
22
23
23
23
22
22
23
23
22
23
23
23
23
23
22
22
23
22
23
23
22
22
23
23
23
23
23
23
23
23
23
23
23
23
23
23
23
23
23
23
22
23
23
22
22
23
23
23
23
23
23
23
23
22
22
23
23
23
23
23
22
23
22
23
22
22
22
23
22
23
23
23
22
23
22
22
23
23
22
23
23
22
23
23
23
23
23
22
22
23
22
22
23
23
22
22
22
23
23
23
23
23
22
22
23
23
23
22
22
22
23
22
23
22
22
23
22
22
22
23
23
22
