23
23
23
22
22
23
22
23
23
23
23
23
23
22
22
23
23
23
23
23
23
23
23
23
22
23
23
23
23
22
23
23
23
23
23
23
23
23
23
23
23
23
22
23
22
23
23
23
23
23
23
23
22
23
23
23
23
23
23
23
23
22
23
23
23
23
23
23
23
22
23
22
23
22
23
23
23
23
23
22
23
23
23
23
23
23
23
23
23
23
23
23
23
23
23
23
23
22
23
23
23
22
23
22
22
23
23
23
23
23
23
23
22
22
22
22
22
23
23
22
23
23
22
23
22
22
22
23
23
23
22
23
23
23
23
23
23
23
23
23
22
23
23
23
23
23
23
23
22
23
22
22
23
23
23
21
22
23
22
22
23
23
23
22
23
23
22
23
23
22
23
22
23
23
23
22
22
23
23
23
22
21
21
21
21
22
22
23
22
23
23
23
23
23
23
23
23
23
23
23
23
23
22
23
22
22
23
23
21
20
3
7
13
22
22
23
23
23
23
22
22
23
22
23
23
22
22
23
23
23
23
22
22
22
22
20
21
12
4
4
19
23
23
22
23
23
22
23
23
23
22
22
23
23
23
23
23
23
23
22
22
21
20
18
5
9
21
1
6
23
22
22
22
22
22
22
23
23
22
23
23
23
23
23
23
23
22
21
20
20
8
5
22
22
21
1
5
23
22
22
23
22
22
23
23
23
23
22
23
22
23
23
22
22
23
20
21
2
6
23
23
23
21
8
4
23
22
23
23
22
23
23
23
23
23
23
23
22
23
23
22
22
22
22
3
1
15
19
21
22
21
17
3
20
21
22
23
22
23
22
23
23
22
22
23
22
23
23
23
23
23
23
23
10
5
5
2
3
18
21
3
14
21
20
22
23
22
22
23
22
23
22
22
23
22
23
23
22
23
22
22
23
22
23
18
9
6
1
2
5
5
7
23
22
23
22
23
22
23
22
23
23
23
23
22
23
23
23
23
22
23
22
23
23
21
19
4
11
22
21
23
22
22
22
22
23
23
23
22
22
23
22
23
23
23
22
23
23
23
23
23
23
22
20
4
16
22
23
23
22
22
23
22
23
23
22
22
22
23
22
23
22
22
23
22
23
23
23
23
23
22
16
4
22
22
23
22
22
23
23
22
23
22
22
23
22
22
22
23
22
23
23
23
22
23
22
22
23
20
2
6
22
22
22
22
22
23
22
22
22
22
22
23
23
22
22
23
22
23
23
22
23
23
23
23
22
21
2
5
23
22
23
23
22
23
22
22
23
23
23
23
23
22
22
22
23
22
22
22
23
23
23
22
22
23
5
6
23
22
23
22
22
22
22
22
22
23
22
22
22
22
23
23
22
22
23
23
23
22
22
22
23
22
23
22
23
23
22
22
23
22
22
22
22
22
22
23
22
23
23
23
23
23
23
23
22
22
22
23
23
22
23
22
22
23
22
22
22
23
22
22
23
22
22
23
23
23
22
23
23
23
22
22
22
22
22
23
22
22
23
23
21
22
22
22
23
22
22
23
22
22
22
23
23
22
22
22
22
23
22
23
23
22
22
23
22
23
23
22
22
22
22
22
22
22
22
23
22
22
22
22
22
22
22
22
22
22
22
23
23
23
22
22
21
22
21
22
22
22
22
23
23
22
23
22
22
22
23
22
23
22
22
22
22
23
23
22
23
22
23
23
23
23
23
23
22
22
22
22
23
22
22
23
22
22
22
22
23
23
22
22
23
23
23
22
22
22
23
22
22
22
23
22
23
22
22
23
22
23
22
22
23
22
22
