22
22
21
21
22
21
21
21
21
21
21
20
21
21
22
21
21
21
21
22
22
22
21
21
21
21
21
21
22
22
22
22
22
22
21
21
21
22
22
21
21
21
22
21
21
21
21
22
21
21
21
22
21
21
21
21
22
22
22
21
22
22
22
22
21
22
22
21
21
21
21
22
21
21
21
21
21
21
21
21
21
21
21
21
22
22
21
21
22
21
22
21
22
21
21
21
21
22
21
21
21
22
21
21
21
21
21
22
22
21
21
21
22
22
22
22
22
21
21
21
21
21
22
21
21
21
21
21
21
21
21
21
21
21
21
22
21
22
21
20
21
21
22
21
21
22
21
21
21
21
21
21
21
22
21
21
21
21
21
22
21
21
21
22
21
20
20
20
21
22
22
21
22
22
21
21
21
21
21
21
21
20
18
18
20
21
22
22
21
21
21
21
21
21
21
21
22
21
22
21
22
22
21
21
21
21
21
20
19
18
2
4
22
21
21
21
21
21
21
21
21
21
21
21
22
22
21
21
21
21
21
21
21
21
20
18
18
3
4
1
20
21
21
21
21
21
21
22
21
21
21
21
22
21
22
21
22
22
21
21
20
18
18
4
10
8
5
0
20
21
21
21
21
21
22
21
21
21
21
22
22
21
21
22
21
22
21
20
18
5
6
10
20
21
15
2
19
20
21
21
22
21
21
21
21
22
21
21
21
22
21
21
21
21
21
20
1
4
15
20
21
21
18
2
17
21
20
21
21
21
21
21
21
21
21
21
21
22
21
21
21
21
21
22
8
1
9
17
17
17
18
2
12
18
18
19
20
21
21
21
21
21
21
21
21
21
21
21
21
21
20
21
22
13
8
8
6
4
3
3
1
5
1
1
19
20
21
21
21
21
21
21
21
21
21
21
21
21
19
21
21
21
21
20
20
13
15
3
4
8
7
7
20
20
21
21
21
21
20
21
21
21
21
21
21
21
20
21
21
21
20
21
20
20
20
2
4
21
21
20
21
21
21
21
20
21
21
21
21
20
21
21
21
22
21
21
21
20
21
21
21
20
21
2
2
20
21
21
21
21
21
21
21
21
21
21
21
21
21
21
21
21
21
21
21
21
21
21
21
21
22
1
1
21
21
21
21
21
21
21
21
21
21
21
21
20
21
22
21
21
21
21
19
21
21
21
21
21
22
5
1
21
20
21
20
21
21
21
21
21
21
21
21
21
21
21
20
21
22
21
22
21
21
21
21
21
21
6
2
21
21
21
21
21
21
21
20
21
18
21
21
21
21
21
22
20
21
21
21
21
21
21
21
21
21
6
6
21
20
20
21
21
21
21
20
22
21
21
22
22
21
21
21
21
21
21
21
21
21
21
21
21
22
22
21
21
21
21
21
21
21
21
21
21
21
21
21
21
21
21
21
21
21
21
21
21
21
21
21
21
21
21
21
21
21
21
22
21
21
21
21
21
21
21
21
22
21
21
21
21
22
20
21
21
21
21
20
21
21
21
22
21
21
21
21
22
21
21
20
21
22
21
21
21
21
21
21
20
21
21
21
21
20
21
21
21
20
21
21
21
21
22
21
21
21
21
21
21
20
21
22
21
21
21
21
21
21
20
21
21
21
21
22
20
20
20
21
21
21
21
21
21
21
21
21
22
22
21
21
21
22
21
21
21
21
21
21
21
21
21
21
21
20
21
21
21
21
21
21
20
21
20
21
21
21
21
21
21
21
21
21
21
21
21
21
21
21
21
21
21
21
21
21
21
21
21
21
20
21
21
20
21
21
21
