22
23
23
23
23
23
22
23
22
22
23
23
22
22
22
22
22
22
22
22
23
22
22
22
22
22
22
22
23
23
23
23
23
23
23
23
22
23
23
22
22
22
22
22
22
22
22
22
22
22
22
22
22
22
22
21
23
23
23
23
23
23
23
22
23
23
23
22
22
22
23
22
22
22
22
22
22
22
22
22
22
22
22
22
23
23
23
23
23
23
23
22
22
23
22
22
22
22
22
22
22
22
22
22
22
22
22
22
22
22
22
21
23
23
23
23
23
22
22
23
23
23
23
22
21
23
22
22
22
22
22
22
22
22
22
22
22
22
21
21
23
23
23
23
22
23
23
23
23
23
22
22
22
22
22
22
22
21
22
22
22
22
22
22
22
21
22
22
23
23
23
23
23
23
22
22
22
22
22
22
21
21
22
18
20
22
22
22
22
21
22
22
22
22
21
22
23
23
23
23
23
23
23
22
22
23
22
22
20
20
19
2
2
22
22
22
22
22
22
22
22
22
22
23
22
23
22
23
22
23
23
22
22
22
20
19
22
6
5
0
2
20
23
22
21
22
22
22
22
22
22
22
23
23
23
22
23
23
23
22
20
20
22
6
5
7
22
18
2
19
21
22
22
21
22
22
22
22
22
22
22
23
22
23
22
23
22
20
20
19
4
6
13
22
21
20
3
12
22
21
22
21
22
21
21
22
22
22
23
22
23
22
22
23
23
17
1
2
19
22
21
21
21
19
2
11
21
22
22
22
22
22
22
21
22
22
23
23
23
22
23
22
22
22
12
1
1
20
21
22
22
19
1
11
21
21
22
22
22
21
21
22
22
22
23
22
23
22
23
22
22
22
22
22
5
1
17
19
21
20
1
15
18
18
21
22
22
22
22
22
22
21
22
23
22
23
22
23
23
22
22
22
23
6
6
1
17
20
1
8
21
1
22
22
22
22
22
22
22
22
22
23
23
23
22
23
22
22
23
23
22
23
23
7
8
3
2
3
1
4
20
21
21
21
22
22
21
22
22
23
22
22
22
22
22
23
23
22
23
22
22
22
22
19
1
10
8
11
21
22
22
22
22
22
21
21
23
22
23
22
22
22
22
22
22
22
22
21
22
22
22
20
3
6
22
21
21
20
21
22
22
22
22
22
23
22
22
23
23
22
22
23
22
22
22
22
22
22
22
21
1
7
21
22
21
22
21
22
22
21
22
22
23
22
23
23
22
22
22
22
22
22
23
22
22
22
22
21
1
6
22
22
22
21
22
22
22
22
22
22
23
23
22
22
22
22
22
22
22
22
22
22
22
22
22
21
4
8
21
21
22
22
21
21
21
22
21
22
23
22
22
23
22
22
22
23
23
22
22
21
22
22
22
21
22
23
22
22
22
22
21
21
21
21
22
22
23
23
23
22
22
22
22
22
22
22
22
20
22
22
22
22
22
22
22
21
21
22
21
21
21
20
21
22
23
23
22
22
23
22
23
22
22
22
22
22
21
22
22
22
22
22
20
22
22
21
21
22
22
22
21
22
22
22
22
22
22
22
22
22
22
22
23
22
22
22
22
22
22
23
22
21
21
22
22
21
22
21
22
21
22
23
22
23
22
22
22
22
22
22
22
22
22
23
22
21
22
21
22
21
22
22
22
21
21
22
22
22
23
23
22
22
22
22
22
22
22
22
22
22
22
22
22
22
22
22
21
21
21
21
22
21
22
22
21
21
23
22
22
22
22
22
22
22
22
23
22
22
22
22
21
22
22
22
21
21
21
22
21
22
21
22
22
22
