20
19
21
21
20
21
20
21
20
20
20
20
20
21
20
21
20
20
21
21
20
20
20
21
21
20
21
21
20
21
21
20
20
20
20
20
20
20
19
21
20
20
20
20
20
21
21
21
20
20
20
21
20
20
20
21
20
21
19
20
20
20
20
20
21
20
19
19
20
20
21
21
21
20
20
20
20
21
21
21
21
20
21
21
21
20
20
19
21
20
21
20
20
20
20
20
20
19
19
20
20
20
21
21
21
20
21
20
21
21
20
21
19
21
20
20
20
21
20
20
21
20
20
20
20
19
20
20
19
20
20
21
19
21
21
19
21
20
22
20
20
20
20
20
20
20
21
20
19
20
20
21
19
20
20
20
20
20
20
20
20
21
20
20
20
20
20
21
21
20
20
20
20
21
21
21
21
19
19
13
4
20
19
19
20
21
20
20
21
21
21
20
20
20
20
21
20
21
20
20
19
20
20
20
21
20
20
6
20
21
20
20
21
20
21
20
21
20
19
21
21
20
20
19
20
21
20
20
20
21
20
20
21
19
21
3
20
20
19
20
20
20
21
20
21
22
20
21
21
20
20
20
21
20
20
21
20
20
20
19
20
21
18
3
20
20
20
1
21
20
20
20
20
19
21
21
20
20
20
20
21
20
20
21
20
20
21
20
20
21
0
19
20
19
20
2
12
20
20
20
20
20
20
21
21
20
20
19
21
20
19
20
21
18
20
20
21
20
10
20
19
20
20
1
19
21
20
20
20
21
20
19
20
20
20
20
21
20
20
21
21
20
20
19
20
18
3
20
20
20
19
3
21
20
20
20
20
21
21
20
20
19
20
19
20
20
20
21
20
19
20
20
20
0
20
20
20
20
8
1
21
20
21
20
21
21
20
21
20
19
20
19
20
20
20
20
21
20
19
18
20
4
20
20
21
20
5
14
1
1
2
2
20
21
20
20
20
20
21
20
20
20
21
21
20
21
20
20
7
8
20
21
12
1
2
3
21
19
19
21
20
21
20
20
20
20
19
19
21
20
21
20
20
20
19
20
1
20
9
2
2
19
2
20
20
20
20
19
20
20
20
20
20
20
20
20
20
21
19
21
20
21
20
20
1
1
4
20
20
20
11
19
19
19
19
20
21
20
20
20
20
19
20
20
20
20
20
20
20
20
20
20
20
20
21
20
20
19
1
21
19
21
20
20
21
19
21
19
21
20
19
19
20
20
20
20
20
19
21
20
20
21
20
21
21
15
3
20
21
20
19
20
21
20
20
19
20
20
20
20
20
19
20
20
20
19
20
19
20
21
21
20
18
12
9
20
19
20
20
21
20
19
20
20
20
20
19
21
20
19
19
20
20
20
19
20
19
20
20
19
21
20
2
19
20
20
19
21
20
19
19
20
20
19
20
20
19
20
19
21
20
20
21
20
20
21
20
20
20
20
20
21
21
20
20
20
19
20
21
20
21
19
19
20
19
21
21
20
21
21
20
20
21
21
21
21
21
20
21
19
19
20
19
19
19
20
20
20
19
20
20
20
20
20
19
20
20
20
20
20
20
21
20
22
20
21
20
20
20
19
20
20
18
19
20
18
20
19
19
20
20
21
19
20
21
21
21
21
20
20
20
20
21
20
21
19
20
19
20
20
20
19
19
20
20
21
20
20
20
20
20
19
21
20
21
20
20
21
20
20
20
20
21
21
20
19
20
20
20
19
20
18
19
19
21
18
21
20
20
20
20
20
20
21
19
20
21
20
21
21
20
20
19
19
20
19
20
19
20
20
20
20
21
20
