22
22
22
22
22
21
22
22
21
22
22
22
22
22
22
22
22
22
21
22
22
21
22
21
21
21
22
22
21
22
22
22
22
22
22
22
22
22
22
22
22
22
22
22
21
21
22
21
21
21
21
21
21
21
21
21
22
22
22
22
22
21
21
22
22
21
22
21
22
22
21
21
22
22
21
21
21
21
22
21
22
21
22
22
21
22
21
22
22
22
22
21
21
21
22
21
21
21
21
21
22
22
21
21
21
21
22
21
22
21
22
21
22
21
22
22
22
22
21
22
22
21
22
22
22
21
21
21
22
22
21
22
22
22
22
22
22
22
22
22
21
22
22
21
22
22
21
22
22
22
22
22
21
21
22
22
22
22
21
22
22
21
21
21
21
22
21
21
21
21
22
22
22
22
22
22
21
22
22
22
21
22
22
22
22
21
22
21
21
22
22
21
21
22
22
21
21
22
22
21
21
21
21
21
22
21
22
20
16
7
21
21
22
20
22
22
22
22
22
21
21
21
21
21
21
22
21
22
21
21
21
22
21
22
21
19
3
13
20
21
18
3
15
22
22
21
22
21
22
22
21
21
22
22
22
22
22
21
21
21
21
22
20
17
9
20
21
21
17
6
21
21
21
21
21
21
22
22
21
21
21
21
22
21
22
22
22
22
21
21
18
4
17
22
21
20
17
6
20
21
21
21
21
21
21
21
21
21
21
22
22
22
22
22
22
22
21
21
16
8
21
21
22
21
16
7
22
21
21
21
21
21
21
21
21
21
22
22
22
22
22
22
21
21
22
18
5
20
21
21
21
19
16
2
3
7
21
22
21
22
21
21
21
21
21
22
22
22
22
22
21
21
20
16
10
21
21
21
19
16
1
6
11
22
21
21
22
21
20
22
21
21
21
22
22
21
22
22
22
21
18
6
22
21
21
15
6
2
5
17
21
21
21
21
21
21
21
21
21
22
22
21
21
22
21
22
22
21
16
9
21
18
1
6
20
17
9
22
21
21
21
21
22
21
21
21
22
21
22
21
21
22
22
21
21
19
5
18
5
6
15
21
21
14
11
21
21
22
22
22
22
21
22
22
21
21
22
21
22
22
22
21
21
17
3
5
8
22
21
21
19
7
18
21
20
21
21
22
21
21
21
22
21
21
21
22
22
22
22
21
21
22
22
21
21
22
22
20
18
7
22
21
21
21
21
21
21
21
21
22
21
21
22
21
21
22
21
21
21
22
21
21
21
21
22
21
17
10
22
21
22
21
21
22
21
22
21
21
21
22
22
21
21
21
21
21
22
22
21
22
22
22
22
21
17
9
21
21
21
21
21
21
21
21
21
21
21
21
22
22
22
21
21
21
21
21
22
22
21
21
21
22
21
22
21
21
21
21
21
22
21
21
22
21
21
21
21
21
21
22
22
22
21
22
21
22
22
22
22
22
21
22
22
22
22
21
21
21
21
22
21
21
21
22
21
21
22
22
21
22
22
22
21
22
22
22
22
22
22
21
21
22
21
22
21
22
22
21
22
21
21
21
21
21
21
21
22
21
21
22
21
21
22
21
22
22
22
21
21
21
22
22
22
22
22
20
21
22
21
21
21
21
22
21
22
22
22
21
22
21
21
20
22
21
22
21
21
20
21
22
20
21
22
21
21
21
22
21
21
21
22
21
22
21
22
22
21
21
21
21
20
22
21
21
21
22
21
22
21
21
21
22
22
22
21
21
21
21
21
21
21
21
22
21
22
21
22
21
21
21
21
21
22
21
21
22
22
21
21
21
21
22
21
21
