21
20
21
20
20
20
21
21
20
21
20
19
20
19
21
20
21
21
20
20
21
20
19
20
20
21
20
20
20
21
20
20
20
20
20
19
20
20
20
19
21
20
20
19
20
20
21
20
20
20
19
20
20
19
20
20
21
20
21
20
20
20
19
21
20
20
20
19
21
20
20
20
20
20
20
19
21
20
20
20
19
19
19
19
20
20
20
20
20
21
19
19
20
19
19
20
20
21
21
21
20
20
20
19
19
20
20
20
20
20
20
20
20
20
20
21
20
20
20
20
20
20
19
20
20
20
20
20
20
20
21
20
20
19
20
20
20
20
20
19
20
19
19
20
20
20
21
20
20
20
21
20
19
20
21
20
21
19
21
20
20
19
21
21
20
19
20
19
21
20
20
20
20
21
20
20
21
20
21
19
21
20
19
20
20
19
19
19
18
18
21
20
20
20
19
20
21
21
20
20
20
19
20
20
20
20
20
19
1
2
20
20
19
19
20
19
20
19
20
20
19
21
19
20
20
20
20
20
20
20
20
20
20
21
21
21
1
2
18
3
20
19
20
19
20
21
20
20
19
19
19
19
21
20
20
20
21
20
21
20
20
20
21
11
0
21
20
0
12
19
20
20
20
20
19
20
20
19
18
19
20
20
19
20
21
21
20
20
21
20
19
5
20
20
19
0
0
20
20
20
20
21
20
20
19
20
20
19
21
20
20
19
21
20
21
19
20
20
1
3
20
20
21
2
12
19
19
20
19
20
20
20
20
20
19
19
19
19
20
20
22
19
20
20
20
20
7
19
21
20
20
0
15
17
18
20
20
18
20
21
21
20
20
20
21
20
19
20
20
20
21
20
20
10
6
21
20
20
20
1
16
18
14
19
20
20
21
21
19
20
20
20
20
20
20
19
19
20
22
21
20
1
20
19
20
20
20
1
14
0
1
20
20
19
21
20
20
19
20
20
21
21
19
20
20
21
20
21
21
6
19
16
1
2
1
9
15
20
20
20
20
19
20
19
20
20
20
20
20
20
21
19
20
20
21
21
21
9
4
2
7
20
20
5
19
19
20
19
20
20
20
20
20
20
20
19
21
19
20
20
20
20
21
20
21
20
20
21
21
20
20
2
20
20
20
20
20
21
19
19
20
20
21
20
20
19
20
21
20
20
19
20
21
20
20
19
21
21
5
3
20
20
20
20
20
20
20
19
20
20
20
20
21
20
19
20
21
20
20
21
21
20
20
20
20
20
12
20
20
19
20
20
19
19
20
20
20
19
21
20
19
19
21
21
22
21
21
20
20
20
21
20
20
20
11
20
20
19
20
20
20
19
19
19
19
19
18
19
19
21
20
20
21
20
21
20
19
20
21
21
20
20
21
20
18
20
20
20
19
20
20
19
18
20
19
20
20
19
20
20
19
20
19
20
20
19
19
20
19
19
20
21
19
20
19
20
20
20
20
20
19
20
20
19
19
21
18
20
20
20
20
20
20
20
20
21
20
19
22
19
20
20
20
21
19
20
21
19
19
20
20
19
19
20
18
20
21
20
20
18
19
19
19
19
19
18
21
20
19
20
20
21
20
21
20
20
20
20
19
20
20
20
20
21
21
19
20
20
21
20
20
19
20
20
20
20
19
20
20
20
21
19
20
19
20
20
19
21
20
20
20
20
20
20
21
19
20
20
20
20
21
21
20
20
19
22
19
20
21
20
19
20
19
20
20
20
19
20
20
20
20
19
21
21
20
21
20
20
20
19
20
19
18
22
20
20
19
21
20
20
20
19
20
19
