22
21
21
22
20
22
21
21
21
21
21
21
21
20
20
22
21
20
21
21
21
21
21
20
20
21
21
21
21
23
22
22
21
21
21
21
21
21
21
21
21
21
21
21
20
21
21
21
20
21
21
21
20
21
20
21
21
21
22
21
21
21
20
21
21
21
21
21
21
20
21
21
21
20
21
19
21
21
21
20
20
21
20
21
22
20
21
22
21
21
22
20
21
21
21
21
21
21
20
21
21
21
20
20
21
21
20
20
21
21
21
20
21
21
21
20
21
21
21
21
20
20
21
21
21
21
21
20
21
20
21
20
21
21
20
20
20
20
21
21
22
21
22
21
21
21
21
21
21
21
21
21
21
21
21
20
21
21
20
21
21
20
21
21
20
21
21
21
22
22
20
20
21
20
21
21
21
21
21
21
23
21
20
20
21
20
21
21
21
20
21
21
20
21
21
22
21
22
22
21
21
21
21
22
21
21
21
21
5
6
21
21
20
20
21
20
21
21
20
20
20
21
20
21
21
22
21
21
22
21
21
21
21
21
21
19
1
21
20
18
19
20
21
21
21
21
20
21
20
21
21
20
21
21
22
21
20
21
20
21
21
21
21
3
5
22
21
0
5
20
21
20
20
21
20
21
21
21
21
20
21
21
21
21
21
21
22
20
22
21
19
6
20
21
19
2
9
21
21
21
20
21
21
20
20
21
21
21
20
21
20
20
21
22
21
21
21
20
11
13
21
21
19
3
15
20
20
21
21
20
20
20
20
21
21
20
21
21
21
22
21
21
22
21
21
19
3
21
20
21
18
3
21
21
21
20
20
21
21
19
20
20
20
21
22
21
21
21
20
21
20
21
21
5
9
20
21
21
16
2
1
1
2
7
20
20
20
21
21
20
21
20
21
21
21
21
21
21
20
21
19
2
20
18
1
1
3
3
15
22
22
21
21
20
21
21
21
21
21
20
21
21
22
21
21
21
20
21
19
2
2
3
16
20
2
20
22
21
21
21
20
22
21
21
21
20
21
20
22
20
21
21
22
21
21
21
21
21
20
21
21
19
7
20
21
21
21
20
21
21
21
20
21
22
22
21
21
21
22
21
20
21
22
21
21
21
20
21
20
18
10
21
21
21
20
21
21
21
21
20
19
21
21
21
21
21
20
21
20
20
22
21
21
21
21
21
21
16
20
21
21
20
21
20
21
20
20
20
21
21
21
20
21
21
21
21
21
22
21
20
20
20
20
21
21
7
21
21
21
21
20
20
20
20
21
20
21
20
21
21
21
22
21
21
20
21
21
21
21
21
21
20
21
5
21
21
21
20
20
21
21
20
21
20
20
20
20
21
21
20
21
20
20
20
21
20
21
21
21
21
21
21
22
20
22
20
21
20
20
21
20
20
20
20
20
20
21
21
21
21
20
20
22
22
21
21
20
20
21
21
21
21
20
21
21
21
20
21
20
21
21
20
21
20
22
21
21
21
20
21
21
22
21
21
20
21
21
21
20
21
21
21
20
20
21
21
22
20
21
21
21
21
21
21
21
21
21
21
21
20
21
20
20
21
21
21
21
20
20
21
21
21
20
21
21
21
21
21
20
20
21
20
21
21
21
21
21
22
21
21
21
22
20
21
22
21
21
20
21
20
21
20
21
21
21
21
20
21
21
20
21
22
21
21
21
21
21
21
20
21
21
22
20
20
20
21
20
21
21
20
21
20
20
21
20
20
21
21
21
21
21
21
21
20
21
21
21
21
21
21
21
20
20
20
21
21
21
21
20
21
20
20
21
20
