25
26
25
26
26
27
25
26
25
26
24
26
25
26
26
25
27
26
26
27
26
27
25
26
27
28
27
28
27
26
28
27
26
24
24
26
26
26
27
27
27
26
28
27
27
28
26
27
27
27
26
27
26
27
27
27
26
27
26
26
26
26
26
26
26
26
26
26
26
26
26
26
25
27
27
27
27
27
27
28
27
28
27
27
27
26
26
27
27
26
26
26
26
25
25
27
26
26
26
26
26
26
27
26
27
26
27
27
27
26
27
27
26
26
27
28
27
27
26
26
26
27
26
26
28
26
26
26
26
27
27
26
26
27
26
26
26
26
27
27
26
27
26
26
28
28
26
27
27
26
26
26
26
26
27
26
27
27
26
27
26
27
28
27
27
27
26
27
26
27
26
27
27
26
27
26
25
26
27
28
27
27
27
26
26
28
26
26
28
27
27
27
27
26
25
28
27
26
26
27
26
27
26
27
27
25
26
27
26
26
26
26
26
27
25
27
27
27
27
25
27
26
27
27
27
26
26
26
27
26
26
27
27
26
26
27
28
25
27
26
26
27
27
27
27
26
26
27
27
27
27
26
27
28
26
26
28
27
25
26
27
26
26
26
27
27
24
25
26
26
27
27
26
27
27
26
27
26
28
27
25
27
26
26
27
27
26
27
26
27
25
26
25
29
11
14
10
27
26
27
26
28
28
25
26
26
28
27
26
26
26
27
27
26
26
27
27
26
26
25
20
16
9
27
26
26
27
26
27
27
25
27
27
27
28
27
26
26
26
26
27
26
27
27
27
27
26
29
12
13
27
26
7
27
26
27
27
27
27
27
26
26
25
26
27
26
27
27
27
27
26
26
26
25
11
13
22
27
26
31
11
29
27
26
27
27
26
26
26
27
26
27
26
27
27
27
26
26
25
27
25
24
14
10
24
27
26
15
12
30
26
27
26
27
26
27
17
25
27
26
27
26
27
27
27
27
26
26
27
12
27
27
26
26
27
15
11
28
26
26
26
25
26
26
28
27
27
27
27
27
20
26
27
26
26
4
14
28
26
26
26
27
26
11
12
27
26
29
4
27
27
27
26
27
28
27
26
26
23
27
27
26
6
12
28
25
25
25
25
25
25
5
9
29
6
11
29
26
27
27
27
27
26
27
26
26
27
27
26
26
29
12
13
13
11
10
9
10
10
11
12
11
29
26
27
27
26
26
27
27
26
27
27
26
27
26
27
26
27
26
27
29
28
28
28
28
28
7
9
27
27
26
27
26
26
27
26
27
27
27
26
27
27
27
27
26
27
27
27
27
27
27
27
27
25
9
6
26
27
28
27
26
27
26
26
27
27
26
27
26
27
27
27
26
26
27
27
27
27
26
27
27
27
10
4
27
26
27
27
26
27
28
26
27
27
25
27
27
27
27
27
27
28
25
28
26
27
28
27
27
27
11
11
27
27
27
27
26
27
26
28
27
27
26
27
25
27
27
26
26
28
25
26
27
27
26
27
27
27
10
10
27
26
26
26
27
26
26
26
27
27
26
27
28
28
25
26
27
27
26
26
27
27
26
27
27
27
18
25
27
26
26
27
27
27
28
27
28
26
27
27
27
27
26
26
26
24
26
26
27
26
27
27
27
27
27
27
27
27
27
26
27
27
25
25
26
26
27
28
26
27
27
27
27
27
27
26
27
27
27
27
28
26
27
27
26
27
27
27
27
28
28
27
26
24
27
27
25
27
27
27
28
27
26
27
27
26
26
26
27
26
27
28
27
27
27
27
25
26
27
27
27
26
26
