25
26
25
26
26
25
27
26
26
26
27
26
26
26
26
26
26
27
25
26
27
26
25
26
27
26
27
26
24
26
26
26
26
25
25
25
26
25
27
26
26
25
24
25
25
26
26
27
26
26
26
27
26
26
27
26
25
25
26
26
25
26
26
26
24
28
28
25
27
26
26
26
27
26
25
27
27
27
26
26
27
27
26
26
24
26
26
26
26
26
25
26
26
26
26
26
26
26
26
25
25
27
26
27
27
26
26
27
26
26
26
26
24
25
26
26
25
26
25
26
26
26
25
26
26
26
25
25
25
25
26
25
26
26
26
26
26
27
26
27
26
26
26
26
26
24
25
24
26
26
26
26
26
26
26
26
26
26
28
26
25
26
26
26
26
24
25
26
26
25
25
26
26
26
25
25
26
26
24
24
27
25
24
26
26
27
25
27
24
26
26
26
27
25
26
26
25
26
26
26
26
26
25
25
26
26
26
26
25
26
25
26
26
27
25
26
26
26
26
26
26
26
25
26
24
26
26
26
26
25
25
26
25
26
26
26
26
24
25
24
26
26
27
26
26
25
27
27
27
26
24
26
28
26
26
26
26
25
26
26
25
25
25
26
26
25
2
11
31
25
25
26
26
27
25
27
25
25
27
27
25
26
27
26
26
26
25
26
25
26
25
26
25
10
10
17
26
25
25
26
26
25
27
27
25
25
26
26
26
25
26
26
25
26
24
26
26
26
26
25
27
13
1
26
26
25
25
25
25
26
27
26
26
25
26
26
26
26
25
25
25
25
25
26
26
26
26
25
8
11
26
26
26
12
22
26
26
26
26
27
25
25
27
27
26
25
27
25
25
25
26
25
26
26
25
0
12
30
26
25
26
11
7
26
26
27
26
27
26
28
27
26
25
27
25
25
26
27
26
25
25
25
26
14
4
26
26
26
27
11
3
26
26
26
26
25
26
26
26
26
26
27
25
24
26
25
25
25
26
25
3
13
26
26
26
26
26
11
1
26
25
27
25
27
27
26
27
27
26
25
26
26
25
22
26
26
25
28
11
3
24
24
25
26
25
11
1
26
9
26
26
26
26
26
27
26
26
25
26
26
24
26
26
26
26
26
5
12
12
10
8
6
7
12
9
13
28
26
26
26
26
26
27
27
25
26
25
25
25
25
26
26
26
26
26
26
29
21
17
14
30
8
7
27
27
26
27
28
25
27
26
26
25
26
26
25
26
26
26
26
27
26
26
26
26
26
27
27
26
9
7
26
27
27
26
25
27
26
27
27
26
26
24
26
24
25
25
25
27
25
27
27
26
25
27
26
27
9
5
26
27
27
27
26
27
26
27
26
25
27
25
25
26
25
25
27
27
25
26
26
26
25
27
25
25
3
7
27
26
27
28
27
27
28
26
26
25
26
26
26
25
26
26
26
26
27
26
26
21
28
27
26
26
21
17
27
28
27
25
26
27
28
27
27
25
26
26
25
25
25
25
26
26
26
25
25
26
27
27
26
27
29
30
27
26
25
27
26
26
28
28
28
25
25
26
25
25
26
26
25
26
27
25
27
26
27
26
26
28
27
28
27
27
27
27
27
28
28
29
27
26
26
25
26
24
25
26
27
25
25
26
26
27
27
26
27
25
27
27
27
27
27
27
26
26
26
27
26
26
26
25
26
26
25
25
26
26
25
25
23
27
26
25
27
26
26
27
27
27
27
27
26
25
27
28
27
26
24
25
25
26
26
21
26
26
25
26
26
25
26
26
27
27
26
27
27
27
25
27
25
25
27
26
27
