28
26
26
25
26
26
27
27
27
27
27
26
27
26
27
27
27
26
26
27
28
26
27
25
26
27
27
25
27
26
26
27
26
27
27
27
27
25
27
26
27
26
28
27
26
26
26
26
26
27
27
26
26
27
26
27
26
28
27
26
26
26
25
26
27
26
26
27
26
26
26
27
26
27
26
26
26
25
26
27
28
26
27
25
26
26
27
27
26
26
24
26
25
26
26
26
27
27
27
26
27
26
28
26
27
27
27
26
27
26
27
26
25
27
26
27
27
27
27
25
27
25
26
27
26
26
26
27
27
26
26
27
26
26
27
27
25
26
26
24
26
26
27
26
27
29
26
28
26
26
27
27
26
27
27
26
26
26
27
27
27
27
26
27
27
27
25
25
26
26
26
28
25
26
26
26
26
26
26
26
25
26
26
27
26
27
26
26
26
26
26
26
27
26
27
27
27
26
26
27
26
27
27
26
27
26
26
27
4
11
26
25
27
26
26
26
26
26
27
26
27
27
27
27
26
26
27
26
26
26
25
26
26
26
26
2
12
21
26
25
27
26
26
26
26
28
27
25
27
26
26
27
27
28
26
25
27
26
27
25
25
26
29
23
10
24
26
25
27
26
27
27
26
27
26
27
26
27
27
28
28
25
25
27
26
27
26
27
26
26
1
11
14
30
14
27
25
26
27
27
27
27
25
26
26
27
26
26
26
25
26
26
26
27
27
26
26
30
15
20
26
11
12
11
27
27
27
26
26
26
26
27
26
26
26
27
26
25
25
29
27
26
26
26
26
11
11
27
26
7
12
31
26
27
26
26
26
26
25
26
25
26
26
26
26
27
26
26
27
26
26
27
29
14
30
26
25
7
13
27
26
26
26
27
27
26
27
27
27
26
25
26
27
25
26
27
26
26
26
25
9
12
27
26
26
11
13
26
26
15
23
25
26
25
25
27
26
27
26
27
27
24
27
25
26
28
26
27
9
12
27
25
25
15
12
28
9
12
12
28
26
26
26
26
26
27
27
27
27
27
27
26
28
26
27
27
27
14
9
23
27
5
9
14
9
28
26
27
27
26
26
26
27
26
26
26
27
25
27
26
27
26
26
26
26
29
13
12
14
14
12
17
26
27
27
27
26
27
27
26
27
27
27
27
27
27
26
27
27
27
27
28
27
27
27
26
26
18
12
29
26
27
25
26
27
27
25
27
27
26
27
26
25
24
28
26
26
27
27
27
27
27
26
26
27
31
13
14
27
27
28
26
26
27
24
25
26
27
27
27
26
25
26
28
27
27
27
27
27
27
26
27
27
27
14
15
27
26
26
26
26
27
26
26
27
27
26
27
28
26
28
27
27
26
26
27
27
27
27
27
26
26
25
26
27
27
27
26
26
26
25
27
26
26
26
26
28
25
27
28
26
27
27
26
26
26
26
27
26
27
27
25
26
26
27
26
26
26
26
27
26
26
27
28
26
27
26
26
26
26
26
27
25
26
28
26
27
28
27
27
26
26
27
26
27
26
27
27
27
26
27
27
27
26
27
26
26
29
26
25
26
26
26
25
25
28
27
26
27
27
26
26
27
24
24
28
26
26
26
26
26
25
27
28
27
27
25
27
27
27
27
27
27
27
26
27
28
26
26
27
27
26
27
28
26
27
28
27
27
27
26
27
26
28
27
25
27
27
27
26
28
26
26
29
28
27
27
27
29
26
26
27
26
27
26
25
25
26
26
27
24
27
29
26
27
27
27
27
27
27
26
26
28
28
27
27
27
27
27
28
27
28
27
27
