25
28
25
27
26
27
26
26
27
28
26
27
27
26
26
24
25
28
26
26
24
27
26
25
26
26
27
26
27
25
26
27
27
26
26
28
26
27
25
27
27
28
26
26
27
27
26
25
26
26
27
27
25
26
26
26
26
27
27
26
27
27
27
25
27
27
26
27
28
27
26
27
27
25
25
25
26
26
26
26
26
27
26
28
26
27
27
26
26
27
26
26
26
27
25
26
26
27
25
26
28
26
27
26
26
26
28
26
24
26
27
28
26
26
27
25
27
27
27
27
25
26
26
27
28
27
27
26
26
27
27
26
27
26
26
27
26
27
27
26
27
27
26
27
27
26
27
26
26
26
27
26
26
26
27
27
30
28
27
27
26
27
27
28
26
26
27
28
26
27
26
26
26
25
26
27
26
27
29
27
27
26
27
26
25
26
26
26
26
26
28
26
28
26
26
27
27
27
28
27
27
27
26
24
26
25
26
27
26
26
26
27
26
28
27
26
26
26
27
26
27
26
27
26
27
27
26
24
26
26
26
26
26
25
27
26
27
27
26
26
26
27
27
26
27
25
27
26
26
24
27
27
26
27
25
26
27
27
26
27
26
26
1
14
27
25
25
28
28
24
25
26
26
27
25
26
25
26
27
27
27
28
26
26
26
26
28
27
24
28
17
28
3
7
26
25
27
28
27
26
25
28
27
26
24
27
27
28
26
26
26
26
26
28
26
23
25
9
16
27
13
13
29
27
27
26
27
26
27
27
25
27
26
26
27
28
26
28
23
26
26
25
26
26
6
13
30
27
11
10
26
26
24
27
26
27
27
25
26
26
27
26
27
25
26
26
27
27
25
27
25
0
13
26
26
26
8
11
26
26
28
26
26
26
27
26
26
27
27
25
26
27
27
26
26
27
27
26
3
12
30
25
26
25
7
7
11
14
26
27
26
26
27
26
27
27
27
27
27
27
26
27
27
27
27
27
13
12
10
15
11
10
13
11
27
27
27
26
24
27
27
26
27
26
27
28
27
26
26
25
26
24
26
27
26
12
15
11
10
29
13
5
26
26
27
26
26
22
28
26
26
26
27
27
26
27
25
27
26
27
25
28
26
27
26
27
26
26
13
11
26
26
26
27
26
24
26
28
25
26
26
26
26
27
26
25
24
25
28
27
26
26
27
27
26
26
14
30
27
27
26
26
26
26
26
27
27
25
26
26
27
27
27
25
26
27
27
26
26
26
26
27
26
26
15
26
26
27
26
26
27
27
26
26
28
26
26
27
26
26
28
27
28
26
26
27
27
25
28
29
27
27
11
26
27
26
26
27
25
26
26
26
26
29
27
26
27
26
27
27
27
29
27
26
25
26
25
26
27
26
15
26
28
25
27
25
26
27
27
25
26
26
27
25
26
26
28
27
25
27
25
25
28
26
27
27
26
27
20
27
27
28
27
26
27
28
29
26
27
28
28
26
27
26
28
26
24
26
27
26
27
27
26
26
27
26
27
26
26
27
26
26
26
26
27
27
26
25
28
27
26
26
25
27
26
28
28
26
24
27
26
26
25
24
25
26
27
27
27
26
25
27
27
26
26
27
26
27
27
27
27
26
26
26
26
26
27
25
26
27
26
25
26
27
27
25
27
25
27
24
26
27
26
26
26
28
26
26
26
27
28
25
29
26
27
25
25
27
26
26
25
27
27
27
26
27
26
27
26
26
26
26
25
27
28
26
28
26
27
27
26
27
22
25
26
27
26
26
25
27
26
27
27
25
26
26
27
27
28
26
27
26
26
27
