27
26
26
27
27
27
28
26
26
27
27
26
24
27
26
25
26
26
27
25
26
27
26
25
27
28
27
25
27
27
26
27
27
26
27
27
27
27
28
26
25
26
27
27
25
27
27
27
26
27
26
27
26
27
27
25
26
26
26
27
26
26
27
27
26
26
26
26
25
27
27
26
27
27
26
24
27
26
25
26
26
26
27
25
26
26
27
27
27
26
26
26
27
27
26
26
27
26
26
26
26
25
27
26
27
28
27
26
27
26
28
26
27
26
27
26
27
26
27
26
26
27
26
26
26
26
26
27
27
27
27
26
27
27
27
26
25
27
28
27
26
26
27
26
27
26
26
26
26
24
27
26
25
26
27
26
27
27
27
26
26
26
27
25
26
28
28
27
27
26
27
27
28
27
26
28
25
27
27
25
27
26
26
26
26
26
26
26
27
27
25
26
27
26
26
26
26
26
27
26
26
26
26
24
26
26
26
26
26
26
27
27
26
26
26
26
25
27
26
26
28
27
25
27
26
27
27
26
27
26
27
25
26
26
26
25
26
27
27
27
26
26
27
26
27
26
26
26
26
27
26
27
27
27
27
27
27
26
26
26
27
27
26
27
26
26
27
27
26
26
27
27
27
27
27
25
26
26
26
26
28
27
27
26
27
27
27
27
27
26
26
26
25
26
26
27
26
26
26
27
26
27
26
26
27
27
27
27
28
26
26
25
26
25
25
27
25
26
3
12
27
26
27
27
26
27
26
25
26
27
25
26
27
26
26
24
27
27
27
26
25
26
26
25
24
0
12
11
25
25
25
26
26
27
26
26
26
26
27
24
27
27
26
26
26
27
27
27
23
26
27
26
6
16
4
27
27
9
7
26
27
28
27
27
26
27
25
27
27
26
28
26
27
27
26
26
25
27
25
29
15
10
26
26
30
13
30
27
27
27
28
27
27
27
27
26
27
26
26
26
26
27
26
27
27
26
29
13
13
27
26
26
10
12
28
27
26
27
27
27
26
27
28
27
26
26
27
26
26
26
27
27
26
25
13
15
30
26
26
25
8
13
28
26
27
25
27
26
27
26
26
27
26
28
28
27
26
26
27
27
28
13
11
24
26
24
25
24
6
12
25
25
25
28
27
24
27
26
28
27
27
28
27
27
26
26
26
27
27
11
13
13
12
12
12
12
12
11
12
13
4
27
26
27
26
26
27
27
28
27
27
29
27
26
26
26
26
26
26
28
19
27
29
29
10
13
27
27
27
27
27
27
27
26
27
26
27
27
26
26
26
27
26
26
28
27
27
26
28
27
27
26
10
10
26
27
27
26
27
27
26
25
27
27
27
26
27
27
26
26
27
28
27
27
25
27
27
26
27
26
16
10
27
27
27
27
26
27
27
26
27
27
28
26
27
26
26
27
27
27
28
27
26
28
28
27
25
27
12
5
27
27
28
26
26
26
27
26
26
28
28
27
26
26
26
26
26
26
26
27
26
27
27
28
26
27
10
6
26
27
27
27
26
26
27
27
26
27
25
26
26
25
27
27
27
27
27
26
27
26
28
28
26
27
11
17
27
27
27
27
27
26
27
26
26
27
26
25
26
26
27
28
28
28
27
27
26
26
26
26
26
27
8
26
26
27
27
26
28
28
25
27
26
27
26
27
26
27
27
28
27
26
27
27
26
28
27
27
26
27
8
29
27
27
26
27
27
26
26
27
26
27
26
28
27
27
27
26
27
27
28
26
27
27
27
26
28
27
27
27
26
25
27
27
27
27
26
27
27
28
24
27
27
27
