23
23
23
23
23
23
23
23
23
23
23
23
23
23
23
23
23
23
23
23
23
23
23
23
23
23
23
23
23
23
23
23
23
23
23
22
23
23
23
23
23
23
23
23
23
23
23
23
23
23
23
23
23
23
23
23
23
23
23
23
23
23
23
23
23
23
23
23
23
23
23
23
23
23
23
23
23
22
23
23
23
23
23
23
23
23
23
23
23
23
23
23
23
23
23
23
23
23
23
23
23
23
23
23
23
23
23
23
23
23
23
23
23
23
23
23
23
23
23
23
23
23
23
23
23
23
24
23
23
23
23
23
23
23
23
23
23
23
23
23
23
23
23
23
23
23
23
23
23
23
23
23
23
23
1
24
23
23
23
23
22
23
23
23
23
23
23
23
23
23
23
23
23
23
23
23
23
23
23
23
23
23
0
27
23
23
23
23
23
23
23
23
23
23
23
23
23
23
23
23
23
23
23
23
23
23
23
22
23
24
0
28
23
23
23
23
23
23
23
23
23
23
23
23
23
23
23
23
23
23
23
23
23
23
25
1
23
23
1
27
23
23
23
23
23
23
23
23
23
23
23
23
23
23
23
23
23
23
23
23
23
24
0
27
24
24
0
24
23
23
23
23
23
22
23
23
23
23
23
23
23
23
23
23
23
23
23
23
23
22
0
24
23
23
0
23
23
23
23
23
23
23
23
23
23
23
23
23
23
23
23
23
23
23
23
23
23
23
2
24
23
24
0
24
23
23
23
23
23
23
23
23
23
23
23
23
23
23
23
23
23
23
23
23
23
1
28
23
23
23
1
23
23
23
23
23
23
23
23
23
23
23
23
23
23
23
23
23
23
23
23
24
25
0
24
23
23
23
1
24
24
23
24
23
23
23
23
23
23
23
23
23
23
23
23
23
23
23
23
23
1
4
27
9
2
1
1
1
1
1
0
25
23
23
23
23
23
23
23
23
23
23
23
23
23
23
23
24
1
0
1
2
15
17
1
27
27
27
27
23
23
23
23
23
23
23
23
23
23
23
23
23
23
23
23
24
23
26
24
24
24
18
27
24
24
24
24
23
23
23
23
23
23
23
23
22
23
23
23
23
23
23
23
24
23
24
23
23
24
2
27
23
23
23
23
23
23
23
23
23
23
23
23
23
23
23
23
23
23
23
23
23
23
23
23
24
24
1
25
24
23
23
23
23
23
23
23
23
23
23
22
22
23
23
23
23
23
23
23
23
23
23
23
24
23
1
23
23
23
23
23
23
23
23
23
23
23
23
23
23
23
23
23
23
23
23
23
23
23
23
23
23
23
0
23
23
23
23
23
23
23
23
23
23
23
23
22
23
23
23
23
23
23
23
23
23
23
23
23
23
23
2
23
23
23
23
23
23
23
23
23
23
23
23
23
23
23
23
23
23
23
23
23
23
23
23
23
23
22
2
23
23
23
23
23
23
23
23
23
23
23
23
23
23
23
23
23
23
23
23
23
23
23
23
23
23
23
26
23
23
23
23
23
23
23
23
23
23
23
23
23
23
23
23
23
23
23
23
23
23
23
23
23
23
22
22
23
23
23
23
23
23
23
23
23
23
23
23
23
23
23
23
23
23
23
23
23
23
23
23
23
23
23
23
23
23
23
23
23
23
23
23
23
23
23
23
23
23
23
23
23
23
23
23
23
23
23
23
23
23
23
23
23
23
23
23
23
23
23
23
23
23
23
23
23
23
23
23
23
23
23
23
23
24
23
23
22
23
23
23
23
23
23
23
23
23
23
23
23
23
23
23
23
23
