23
23
23
23
23
23
23
23
23
23
23
22
22
22
23
23
22
22
23
23
23
23
23
22
22
23
23
23
22
22
23
23
23
23
22
23
22
23
22
22
23
23
23
22
22
22
23
22
23
22
22
22
23
22
23
23
23
23
23
23
22
23
23
23
22
22
23
22
23
23
23
23
22
23
23
22
23
23
22
22
23
23
23
23
23
22
23
23
23
23
23
23
22
23
23
22
23
23
23
23
22
23
23
22
23
23
23
22
22
22
23
23
23
23
23
23
22
23
23
22
23
23
22
22
23
22
23
22
22
23
23
23
23
23
22
22
22
23
22
23
23
23
23
23
23
23
23
22
23
23
22
22
23
23
23
23
24
1
22
23
23
23
23
22
23
23
22
22
23
23
23
23
22
22
22
22
22
23
23
23
22
22
22
23
1
3
23
23
22
23
23
22
22
23
22
22
23
22
23
23
22
23
23
22
23
23
23
22
24
23
22
22
0
27
23
23
23
22
22
23
22
22
23
22
22
23
23
23
23
23
22
23
23
23
24
26
1
22
22
23
0
25
23
23
23
23
22
22
22
22
22
23
23
22
22
22
22
22
23
22
23
23
23
1
28
22
23
23
0
23
23
22
23
23
23
22
22
22
22
22
23
23
23
23
22
22
23
22
22
22
24
0
24
23
23
26
1
23
22
23
23
23
23
22
22
22
22
22
22
22
23
23
23
23
23
23
23
23
4
3
23
22
23
12
13
23
22
22
23
23
22
22
22
22
23
22
22
22
23
23
22
22
22
22
23
23
0
25
23
23
23
1
26
23
23
23
23
23
22
22
22
23
22
22
22
22
23
22
23
22
22
22
23
0
7
23
23
22
23
0
25
24
24
23
22
22
22
22
22
22
22
22
22
22
22
22
23
23
22
23
6
0
1
1
1
1
1
1
1
1
1
23
23
22
22
23
22
22
22
22
22
22
22
22
22
22
23
23
1
2
20
8
17
22
24
1
28
27
24
23
22
22
22
22
22
22
22
22
22
22
23
22
22
22
23
23
23
24
23
23
23
23
27
1
23
23
23
23
22
23
22
23
22
23
22
22
22
22
22
22
22
22
23
22
23
23
23
23
23
22
9
26
23
23
23
23
23
22
22
22
22
22
22
22
23
22
22
22
22
22
23
22
23
23
22
23
24
23
1
25
23
23
22
23
22
22
22
22
22
22
22
22
23
22
22
22
22
22
23
23
23
22
23
23
23
23
1
23
23
23
23
23
22
22
22
23
22
22
22
22
22
22
22
22
22
22
23
23
23
23
23
23
23
23
1
23
23
23
23
23
22
22
23
22
23
22
22
22
22
22
22
22
22
23
23
23
23
22
23
23
23
23
15
23
23
23
23
23
22
22
22
22
22
22
22
22
23
23
22
22
22
22
23
23
23
22
23
22
23
23
24
23
23
23
22
22
23
23
22
22
22
21
22
22
22
22
22
23
23
22
22
23
23
23
23
23
23
23
23
22
23
23
23
23
23
23
22
23
23
23
23
23
22
23
23
23
23
22
22
22
23
22
23
23
22
22
23
23
22
22
22
22
22
22
23
23
22
22
22
23
23
22
22
23
23
23
23
23
22
23
23
23
23
22
23
23
22
22
23
23
22
22
22
23
22
22
23
23
23
22
23
22
23
23
23
23
23
23
23
23
23
22
23
22
22
22
22
23
22
23
22
22
22
23
23
22
23
23
23
22
22
23
22
22
23
22
23
23
23
22
23
23
23
22
22
22
22
22
22
22
22
21
23
23
