22
23
22
23
23
23
23
23
23
22
22
22
23
22
23
23
23
23
23
23
22
23
23
22
23
23
23
23
22
22
23
22
23
23
23
23
23
22
23
22
23
23
22
22
22
23
22
23
23
23
23
22
23
23
22
23
23
22
22
22
22
22
22
23
23
23
22
23
22
22
23
23
23
23
22
23
23
22
23
22
22
23
23
23
23
22
22
22
22
22
23
23
23
22
22
22
23
23
22
23
23
23
23
23
23
22
22
22
23
23
22
23
22
23
22
22
22
22
22
22
23
23
22
22
22
22
23
22
22
23
23
23
22
23
22
22
23
22
22
23
22
22
22
22
22
22
22
23
22
22
23
23
23
22
23
0
1
23
22
23
22
22
22
22
23
23
23
23
22
22
22
22
22
22
22
22
22
23
23
22
23
22
22
0
26
23
22
23
22
22
23
23
22
22
22
23
22
22
22
22
22
23
22
22
22
23
23
22
23
22
24
1
23
23
23
22
22
22
22
22
22
22
22
23
22
22
22
22
22
23
23
23
23
23
23
23
23
23
25
0
22
23
23
23
23
23
23
23
23
22
22
22
22
22
22
22
22
22
23
22
23
22
0
1
22
23
27
1
23
23
23
23
23
22
23
22
23
23
22
22
22
22
22
22
22
22
22
22
23
23
0
27
22
23
23
1
23
23
23
23
23
22
22
23
22
22
22
22
22
22
22
22
22
22
22
23
23
25
0
23
23
22
10
12
23
23
22
23
22
23
22
23
23
23
22
22
22
22
23
23
23
22
23
22
23
21
1
23
23
23
3
23
23
23
23
22
23
22
23
23
23
22
22
22
22
22
22
22
22
23
22
22
21
0
4
25
25
25
1
24
8
3
1
23
22
23
22
23
22
22
22
22
22
22
22
22
22
22
22
23
25
1
1
1
1
0
1
1
1
1
1
22
22
22
22
22
22
22
23
22
22
22
22
22
22
23
22
22
22
25
23
24
24
23
1
28
23
23
23
22
22
22
22
22
22
22
22
22
22
22
22
22
22
22
23
22
23
23
23
23
23
22
0
23
23
23
23
22
23
22
22
23
22
22
23
22
22
22
22
22
22
23
23
23
23
23
22
23
23
23
0
23
23
22
23
22
23
22
22
22
22
22
22
22
22
22
22
22
22
22
22
22
22
23
23
23
23
23
0
24
23
23
23
23
23
23
23
22
22
22
22
22
22
21
22
22
23
23
23
23
22
23
23
23
23
23
2
23
23
23
23
23
23
23
23
22
22
22
22
22
22
23
22
23
23
23
22
22
23
23
23
23
23
24
23
23
23
23
23
23
23
23
23
22
22
22
22
22
23
22
23
22
22
23
22
23
23
23
23
23
23
27
25
23
23
23
23
23
23
23
23
23
22
22
22
22
22
23
22
22
22
22
23
23
23
23
22
23
23
24
23
23
23
23
23
23
23
22
23
22
23
23
22
22
22
22
22
23
22
23
23
22
23
23
22
23
23
22
23
23
23
23
23
22
23
22
23
23
22
22
22
22
22
22
23
23
22
22
22
23
22
22
23
23
23
23
22
23
23
23
22
23
22
23
23
22
22
22
22
22
23
22
22
23
23
23
23
23
22
23
22
23
22
23
22
22
23
23
22
23
22
22
23
22
22
22
22
22
23
23
22
23
22
23
22
22
22
23
23
23
23
23
23
23
23
23
23
22
22
22
22
23
22
22
22
22
23
23
23
23
22
23
23
23
23
23
23
23
22
23
23
23
23
22
22
23
22
22
22
22
23
22
22
23
