25
25
24
25
25
25
24
25
25
25
24
25
25
25
24
24
25
25
24
25
24
25
25
24
25
25
25
25
24
24
25
25
24
25
25
25
24
25
25
24
25
24
24
24
24
24
24
25
24
24
24
25
25
25
26
25
25
24
25
25
25
25
24
24
24
24
24
24
24
25
24
25
25
23
15
24
25
24
24
24
25
25
26
26
24
24
25
25
24
24
21
13
24
24
24
25
24
25
24
24
24
15
14
24
25
24
26
25
25
25
25
25
25
24
25
25
25
24
15
12
24
24
24
24
25
24
24
24
23
11
21
26
25
24
25
25
25
25
24
25
24
24
24
24
24
23
18
22
24
24
24
24
24
25
24
25
21
14
23
24
24
24
25
25
24
25
25
24
24
24
25
24
24
14
19
24
24
25
24
24
24
24
25
24
15
13
24
24
25
25
24
25
25
25
25
25
24
24
24
25
23
15
23
24
25
25
24
24
24
25
25
24
15
15
24
24
25
25
25
25
25
25
25
25
24
25
24
24
14
15
24
24
24
24
24
24
25
24
24
24
12
15
25
24
24
24
24
25
25
25
25
25
24
24
24
23
12
23
24
25
24
25
24
24
25
24
24
23
13
22
24
24
24
25
24
25
25
25
25
25
24
24
24
14
15
23
23
23
23
22
23
23
22
20
18
12
15
23
24
24
24
25
25
24
24
24
24
25
25
24
24
10
14
11
11
16
16
15
13
12
13
14
15
12
13
12
12
11
15
13
14
11
14
23
24
24
26
24
24
24
24
24
24
23
24
24
24
24
24
24
23
15
13
23
23
23
23
22
13
13
24
24
25
25
25
24
25
24
24
24
24
24
24
24
24
23
24
24
23
12
21
24
24
24
24
24
24
24
24
24
24
25
24
25
25
24
25
25
24
25
25
24
23
24
24
24
22
12
23
24
25
24
24
24
25
24
24
24
24
25
25
24
25
24
26
25
25
24
25
24
24
24
24
24
22
11
23
24
24
24
24
24
24
24
25
25
25
24
25
25
24
26
24
25
25
25
24
24
24
24
24
24
15
19
24
24
25
24
25
25
25
25
25
25
25
25
25
25
25
25
25
25
25
24
25
25
24
25
24
24
13
13
24
24
25
24
24
24
24
25
25
24
25
25
25
25
25
25
26
25
25
25
25
25
24
25
25
23
15
23
24
24
26
24
25
25
25
25
25
25
25
25
25
26
24
24
24
25
25
25
25
25
25
24
24
22
15
24
24
24
25
24
25
25
25
25
25
25
25
25
25
25
25
25
25
25
25
25
25
25
24
24
24
14
13
24
24
25
25
25
25
25
25
25
24
25
25
26
25
26
24
25
24
24
25
24
25
25
25
24
23
14
18
24
24
26
25
25
25
26
25
25
25
25
25
25
25
24
25
24
25
24
25
24
25
24
25
24
24
14
12
24
25
24
25
25
25
24
25
25
25
25
25
25
25
26
25
24
25
24
25
24
25
24
24
24
25
14
14
25
25
24
25
24
25
25
25
25
25
25
25
25
25
24
24
25
25
25
25
25
25
25
25
24
24
11
13
24
24
25
25
25
25
28
24
25
25
25
25
26
25
25
25
25
25
25
25
25
25
25
25
24
24
12
23
24
25
26
25
24
25
24
25
25
25
25
25
25
25
25
29
25
25
25
25
25
25
25
25
25
24
24
24
25
25
25
25
25
25
26
25
25
25
25
25
25
25
25
25
25
24
25
25
25
25
25
24
25
24
24
25
25
25
25
25
26
25
25
24
25
25
25
25
26
