21
21
21
20
21
21
21
21
21
20
21
20
21
22
21
21
21
21
21
21
21
22
20
21
18
19
21
20
21
20
21
20
21
21
21
20
20
21
21
21
21
22
21
20
21
21
21
20
21
21
21
21
22
21
20
19
21
21
22
21
21
20
21
21
20
21
21
21
21
21
21
21
21
21
21
20
21
21
20
21
21
21
21
20
21
21
20
21
21
21
21
21
20
21
21
21
22
21
21
21
20
21
21
20
21
21
20
21
21
20
20
20
21
21
19
21
21
21
21
20
21
21
20
21
21
21
22
21
21
21
21
20
21
21
21
21
21
21
21
20
21
21
19
20
20
20
20
20
21
20
20
21
21
20
20
20
21
21
21
17
21
21
20
21
21
20
20
18
21
21
19
17
17
20
17
17
20
21
20
20
20
20
19
20
21
21
20
21
21
21
20
20
21
21
20
20
21
21
22
20
21
21
21
21
21
21
20
20
0
20
20
20
20
21
20
21
21
21
21
21
21
20
21
22
21
21
21
20
21
21
21
21
20
21
21
20
1
18
20
20
21
21
21
21
21
21
21
21
21
20
21
21
21
20
21
21
21
21
21
21
21
21
19
20
1
4
20
20
21
21
21
22
21
21
21
21
22
21
20
21
21
21
21
20
21
21
21
21
21
20
21
19
2
2
12
14
17
17
18
21
21
21
21
20
20
20
20
21
21
21
21
21
21
21
21
21
21
20
21
0
3
5
4
6
5
4
4
10
21
21
20
21
20
20
21
20
21
21
20
20
20
21
21
20
20
20
18
1
3
20
20
21
21
20
20
20
21
21
20
20
20
20
20
20
21
21
20
21
21
20
20
21
21
20
1
1
18
19
20
20
21
21
20
21
21
20
21
20
20
21
21
21
21
21
21
21
21
21
20
20
20
22
21
2
2
0
16
18
17
20
20
21
20
20
21
21
21
20
22
21
21
21
21
21
21
22
20
21
18
21
21
20
21
9
5
3
0
2
21
21
21
20
21
22
20
21
21
21
21
21
20
21
20
21
21
21
9
18
21
20
20
20
20
21
16
1
16
21
21
21
21
20
20
20
20
20
21
21
21
21
20
21
21
20
19
2
20
20
20
20
19
20
0
1
17
21
20
21
21
21
20
20
21
22
21
20
21
21
20
21
21
21
20
5
1
21
20
19
19
1
1
3
21
21
20
22
22
22
20
21
21
21
21
21
20
21
21
21
20
20
21
21
3
0
9
1
2
3
21
20
21
21
21
21
20
20
21
21
22
21
21
21
20
21
21
20
21
21
20
21
18
15
4
5
19
21
20
19
20
20
21
20
21
21
20
20
21
21
20
21
20
21
21
21
21
21
21
19
20
21
22
21
21
21
21
21
21
21
21
21
21
20
21
22
20
21
21
20
20
21
21
20
21
20
20
21
22
21
22
20
21
20
21
21
20
21
21
21
20
20
20
21
20
21
21
22
21
21
21
21
21
21
21
21
20
21
21
21
21
21
21
21
20
21
21
21
21
21
20
20
20
21
21
21
19
21
21
21
20
21
21
20
20
21
20
20
21
21
20
21
20
21
19
20
21
21
20
21
21
21
21
21
20
20
21
21
21
21
20
20
22
21
20
22
20
19
20
20
20
20
21
20
21
20
21
20
21
21
21
20
21
21
21
20
20
21
21
21
20
21
21
20
21
21
21
21
20
20
20
20
20
21
20
21
20
21
22
20
21
21
20
20
21
20
20
21
20
21
21
21
21
20
20
20
20
21
20
21
20
21
21
21
21
20
