22
22
22
22
22
21
22
22
21
21
22
22
21
22
22
21
21
22
22
21
22
21
22
22
21
21
21
22
22
22
22
22
23
22
22
22
22
22
22
22
21
22
22
21
21
21
22
22
21
21
22
21
21
22
21
21
21
21
21
23
21
22
22
22
21
21
21
21
21
21
22
21
21
22
21
21
21
22
22
22
22
21
21
22
21
22
22
22
23
22
22
21
21
21
21
21
21
22
22
21
21
22
21
21
22
21
22
21
22
21
21
21
22
22
22
22
23
22
22
22
22
21
22
21
21
21
21
21
21
22
21
21
21
21
21
21
22
21
21
22
22
22
22
22
22
21
21
22
22
21
21
21
21
21
21
21
21
22
21
21
21
22
21
22
22
21
22
22
22
22
22
21
22
22
22
22
22
21
21
21
22
21
21
22
21
22
21
22
21
21
21
22
21
21
22
21
22
22
22
22
22
22
22
22
21
22
20
16
21
21
21
21
21
21
21
21
20
22
21
22
21
21
21
22
22
22
22
23
21
21
22
21
22
22
19
1
13
18
19
19
18
19
21
19
21
21
22
21
21
22
21
22
22
22
22
22
22
21
22
21
21
22
20
1
2
4
2
2
1
1
1
0
20
21
21
21
22
22
21
22
22
22
22
22
22
22
21
22
21
20
6
3
20
20
20
12
8
3
5
5
21
21
21
21
21
21
22
22
22
23
21
22
22
21
22
21
21
21
1
4
21
22
21
21
21
21
21
22
21
21
21
21
22
21
21
22
22
22
22
22
22
22
22
21
20
2
3
20
20
20
20
21
22
22
21
22
21
22
21
21
21
21
22
21
22
22
21
22
22
22
22
22
7
2
0
2
3
4
7
19
22
22
22
21
21
21
21
21
21
21
22
22
22
22
22
22
22
22
22
22
14
5
3
4
4
5
3
1
12
22
22
21
21
21
21
22
22
21
21
21
21
22
22
22
22
21
22
23
20
22
22
21
22
21
21
20
2
22
20
21
21
22
21
21
21
22
21
21
22
21
22
21
21
21
22
21
21
21
21
22
21
21
21
17
3
23
21
21
21
21
21
22
22
22
21
21
22
22
22
21
22
22
22
20
21
22
22
21
20
20
19
2
7
21
22
22
21
21
21
21
21
22
22
21
22
22
22
22
22
22
21
20
1
20
20
20
19
12
0
3
22
22
21
21
22
21
22
21
21
21
21
20
21
22
22
22
22
23
22
22
14
2
2
1
3
2
13
23
21
21
21
21
21
21
21
21
22
22
21
22
22
22
21
21
22
22
22
22
21
22
19
14
19
21
21
21
21
22
21
21
21
21
22
21
22
22
22
21
22
22
22
21
22
22
22
22
21
22
21
21
22
22
21
21
21
22
21
23
21
21
21
21
22
21
21
22
22
22
22
22
22
22
22
22
21
22
22
21
21
21
22
21
21
22
20
21
22
20
21
21
21
22
21
21
21
22
21
21
21
22
21
22
21
22
21
22
21
21
21
21
22
21
22
21
21
21
21
22
21
21
21
22
22
22
21
22
21
21
21
22
22
22
22
21
21
22
22
22
21
21
21
22
21
21
21
22
21
21
22
21
22
22
22
22
22
22
22
22
22
21
22
21
21
21
21
22
22
21
22
21
21
21
21
21
20
21
22
21
22
22
22
22
21
22
22
21
21
21
22
21
21
20
21
21
21
21
21
21
21
21
21
21
20
21
22
21
22
22
22
21
21
22
22
21
22
22
21
21
22
22
22
21
21
21
22
21
21
22
21
21
21
21
22
21
