22
22
22
23
22
23
22
23
23
23
23
22
23
22
22
22
22
23
22
23
22
22
22
22
23
23
23
23
23
23
23
22
23
22
23
22
23
23
23
22
23
22
23
22
22
23
22
22
22
22
22
22
23
22
23
23
22
22
22
22
22
22
23
22
23
22
23
23
22
23
23
23
22
22
22
22
22
22
23
22
23
22
23
22
22
23
22
22
23
22
23
22
22
22
23
22
22
22
22
22
22
22
23
22
22
22
22
22
22
22
23
23
22
22
22
23
23
23
23
22
23
22
22
22
22
22
22
22
22
23
22
23
22
22
22
22
22
23
23
22
22
22
22
22
23
23
23
23
23
23
22
22
22
22
22
22
23
22
23
23
22
22
22
23
22
23
23
23
23
23
23
22
22
22
23
22
22
22
22
22
23
22
22
22
22
22
22
23
22
22
22
22
22
22
22
23
23
22
23
22
22
22
22
22
23
22
22
21
11
22
22
22
22
22
23
23
23
22
22
23
22
23
22
22
23
22
23
22
23
23
23
22
22
23
21
10
12
21
22
21
22
22
21
22
22
22
22
23
22
22
22
22
22
23
23
22
22
22
23
23
22
20
24
2
10
14
17
21
21
21
21
20
22
22
23
22
22
23
22
22
22
22
22
23
22
23
22
22
22
21
5
5
5
4
5
4
4
4
3
4
23
22
22
22
21
22
22
22
22
22
22
22
22
23
22
22
22
21
8
6
22
22
23
23
22
21
18
12
22
22
22
22
22
22
22
22
23
23
22
22
22
22
22
22
21
22
2
19
22
22
23
22
22
23
23
22
23
22
22
23
23
22
22
22
23
22
22
23
23
22
23
22
22
22
1
20
20
20
22
22
22
22
22
22
22
21
22
22
22
22
22
22
22
23
22
22
23
22
22
22
22
4
3
4
4
2
1
5
24
22
22
22
22
22
22
22
22
22
22
22
22
22
22
23
22
22
22
23
22
2
3
21
22
21
15
3
5
22
22
22
22
22
22
23
22
22
22
22
23
22
22
22
22
22
22
22
22
22
21
21
22
21
22
2
4
22
22
22
22
22
22
22
22
22
22
22
22
22
22
22
22
22
22
20
22
22
23
22
21
23
3
4
16
22
22
22
22
22
22
22
22
22
22
22
23
22
22
22
22
22
22
20
2
21
21
20
24
2
4
11
22
22
21
22
22
22
22
22
22
22
22
22
22
22
23
21
22
22
23
21
7
1
19
14
3
4
8
22
22
22
22
22
22
22
22
22
22
22
22
23
22
22
22
22
22
22
22
22
22
14
5
5
9
23
21
22
22
22
22
22
22
21
22
22
23
23
22
22
22
23
22
22
23
22
22
22
22
22
22
22
22
23
22
22
22
22
22
22
22
22
22
22
21
22
22
22
22
22
22
23
22
23
22
22
23
23
22
22
22
22
22
22
22
22
22
22
22
22
22
22
21
22
22
22
22
22
22
22
22
22
22
22
22
23
22
22
22
22
22
22
23
22
22
22
22
22
22
22
22
22
23
22
22
22
22
23
22
22
22
22
23
22
22
22
22
22
22
22
22
22
22
22
22
22
22
22
22
21
22
22
23
22
23
23
22
22
22
22
22
22
22
21
22
22
22
22
22
22
22
22
22
22
22
22
22
21
22
22
22
22
22
22
21
22
22
22
22
22
22
22
22
22
21
22
22
22
22
22
21
22
22
22
22
23
22
22
22
22
22
22
22
22
22
23
22
22
22
22
22
22
21
22
22
22
22
22
23
22
22
22
22
22
22
22
