20
20
20
18
20
20
20
21
20
20
21
21
20
21
21
20
21
20
20
21
20
20
21
20
20
20
20
21
20
20
21
21
21
21
20
21
21
21
21
20
20
21
20
21
20
20
20
21
20
20
21
21
21
20
20
21
20
20
21
21
21
21
20
21
20
21
20
20
20
20
21
21
21
20
20
21
21
21
21
21
20
20
19
20
21
21
20
21
20
20
20
21
20
21
20
21
21
21
20
20
20
20
21
21
20
20
20
20
20
20
20
20
20
20
20
21
21
21
20
20
21
20
21
20
21
19
20
20
20
20
20
20
20
20
20
20
20
20
20
20
20
21
20
21
20
21
21
21
21
20
20
20
20
21
20
20
20
20
20
20
21
20
21
21
21
20
20
20
20
20
20
21
20
21
20
20
21
20
21
21
21
20
19
20
19
20
20
20
20
20
21
20
20
20
20
20
20
20
21
21
20
21
20
21
21
21
20
20
20
11
7
17
17
18
17
17
20
20
20
19
20
20
20
20
20
20
20
21
21
21
21
21
20
21
21
20
22
3
2
4
3
2
1
1
20
20
20
20
20
20
20
20
21
21
20
20
21
20
21
20
20
20
21
21
20
3
7
20
21
21
19
19
20
20
21
21
20
21
20
21
21
21
21
20
21
20
20
20
21
20
20
21
20
1
13
20
21
20
20
20
21
20
20
20
21
21
20
21
21
21
20
20
21
20
20
20
21
20
21
21
19
1
17
20
20
21
21
20
20
20
20
21
20
20
20
21
21
20
20
20
20
20
20
20
20
20
21
21
8
1
19
20
20
21
21
20
20
20
20
20
20
20
20
20
20
21
20
20
21
21
21
21
21
20
21
21
20
4
8
17
18
19
20
21
21
20
20
20
20
20
21
20
20
20
20
20
20
20
21
20
16
20
21
21
21
14
6
1
1
7
17
20
20
21
20
20
20
20
21
20
20
20
21
21
21
20
21
20
0
20
21
20
21
21
20
15
13
4
1
19
20
20
21
20
20
20
20
20
20
21
20
20
21
21
20
20
3
17
20
21
21
21
20
20
19
17
1
19
20
21
21
21
20
20
20
20
21
20
20
21
21
21
21
20
10
3
19
21
21
21
21
19
12
2
3
20
21
20
21
21
21
20
21
20
20
19
21
21
21
21
20
20
20
4
1
18
19
20
18
8
2
3
21
20
21
20
21
21
20
20
20
21
20
20
20
20
20
20
21
21
19
22
8
6
1
0
3
5
19
20
20
20
20
21
20
20
21
20
20
20
20
20
21
20
20
21
21
21
21
20
20
21
16
16
20
20
20
20
21
20
20
21
20
21
20
20
20
20
20
20
20
20
20
20
20
21
20
21
21
20
21
20
19
20
20
21
21
20
20
20
21
21
21
20
20
20
20
20
21
20
19
20
20
20
20
20
20
20
21
20
20
20
20
20
20
20
20
20
20
21
21
20
20
20
20
20
21
21
20
20
20
20
21
20
20
20
21
21
20
21
21
20
20
19
20
20
20
20
20
20
20
20
20
20
20
20
20
21
21
20
20
20
21
20
20
21
20
21
21
20
20
20
20
20
20
21
21
20
20
20
20
21
21
19
19
20
19
20
21
20
21
21
20
21
20
20
20
20
20
20
20
20
20
20
20
20
20
20
20
20
20
20
19
20
20
22
20
20
20
21
20
20
20
21
20
20
20
20
20
20
21
20
20
20
20
20
20
20
21
20
20
20
21
20
19
20
20
21
20
20
20
20
20
20
20
20
20
20
20
20
19
20
20
20
