22
22
23
22
22
22
22
22
22
22
22
22
23
22
22
22
22
22
23
22
22
22
22
22
22
22
22
22
23
22
22
22
22
22
22
23
23
23
22
22
23
22
22
21
22
22
22
22
22
23
22
22
22
22
23
23
22
22
22
22
22
22
23
22
22
22
22
22
22
22
23
22
22
22
22
22
22
23
22
22
23
23
22
22
22
22
22
22
22
23
23
22
23
22
22
22
22
22
22
22
22
23
22
21
22
22
22
22
22
22
23
22
22
22
22
22
22
23
22
22
22
22
22
22
22
22
23
22
22
21
23
22
22
23
21
23
22
22
22
22
23
23
22
22
22
22
22
22
22
22
22
22
21
23
21
22
22
22
22
22
22
22
21
23
22
22
22
22
22
22
22
22
22
22
22
22
22
22
23
21
21
22
21
21
20
22
22
23
23
22
22
22
22
22
22
22
23
23
22
22
23
22
22
22
22
22
22
20
3
1
3
11
18
20
19
22
22
23
22
22
22
22
22
22
22
23
22
23
22
22
22
22
22
22
22
21
4
4
5
4
4
3
4
3
22
23
22
22
22
23
22
22
23
22
22
21
22
22
22
22
22
22
21
21
5
14
22
23
23
23
20
12
22
22
22
22
22
22
22
22
23
22
22
22
22
22
22
22
22
22
22
12
4
22
22
22
22
23
22
22
22
22
22
22
22
22
22
22
22
22
22
22
22
22
21
22
22
23
22
3
5
23
22
22
22
22
22
22
22
22
22
22
22
22
23
22
22
22
21
22
22
22
22
21
22
23
21
2
6
22
22
22
22
23
22
22
22
22
22
22
22
22
22
22
22
22
22
22
22
21
22
22
22
22
22
2
1
18
21
22
22
21
22
22
22
22
22
22
22
22
23
23
22
22
22
22
22
22
22
22
22
22
23
21
4
2
2
2
21
21
22
22
22
22
22
22
22
22
22
22
22
22
22
22
22
22
22
21
23
22
23
22
22
23
12
2
0
14
22
22
22
22
22
22
21
22
22
22
22
22
22
22
22
22
21
21
5
23
22
22
22
22
22
21
20
2
4
23
22
22
22
22
21
22
22
22
22
22
22
22
22
22
22
16
2
22
22
22
22
22
22
21
22
2
5
21
22
22
22
22
22
22
22
22
22
22
23
22
23
22
23
21
1
1
20
21
21
20
20
17
1
3
16
23
22
22
22
22
22
22
22
22
22
22
22
23
21
22
22
22
22
2
1
5
15
6
1
3
3
19
22
23
22
22
22
22
22
22
22
22
23
22
22
22
22
22
22
22
22
23
20
9
4
4
11
22
22
23
22
23
22
22
22
22
22
22
21
22
22
22
22
22
22
22
22
22
22
22
22
22
22
23
23
22
22
23
22
21
22
22
22
22
22
21
22
22
23
22
22
22
22
22
22
22
22
22
22
23
23
22
22
22
22
22
22
22
22
22
22
22
22
22
22
22
22
22
22
22
22
22
22
21
22
22
22
22
22
22
22
22
22
22
22
22
22
22
22
22
22
22
22
22
22
22
22
22
22
22
22
22
23
22
21
22
22
22
21
22
22
22
21
22
22
22
22
22
22
22
22
22
22
23
22
22
22
22
22
22
22
22
22
22
22
22
22
22
22
22
22
22
22
22
23
22
22
23
22
22
22
22
22
23
22
22
21
22
22
22
22
22
22
22
22
22
22
22
22
22
22
22
22
22
22
22
22
22
21
22
22
22
22
22
21
22
22
22
22
22
23
22
21
22
22
22
22
21
22
22
22
22
21
22
22
22
