21
21
20
21
19
21
21
21
21
20
20
22
20
20
18
20
20
19
20
19
20
19
20
21
20
19
20
20
21
21
20
20
20
20
21
20
20
20
20
20
19
21
21
19
20
20
21
21
21
20
19
20
20
20
19
20
20
21
20
20
20
21
20
21
20
20
20
21
20
20
20
20
21
20
20
21
19
20
20
20
20
19
20
19
20
21
21
20
19
21
20
21
20
20
19
21
20
20
20
21
20
21
20
20
20
20
21
21
20
20
20
19
20
21
20
20
21
21
20
20
20
20
20
20
19
20
21
21
20
21
20
20
20
20
21
20
20
19
21
20
20
20
20
18
19
20
20
20
19
19
19
20
20
20
19
19
20
20
21
19
19
20
19
20
21
20
20
20
20
20
19
19
20
20
20
20
20
20
22
20
19
21
19
19
19
20
19
21
20
20
20
20
19
20
20
20
21
21
19
20
20
20
21
21
20
19
19
19
20
20
19
20
20
20
20
20
20
21
20
19
20
20
20
19
20
20
21
21
20
20
20
20
20
20
2
2
21
21
20
19
20
20
21
20
21
20
20
20
19
20
19
21
20
21
21
20
20
21
20
20
20
18
3
2
20
20
19
19
19
9
14
21
20
21
20
20
20
20
21
20
20
20
20
20
20
20
20
20
19
17
4
13
19
7
1
1
1
11
3
20
20
20
21
18
20
20
21
21
20
21
21
20
21
19
21
21
20
13
4
3
2
6
20
20
18
20
19
20
20
20
20
20
20
20
20
21
20
19
19
19
20
21
20
20
20
9
2
2
13
19
19
19
20
20
20
21
20
20
21
20
21
20
20
20
20
20
19
20
20
20
20
20
21
21
20
3
1
19
20
19
20
20
20
19
19
20
20
20
20
20
20
20
21
20
19
19
21
20
20
19
21
20
19
19
1
2
2
20
20
20
19
20
19
20
20
20
19
21
19
20
21
20
20
21
20
20
20
20
20
21
20
20
21
11
2
20
20
20
20
20
20
20
20
21
21
21
20
19
21
20
20
20
20
20
20
20
21
20
20
20
19
20
2
20
20
21
20
20
20
20
20
20
19
20
19
19
20
19
19
20
19
20
21
20
20
20
20
19
20
15
1
20
21
21
19
20
20
19
20
20
20
19
19
20
21
20
20
20
20
20
20
20
21
21
18
20
20
1
1
20
20
20
21
19
20
20
19
20
20
19
20
20
19
21
20
20
20
21
20
20
21
21
19
20
13
2
21
20
20
20
21
20
20
18
19
20
19
20
20
20
21
20
20
20
20
20
20
21
19
20
20
20
18
20
21
21
20
19
20
20
19
20
20
20
20
20
20
20
20
20
20
20
20
21
20
20
20
20
21
19
20
21
19
20
20
20
20
20
20
20
21
20
20
20
20
20
20
20
20
20
20
20
21
20
20
20
20
20
20
21
21
20
20
20
20
20
20
20
20
20
21
20
19
20
19
20
20
21
20
20
20
21
20
20
20
19
19
20
21
19
20
21
20
20
21
20
21
20
19
19
20
20
20
20
20
20
21
21
20
20
20
21
19
18
20
20
20
20
19
20
20
20
21
21
20
20
19
19
19
18
20
20
22
20
21
20
20
21
20
20
20
20
20
20
21
20
20
20
20
20
20
20
20
20
21
21
20
20
21
20
20
20
19
21
20
20
20
20
20
20
21
21
21
20
19
21
20
21
20
20
20
20
20
20
19
20
21
20
21
20
20
21
20
20
20
20
20
20
20
20
21
20
20
21
19
20
20
20
20
21
20
19
20
20
