21
22
20
21
20
21
20
21
21
21
21
21
21
21
21
20
21
20
20
21
21
21
21
20
20
21
21
21
21
21
20
21
21
21
21
21
21
22
21
20
21
21
21
21
20
21
20
20
21
21
20
20
21
21
20
20
20
20
21
21
21
21
21
21
21
21
21
20
21
22
22
21
21
21
20
21
21
21
21
22
21
21
20
21
21
21
21
21
21
21
21
21
21
21
21
21
20
20
21
21
20
20
21
21
20
20
21
20
20
20
21
20
21
21
21
21
21
19
21
20
21
21
21
21
21
21
20
21
21
21
20
21
20
21
20
21
20
20
20
20
21
21
21
21
22
21
20
21
21
21
21
20
21
21
20
20
21
20
21
21
20
21
21
21
21
20
21
21
21
20
21
21
20
21
20
22
21
21
20
8
22
21
21
20
20
21
21
20
21
21
21
19
21
21
20
21
21
22
21
21
21
20
21
21
20
20
20
4
21
21
21
20
20
21
21
20
20
21
20
20
20
21
21
21
21
21
21
21
20
21
21
21
21
21
19
5
21
21
21
21
21
20
21
20
19
21
20
20
20
20
20
21
22
22
21
22
20
21
21
20
21
21
17
3
19
22
19
9
2
7
21
21
21
20
21
21
20
20
20
21
21
21
21
21
21
21
20
21
21
20
17
4
15
1
2
19
20
21
21
20
21
21
21
21
20
21
20
20
21
20
22
21
21
21
21
21
21
21
17
3
5
20
21
21
20
20
21
21
21
20
21
21
21
21
21
21
21
21
21
21
20
21
21
21
21
20
16
5
21
20
20
20
21
22
21
20
20
21
20
20
21
21
21
20
21
21
21
21
20
21
21
21
21
20
18
4
15
20
20
22
20
20
21
20
21
21
21
20
20
21
21
21
20
21
21
21
21
21
21
21
21
20
20
17
3
3
17
20
22
20
21
20
21
21
20
20
20
22
21
21
21
22
21
21
21
21
21
21
21
20
21
20
19
13
1
2
20
20
21
20
19
21
21
20
20
20
20
21
20
21
21
21
21
21
21
20
20
21
20
21
21
19
0
3
21
21
20
20
21
20
20
20
21
20
21
21
21
21
21
21
21
20
21
21
21
21
22
21
20
19
7
14
22
21
21
21
20
20
21
20
21
21
20
22
20
21
21
21
21
20
21
21
20
21
22
22
20
1
14
21
21
20
20
20
21
21
21
20
20
21
20
20
21
21
20
20
20
21
21
21
20
19
21
21
1
5
21
20
20
20
20
20
21
21
20
20
20
21
22
21
21
21
21
20
21
20
21
21
21
21
20
9
14
22
20
20
21
21
20
21
21
20
20
20
21
20
20
22
21
21
21
21
20
21
21
21
21
4
7
21
20
20
21
20
21
20
21
20
20
21
21
20
20
21
21
20
20
20
21
21
20
21
21
21
20
20
21
21
21
20
21
20
21
20
21
20
21
20
21
20
21
20
21
21
21
21
21
20
20
20
21
21
20
21
21
20
21
19
18
22
20
20
21
20
21
20
20
19
19
21
20
20
21
21
20
20
21
21
21
21
20
20
20
22
20
20
21
20
20
21
20
20
19
21
20
20
21
21
20
19
21
21
21
20
20
19
20
20
20
20
20
21
21
19
19
21
20
20
20
20
20
20
21
21
21
20
20
20
21
20
20
21
20
20
22
21
20
21
21
19
20
19
21
20
21
20
20
21
20
21
20
20
20
21
21
21
20
21
20
21
20
21
21
20
21
22
20
21
20
20
20
21
20
20
20
20
21
20
20
20
21
19
20
21
