21
22
21
21
21
22
22
22
22
21
20
21
21
21
21
22
21
22
21
21
22
21
22
21
22
21
21
21
22
21
21
21
22
21
21
21
21
22
22
21
21
21
21
21
21
21
21
21
22
21
21
21
21
21
21
21
21
21
21
21
22
22
21
21
21
21
21
21
22
22
22
22
22
21
21
21
21
21
21
21
21
21
21
20
22
21
22
22
21
21
22
21
22
21
22
21
21
22
21
22
22
22
21
21
21
22
22
21
21
21
21
21
21
21
22
21
22
21
22
21
22
21
21
21
21
21
21
22
22
22
21
22
21
21
21
21
21
21
21
21
21
22
21
21
22
21
21
21
21
21
22
22
21
21
22
22
22
22
22
21
21
21
21
21
22
22
22
21
22
21
21
21
22
21
21
22
21
21
9
12
21
21
22
22
22
21
21
21
21
21
21
21
22
21
21
21
21
21
21
22
22
22
21
21
21
19
13
11
21
21
21
21
22
20
21
21
22
21
21
21
21
22
22
21
21
21
21
22
22
21
21
21
20
20
7
12
21
21
21
20
7
2
6
20
21
21
21
21
21
21
22
21
21
21
21
21
22
21
21
21
21
19
2
14
22
20
14
5
14
22
20
22
22
21
21
21
21
21
21
21
21
21
21
21
22
21
21
21
21
17
4
18
21
17
9
21
21
21
22
21
21
21
21
21
21
22
22
22
21
21
22
22
22
21
22
21
21
17
6
21
20
13
21
21
21
22
21
21
21
20
21
21
21
21
21
21
21
21
21
21
22
21
22
21
21
18
4
16
20
21
21
21
21
21
21
22
21
21
21
21
22
21
21
21
22
21
22
21
21
21
21
21
21
21
17
3
9
21
21
21
21
21
21
21
21
21
21
21
21
21
22
20
21
21
21
21
22
21
21
21
21
21
20
17
1
7
19
21
21
21
21
21
21
21
21
21
21
21
22
20
21
21
21
21
21
21
21
21
21
21
21
21
20
16
5
12
21
21
20
21
21
21
21
21
21
21
21
21
21
22
21
21
22
21
21
22
21
21
21
21
21
20
17
6
19
20
21
21
21
20
21
21
22
21
22
21
21
22
21
21
22
21
21
21
21
21
21
21
21
21
14
8
21
21
20
21
21
21
20
21
21
22
21
20
21
21
21
21
21
21
21
21
21
21
20
21
20
17
5
21
21
21
21
21
21
20
21
21
21
21
21
21
21
21
21
21
21
21
21
21
20
21
22
19
8
6
21
21
21
21
20
21
21
21
21
21
20
21
21
21
21
21
21
21
22
21
21
21
20
20
7
7
20
21
21
21
21
21
21
21
21
21
21
21
21
21
21
21
21
21
21
21
21
21
21
20
17
7
19
21
21
21
21
21
22
21
21
21
21
21
21
21
21
21
21
21
21
21
21
21
21
21
21
21
21
21
21
21
22
22
21
20
22
22
21
20
21
21
21
20
21
21
20
21
21
21
21
21
21
21
21
21
21
22
21
21
21
21
21
21
22
21
21
21
21
21
21
21
21
21
21
21
21
21
21
21
21
21
21
21
21
21
21
21
21
21
21
21
21
21
21
21
21
21
21
21
21
21
21
20
21
21
21
20
21
21
21
21
21
21
21
21
22
21
21
21
21
21
21
21
20
21
21
21
21
20
21
20
21
21
21
21
21
21
22
21
21
21
21
22
21
21
21
21
20
21
21
21
21
20
21
21
20
21
20
22
21
21
21
21
21
21
21
21
21
21
21
21
21
21
21
21
21
21
21
20
20
21
21
21
21
21
21
21
