19
21
20
20
20
19
21
21
20
21
21
19
20
20
20
21
20
20
20
19
20
20
19
20
20
18
19
20
20
21
21
20
21
21
19
20
21
20
20
21
21
22
19
19
19
19
20
20
19
21
20
19
20
16
19
20
20
21
20
20
21
20
20
20
21
20
20
20
21
20
19
18
20
19
16
20
20
20
20
19
20
17
19
20
20
19
20
20
21
21
21
20
21
20
19
20
20
20
20
20
20
20
21
19
19
19
19
21
19
19
20
19
20
20
21
19
20
20
20
19
19
20
19
19
20
19
22
19
20
19
20
19
18
19
18
20
18
20
20
20
20
20
20
20
20
20
20
20
20
20
20
19
20
21
20
21
20
20
19
19
21
20
20
20
20
20
20
20
18
22
21
19
21
20
20
19
21
20
20
20
21
18
20
18
20
20
20
20
20
19
20
20
19
19
19
20
20
21
20
21
20
20
21
21
21
10
8
19
20
19
16
1
2
1
11
20
20
20
20
20
20
21
19
20
19
20
20
20
20
20
21
19
20
3
1
19
1
2
1
19
20
18
21
20
20
19
20
20
19
20
19
21
19
19
20
21
19
19
20
21
22
2
2
5
2
19
20
21
19
20
20
21
20
17
20
21
20
21
20
20
20
21
20
19
20
20
18
21
16
13
2
20
20
20
20
20
19
20
19
20
19
20
20
19
21
20
20
20
20
20
21
21
20
19
20
20
19
20
3
19
20
20
20
19
20
20
20
19
20
20
20
20
19
20
19
20
20
20
20
19
19
20
20
21
19
20
3
1
19
20
19
19
20
19
20
20
20
21
20
20
20
20
19
20
21
21
20
19
21
21
20
21
20
21
18
3
6
19
20
20
20
21
19
20
19
20
20
20
21
18
18
19
20
20
20
20
20
20
19
19
20
19
22
16
1
1
19
19
20
20
20
20
21
20
20
21
20
20
20
20
20
20
21
20
20
20
19
19
20
19
20
22
19
9
1
18
20
19
21
21
20
20
20
21
19
19
20
21
20
19
20
18
21
20
21
20
20
20
21
19
19
19
2
20
19
20
21
19
20
21
19
20
18
19
20
21
20
19
19
19
19
20
20
20
20
21
20
19
19
22
2
20
20
20
20
21
20
20
20
20
20
19
20
20
19
18
20
20
19
20
20
21
20
20
20
21
19
1
18
20
20
19
20
19
21
20
20
20
20
21
19
19
19
20
20
20
20
21
20
19
19
19
20
20
19
1
20
20
20
20
19
20
19
19
20
20
20
20
22
21
20
21
19
20
20
21
20
18
20
20
20
20
1
20
19
19
20
20
19
20
20
20
20
20
19
19
20
20
20
18
19
20
20
20
20
19
19
20
19
20
20
20
20
20
20
20
20
21
21
20
19
20
20
19
20
19
20
20
20
20
19
21
19
20
20
20
21
20
21
20
20
21
21
19
19
19
21
21
20
20
21
20
21
20
19
20
20
20
20
20
20
20
22
20
21
19
22
20
20
20
21
20
19
19
21
20
20
19
19
20
20
19
20
20
20
19
20
20
19
21
20
20
20
19
20
21
20
20
20
20
20
19
20
20
21
19
19
20
20
20
20
20
20
20
20
22
21
20
20
20
21
22
20
19
21
21
21
20
21
21
20
20
19
20
19
20
20
19
21
20
19
21
19
21
21
21
20
20
20
20
20
21
20
20
21
20
20
19
20
21
19
20
20
19
20
20
21
19
19
20
20
20
20
20
21
21
19
20
20
17
20
20
19
21
20
19
20
20
20
20
20
19
21
19
