27
26
27
25
24
25
25
26
26
26
26
26
27
27
26
27
27
26
27
27
26
27
25
28
26
27
26
26
26
25
25
25
26
26
27
26
24
25
26
26
25
26
26
27
27
26
27
27
27
26
27
27
25
27
26
27
26
26
25
25
25
26
26
27
25
27
27
27
26
26
26
26
26
26
25
28
27
26
27
28
26
27
27
27
25
26
26
24
25
27
26
27
28
25
26
26
26
27
26
26
27
26
27
27
27
26
26
27
27
27
26
26
26
26
24
25
25
25
25
25
26
26
26
27
26
26
25
25
25
26
26
28
25
27
26
26
25
27
26
26
26
25
25
26
25
25
27
25
26
25
26
26
26
26
26
26
26
26
26
26
28
27
25
27
25
26
26
26
27
25
26
25
26
26
26
27
25
25
27
27
27
26
27
26
26
26
27
27
27
26
26
26
25
25
26
26
26
26
26
25
26
26
26
25
26
26
27
26
27
26
26
26
26
26
28
27
26
27
26
26
26
27
25
27
26
24
25
25
26
26
26
26
25
26
25
25
26
25
24
28
27
27
25
26
24
27
27
28
26
26
23
27
26
26
24
25
26
26
25
25
25
8
7
27
20
9
11
15
27
27
25
25
24
27
25
26
27
27
28
26
26
25
25
24
26
25
26
26
25
26
11
10
15
27
27
25
26
25
25
25
25
26
25
27
26
27
26
26
26
26
26
25
25
25
26
27
26
25
8
8
25
26
26
25
26
28
28
26
24
27
26
28
25
26
26
26
26
27
26
24
24
25
26
25
26
26
28
11
26
26
26
26
26
27
26
25
26
26
26
25
25
26
27
26
26
24
24
25
25
25
26
25
26
26
26
7
11
27
25
26
26
25
26
27
27
26
27
26
26
26
26
26
25
25
24
25
27
27
25
25
23
25
26
26
9
3
25
26
27
26
26
26
26
27
26
26
27
25
26
25
26
25
25
25
25
25
26
25
25
25
26
26
30
11
28
26
27
27
27
27
26
26
27
27
26
27
25
26
27
26
27
27
27
26
26
27
25
25
25
25
26
10
29
26
26
25
24
25
26
27
26
27
26
26
26
26
25
24
26
26
27
27
24
26
25
26
25
3
14
11
27
26
26
28
28
25
25
26
27
26
27
23
25
25
26
25
25
26
26
26
24
26
27
13
9
6
28
27
26
26
27
26
26
26
24
26
26
26
27
27
26
26
25
25
27
25
25
25
26
27
25
27
26
26
25
26
26
24
27
26
26
26
26
28
26
26
26
26
26
26
25
26
25
26
25
25
26
27
25
26
25
26
26
25
26
26
25
26
27
26
26
26
26
26
25
26
24
26
25
25
26
26
25
26
26
26
26
26
25
26
27
26
26
27
26
26
26
25
24
26
26
27
26
26
26
26
27
24
25
26
26
26
26
26
25
26
25
26
26
26
26
26
26
26
27
26
28
27
26
26
26
27
26
26
26
26
26
27
26
26
24
25
26
26
27
26
27
26
26
26
26
26
25
27
27
25
27
25
26
26
26
27
25
27
27
25
26
26
24
25
25
26
26
25
24
26
27
26
24
26
26
26
26
24
26
26
25
25
27
26
26
25
25
26
26
26
26
26
27
26
26
27
27
26
26
27
27
26
26
26
26
26
26
26
26
28
25
26
26
26
26
26
25
26
25
26
27
25
26
27
26
26
26
26
26
26
27
26
26
27
27
26
26
26
26
27
25
25
25
27
26
26
26
27
26
27
26
25
25
26
26
26
27
27
26
27
25
26
26
27
25
26
26
27
