25
26
26
26
27
27
26
25
27
27
28
27
27
26
27
27
28
26
25
25
26
26
27
28
26
27
26
26
25
27
28
26
27
27
27
27
26
28
26
27
26
26
25
27
28
28
25
27
26
26
27
26
26
25
27
27
26
26
27
26
27
26
28
26
26
27
26
27
27
27
28
27
27
27
26
27
28
26
27
27
26
27
26
27
27
27
26
26
27
27
27
26
28
27
27
26
26
26
25
27
27
26
26
27
27
26
26
26
26
28
26
27
27
27
26
26
26
27
27
27
27
26
27
27
27
27
26
28
26
26
27
27
25
27
26
27
26
25
25
27
27
27
27
27
27
26
26
27
26
26
25
27
26
25
25
27
27
27
25
26
25
26
27
27
26
26
26
27
26
26
26
26
25
27
27
27
26
26
26
27
26
26
26
26
28
26
25
27
26
26
27
28
27
27
27
28
26
24
25
26
27
26
25
27
27
26
26
26
27
26
26
27
27
27
27
27
26
27
27
27
26
26
27
28
27
28
27
27
26
26
26
27
27
27
27
27
27
25
26
27
27
26
26
26
26
27
26
26
25
26
27
27
28
28
28
26
28
27
26
27
27
26
26
25
26
26
26
25
25
24
27
27
27
24
27
26
27
25
26
27
27
26
27
25
26
26
25
26
26
26
9
10
26
25
27
12
10
7
27
27
27
26
26
26
27
26
26
26
26
25
25
25
27
26
26
26
26
26
10
13
12
13
13
21
27
27
26
25
25
26
28
26
26
27
27
26
25
26
28
26
26
27
26
26
26
26
27
28
13
9
25
25
26
25
27
28
26
27
27
26
25
26
27
25
27
28
26
27
26
27
26
26
26
27
26
26
9
12
27
26
26
27
27
27
27
26
27
26
26
26
26
26
27
26
25
26
27
26
25
26
26
27
25
27
26
13
9
25
27
26
25
27
26
26
26
26
26
28
26
26
26
26
27
25
27
27
27
27
25
26
26
27
26
23
13
27
26
26
26
26
26
26
28
27
26
26
26
26
27
26
27
26
26
23
27
26
24
26
26
28
27
26
12
9
25
26
26
26
24
27
28
27
25
27
26
26
27
26
26
27
26
25
26
25
27
25
27
26
25
24
7
13
28
26
27
25
26
26
25
26
26
27
27
25
27
26
25
26
28
25
27
27
27
25
26
27
14
12
13
9
27
26
27
26
26
24
27
25
27
27
26
25
27
26
26
27
25
26
25
26
26
7
12
15
11
17
29
27
27
26
26
26
26
26
26
25
25
27
25
26
26
27
25
26
26
26
26
28
27
26
26
26
25
26
27
27
26
25
26
26
26
25
27
25
27
26
28
26
24
26
24
26
25
26
26
27
24
26
26
26
26
25
26
26
26
27
26
26
26
26
26
27
26
25
28
24
26
27
25
25
27
26
25
26
27
25
27
26
27
26
26
25
25
26
27
26
26
27
26
27
27
26
27
26
25
27
28
25
27
26
26
26
22
26
26
26
26
27
26
27
25
26
27
26
25
28
27
27
26
25
27
26
26
27
25
25
27
25
25
27
26
26
27
25
27
25
27
25
26
25
25
26
27
27
26
26
27
26
25
26
27
27
25
26
25
24
26
26
25
26
26
27
26
25
28
25
24
24
27
27
28
27
27
25
25
26
26
25
25
26
25
24
27
26
24
27
27
26
26
25
26
26
27
27
24
26
26
24
26
25
27
26
26
26
26
22
26
25
25
25
27
27
25
26
27
26
26
26
27
27
28
25
26
26
26
27
27
26
26
27
26
27
25
26
