25
26
27
26
27
27
27
26
28
27
26
26
26
27
27
27
27
27
28
26
26
27
27
27
26
26
27
27
26
26
28
28
27
28
27
27
27
27
26
26
25
26
27
27
27
27
27
28
27
27
28
26
25
27
26
24
26
25
26
27
26
26
27
26
27
26
27
26
27
27
27
27
28
27
27
27
26
25
27
27
26
26
27
25
26
26
26
26
27
26
27
27
27
26
26
27
26
28
27
26
27
25
27
27
27
26
27
26
27
27
27
27
27
25
27
26
25
26
26
26
27
26
26
27
27
27
27
27
27
26
27
26
26
27
27
27
27
27
27
27
26
27
26
26
27
27
26
27
27
27
25
24
26
28
25
28
27
26
27
27
26
27
27
27
26
27
27
27
27
26
25
26
27
27
26
27
26
26
27
27
27
27
25
26
27
25
26
28
26
27
27
26
26
28
27
26
26
27
27
27
27
28
26
28
27
26
26
26
27
26
27
26
28
27
28
27
27
28
27
25
26
28
27
25
26
27
25
26
27
27
25
26
27
27
26
26
26
26
27
27
27
27
27
25
26
27
27
26
24
27
27
27
26
26
25
26
27
27
27
26
26
26
25
26
26
26
26
24
24
27
27
26
26
27
27
26
25
26
26
26
26
25
25
27
27
26
26
26
27
27
28
25
27
16
8
9
27
26
27
27
27
27
25
27
26
26
27
26
25
26
26
26
26
24
26
26
26
7
11
13
14
8
29
27
25
26
26
27
26
27
27
26
26
27
27
27
25
25
27
25
27
27
27
26
27
29
21
6
27
26
24
26
25
26
25
27
26
28
27
26
25
27
27
27
24
26
26
26
26
27
26
26
27
26
10
11
28
26
26
27
25
26
26
26
26
28
28
26
26
25
23
26
26
26
27
26
27
26
26
26
27
26
28
13
8
26
27
27
26
26
26
27
26
26
26
26
25
25
25
25
26
27
27
26
28
27
26
26
26
26
27
26
12
5
26
26
26
27
24
26
26
26
26
24
26
26
25
26
26
26
26
27
26
26
26
26
27
27
26
26
14
12
5
26
27
28
26
26
26
25
27
23
26
27
26
27
28
26
27
26
27
27
27
26
26
26
26
25
27
8
11
29
27
27
27
27
27
27
26
27
26
27
26
26
26
28
26
25
26
27
26
26
25
25
28
8
12
12
8
27
27
27
26
28
26
27
26
27
27
26
25
26
26
26
25
26
27
26
26
26
21
12
13
10
30
27
26
27
26
27
26
26
27
25
27
27
26
26
26
27
25
26
26
25
25
26
25
26
26
26
27
27
26
26
27
27
26
26
26
26
27
26
26
26
26
26
26
26
27
27
27
27
26
27
26
26
26
24
26
26
27
27
27
27
27
28
27
26
26
27
27
28
27
26
27
26
26
27
27
26
27
27
25
27
26
26
27
27
27
24
26
27
27
27
28
26
27
26
27
25
25
24
26
26
25
26
27
27
27
26
25
26
27
26
26
26
26
26
27
26
27
27
26
26
26
26
25
25
27
27
25
27
26
27
26
26
28
27
25
26
27
27
27
26
26
26
26
26
27
26
27
27
26
27
27
26
26
27
25
25
26
27
26
26
27
25
26
26
26
27
27
26
26
27
26
26
27
27
26
26
26
26
26
26
26
27
25
27
26
26
25
27
26
26
27
26
26
27
23
26
27
26
25
27
28
26
26
26
26
27
26
26
27
26
25
27
27
26
27
26
26
26
28
26
26
24
27
28
26
26
27
26
26
26
27
26
26
28
25
28
27
26
27
25
