27
25
26
26
27
26
26
25
27
27
27
24
26
26
27
24
27
27
27
26
27
26
25
26
26
27
26
25
27
26
26
27
26
28
27
27
27
26
26
26
27
25
27
27
26
26
25
26
28
25
26
27
26
26
27
25
27
26
26
28
27
27
25
26
26
26
26
26
26
27
27
26
24
26
27
26
24
24
26
25
26
26
28
26
27
27
28
28
27
27
26
26
25
26
27
26
25
26
27
26
27
27
27
26
27
26
27
26
27
26
26
25
27
28
28
27
27
26
26
26
26
25
27
26
26
26
28
27
27
26
25
26
27
27
26
27
25
26
26
25
24
27
27
26
28
26
27
27
26
26
25
26
25
26
27
27
26
27
26
26
25
27
28
26
26
25
25
26
26
28
28
26
26
26
31
12
26
26
25
26
26
26
27
26
27
28
26
26
27
25
26
27
25
27
26
27
27
26
27
28
26
26
28
13
29
24
21
26
16
28
28
27
26
25
27
27
26
26
26
27
26
26
26
25
25
26
27
28
25
26
26
14
12
13
14
13
11
26
26
27
26
26
27
26
26
25
26
26
27
26
26
27
26
27
27
27
26
26
25
10
12
29
27
26
27
26
27
26
26
27
26
27
26
27
25
26
27
25
26
25
24
26
25
27
26
26
27
26
13
26
26
26
27
27
27
26
26
27
26
28
26
26
26
26
27
23
27
26
25
26
26
27
25
27
26
28
13
27
25
26
26
27
26
26
27
27
28
26
27
26
26
26
27
27
26
25
25
26
27
26
26
27
26
27
20
12
28
25
26
26
27
23
26
27
26
27
27
27
26
26
26
24
23
25
26
27
28
26
26
26
27
25
27
9
12
15
25
26
26
26
27
27
26
25
27
26
26
26
26
26
26
28
26
25
24
27
26
26
26
27
26
25
7
12
24
26
26
26
27
28
27
26
27
25
27
27
26
26
26
26
26
25
27
26
25
26
26
26
27
14
13
10
26
26
27
26
27
26
26
26
26
26
26
27
27
26
26
26
27
27
27
27
26
26
26
27
11
13
28
25
27
26
27
26
26
26
26
25
26
27
26
26
25
27
26
26
26
27
25
25
25
26
26
9
11
27
26
26
26
26
27
27
25
26
26
26
27
27
26
27
27
26
26
26
26
25
27
27
26
27
13
10
29
25
26
26
26
26
27
27
26
27
27
28
26
26
27
24
27
26
26
27
24
25
27
28
26
28
31
24
25
26
26
27
25
26
26
26
26
27
26
27
26
27
28
27
27
26
26
28
28
26
26
25
23
26
28
26
27
26
26
27
27
26
27
27
27
26
25
26
26
27
27
27
28
26
28
25
27
26
28
26
25
27
27
27
27
27
26
28
27
24
26
24
24
26
26
25
26
27
28
28
24
26
26
25
24
26
27
26
27
27
27
26
28
26
26
24
27
27
26
26
27
25
26
26
27
27
25
27
29
26
26
27
26
26
27
26
26
25
26
26
26
26
27
25
28
27
25
26
26
26
25
24
28
26
27
26
27
26
26
23
26
26
27
27
27
26
25
27
27
26
26
26
26
28
26
26
25
25
27
26
26
26
26
27
26
26
27
26
26
26
27
27
27
25
27
28
25
26
26
29
28
26
26
26
26
27
25
25
25
26
26
24
26
27
25
25
26
25
27
27
28
26
24
27
25
27
26
27
25
25
24
26
26
25
25
27
27
27
27
27
23
27
26
27
27
26
26
27
26
26
26
27
26
26
26
27
26
25
26
25
27
25
27
27
25
27
25
24
26
26
28
25
