26
27
27
26
27
27
27
27
26
26
27
27
27
26
26
26
27
25
26
26
27
26
27
26
26
25
26
28
26
27
27
27
25
27
28
26
26
27
26
27
27
26
27
27
25
25
25
26
27
27
28
28
26
29
26
25
28
26
26
27
26
26
27
27
27
26
26
27
27
28
27
28
26
27
27
28
26
26
26
26
26
27
26
26
26
27
27
27
26
27
27
27
27
26
27
27
27
27
26
26
26
26
26
26
26
26
26
26
27
27
28
27
27
25
26
27
27
27
27
27
27
25
27
26
26
26
27
26
27
26
24
27
26
27
27
25
26
26
27
26
28
25
27
27
27
27
27
27
26
26
27
26
26
26
26
27
27
26
26
27
26
27
27
26
28
27
27
26
27
26
26
27
26
27
26
27
27
26
27
27
27
25
25
27
26
27
26
27
27
27
26
27
25
26
27
27
27
28
27
28
27
27
27
27
27
24
27
27
26
25
27
27
25
26
27
27
27
27
27
27
26
27
26
26
28
25
27
25
27
27
27
27
26
27
25
26
25
25
25
25
27
24
7
28
27
28
27
27
26
25
28
27
28
27
26
27
27
25
26
27
28
10
10
7
8
7
10
13
13
7
28
26
26
26
27
26
26
27
30
26
24
26
27
25
27
27
28
27
25
29
11
11
10
8
25
26
27
26
26
27
26
27
26
27
25
26
29
26
24
27
26
26
27
26
26
27
26
26
28
12
3
26
27
26
27
26
26
26
26
26
27
27
25
27
26
26
26
25
26
27
27
26
27
27
27
26
26
26
12
21
26
26
27
26
25
27
25
27
27
27
25
27
25
27
28
25
26
27
27
27
28
26
27
26
25
26
9
12
29
26
27
26
27
26
27
27
26
26
26
28
27
26
27
25
27
27
25
25
25
26
27
27
26
26
26
11
12
29
26
27
27
26
26
26
29
28
25
26
28
27
26
24
28
26
25
26
25
26
26
26
25
29
12
12
13
27
26
27
26
26
27
27
29
27
25
26
26
26
27
27
27
27
27
27
26
26
26
25
11
13
11
23
27
27
26
27
28
26
25
27
26
26
26
27
26
25
25
26
25
25
26
26
27
24
28
8
9
30
26
26
28
27
27
26
27
27
26
27
27
27
26
27
26
27
26
27
25
27
26
27
27
8
9
31
26
27
26
25
28
26
26
27
27
27
27
27
26
26
27
26
26
26
27
27
27
27
27
26
26
26
27
27
26
25
27
27
27
24
27
27
28
25
25
28
26
26
26
26
26
26
27
26
28
26
22
26
25
25
26
26
26
26
26
26
28
26
25
26
25
25
27
28
26
26
27
26
27
24
26
27
26
27
27
27
27
26
27
27
27
26
24
25
26
26
25
26
26
25
27
27
26
26
26
25
25
25
26
26
27
27
26
26
26
26
27
27
26
25
27
26
27
26
26
27
27
25
25
27
26
26
27
27
25
25
27
26
27
25
26
25
25
27
27
27
27
26
26
26
25
26
27
28
26
24
27
27
26
28
27
27
26
27
25
28
27
25
27
26
26
28
26
26
28
25
25
27
24
27
27
27
26
25
27
27
25
27
26
28
26
25
27
26
26
26
26
26
26
26
26
26
26
25
26
27
26
26
27
26
24
25
27
26
26
26
25
27
26
25
26
26
27
27
27
26
26
26
27
27
26
25
26
29
26
27
26
26
26
25
26
27
26
28
27
25
26
27
26
26
25
26
27
27
27
26
26
28
26
26
27
25
27
26
26
25
27
26
27
26
26
26
26
26
26
26
