25
25
25
25
25
25
25
25
25
25
24
24
25
25
25
25
25
25
25
25
26
24
25
25
25
25
25
25
25
25
25
25
25
24
25
25
25
25
25
25
25
24
26
25
24
25
25
24
25
25
25
25
25
25
25
25
25
25
25
25
24
26
25
25
25
25
25
26
25
24
24
24
25
25
25
25
25
25
25
25
25
25
25
25
25
24
25
25
25
25
25
25
25
25
25
25
25
21
9
22
25
25
25
25
25
25
26
25
25
25
25
25
25
25
25
25
25
25
26
25
25
25
25
26
24
9
9
25
25
25
25
25
25
25
26
26
26
25
25
25
25
25
25
25
25
25
25
25
25
25
25
24
24
9
11
25
25
25
25
25
26
25
26
25
25
25
25
26
25
25
25
25
25
25
25
25
25
25
25
24
23
10
17
24
25
25
25
25
25
26
25
25
25
24
25
25
25
25
25
26
25
25
25
25
25
25
25
25
19
10
24
14
10
13
16
12
23
20
10
8
18
25
25
25
25
25
25
25
25
25
25
25
25
26
25
25
10
11
24
8
6
8
12
6
8
8
11
13
22
25
25
25
25
25
26
25
25
25
25
25
25
24
25
20
7
23
24
25
24
24
25
24
23
23
23
23
25
25
26
25
25
25
25
25
25
25
25
25
26
25
25
9
12
24
24
25
24
25
25
24
25
25
25
25
24
25
25
25
26
25
25
25
25
25
25
25
25
25
23
9
22
25
24
25
24
24
24
25
24
25
25
24
24
25
24
26
25
25
25
25
24
25
25
25
25
25
10
13
24
26
25
24
24
25
25
25
24
25
25
25
25
25
25
25
25
25
25
25
25
25
26
25
24
24
8
9
10
9
12
19
24
25
24
25
25
25
25
25
24
25
24
24
26
25
25
25
26
26
25
25
25
10
9
8
8
6
7
12
17
7
23
25
25
25
25
25
25
24
25
25
25
26
26
25
26
25
25
25
25
25
24
25
24
24
23
22
8
8
8
23
25
25
25
25
25
25
25
25
25
25
26
25
25
25
25
26
26
25
25
24
25
24
25
25
25
21
7
14
24
25
24
25
25
24
25
26
25
25
26
26
25
26
25
25
25
25
25
25
24
25
24
25
25
25
9
9
11
25
25
25
25
25
25
25
25
25
26
25
25
25
25
26
26
25
25
25
25
25
25
24
24
25
23
7
9
25
25
24
25
25
25
25
25
25
26
25
25
25
25
25
26
25
25
25
25
25
25
25
25
25
9
9
10
25
25
24
25
25
25
26
25
25
25
25
26
25
25
25
25
26
25
24
25
25
24
24
25
23
9
10
24
24
25
25
25
26
25
26
26
25
26
12
25
25
25
25
25
25
25
25
24
25
24
26
25
9
7
21
25
24
25
25
25
25
25
25
26
25
25
23
12
19
25
25
26
25
25
25
24
25
26
24
14
10
11
25
24
25
25
25
26
25
25
24
26
26
25
25
24
14
12
14
17
24
23
24
24
14
13
9
9
18
25
25
25
24
25
25
25
26
25
25
26
26
25
26
25
26
25
20
10
10
10
8
7
8
13
13
25
24
25
25
25
25
25
25
25
25
25
26
26
25
25
26
26
26
25
25
25
25
24
23
23
24
24
25
25
25
26
25
25
25
24
26
25
25
25
25
25
26
25
25
26
25
25
25
25
25
25
26
25
25
25
25
25
25
25
26
25
25
25
25
26
25
25
26
26
26
26
26
25
26
25
26
25
26
25
25
25
25
25
25
25
25
25
25
26
25
25
25
25
26
25
25
