22
23
23
23
22
23
23
23
22
22
22
22
23
23
23
22
22
22
22
22
22
23
22
23
23
22
22
23
23
23
23
23
23
23
22
22
22
23
23
22
23
22
22
22
23
23
23
23
22
22
22
22
22
22
22
23
23
23
23
23
23
23
23
22
22
23
23
22
23
22
22
23
23
22
23
23
23
22
22
23
23
23
23
22
23
23
23
23
23
23
23
23
22
22
22
23
23
23
22
22
22
22
23
23
22
23
22
23
23
23
22
23
23
23
23
23
23
23
23
23
23
22
23
22
22
23
22
22
22
23
23
22
22
23
22
23
23
23
22
22
22
23
23
23
22
23
22
22
22
22
23
23
22
23
22
22
22
22
23
22
22
23
22
23
22
22
23
23
23
22
22
22
23
22
23
23
22
23
23
23
22
22
18
23
22
23
23
23
23
22
22
22
23
22
22
22
23
23
23
23
22
22
22
22
22
22
22
22
23
26
4
24
26
17
22
25
22
22
22
22
22
23
22
22
22
23
23
22
22
22
23
22
22
23
22
22
23
11
28
1
0
0
1
25
23
22
23
23
22
22
22
22
22
23
22
23
23
22
23
23
22
22
22
23
22
1
28
26
26
24
23
23
23
23
23
23
22
23
23
23
22
23
23
22
22
22
23
23
22
23
23
23
25
0
23
23
23
23
22
22
23
22
22
23
23
23
23
23
22
22
23
23
22
22
22
23
23
23
23
22
1
6
23
22
22
23
23
23
23
23
23
22
23
22
23
22
22
23
22
23
23
23
23
23
22
22
22
15
0
27
23
23
23
23
23
23
23
23
23
23
22
22
23
23
23
22
23
23
23
22
22
22
22
22
23
23
1
1
1
23
23
23
22
23
22
23
22
22
22
23
23
23
23
22
22
22
23
23
22
23
22
23
22
23
23
25
1
4
22
23
23
22
23
23
23
23
23
23
23
23
23
22
22
23
22
22
22
22
22
23
22
23
23
23
23
0
24
23
23
23
23
23
22
23
22
23
23
23
22
23
23
23
23
22
23
23
22
23
22
23
23
23
22
0
24
23
23
23
23
23
23
23
22
23
23
22
22
22
23
22
23
22
23
22
23
23
22
22
22
23
26
0
22
23
23
23
23
23
23
23
23
23
23
23
23
23
22
22
22
22
22
22
23
22
23
23
23
23
0
22
23
23
23
23
23
23
23
23
22
22
23
23
23
23
23
22
22
23
22
22
25
25
23
23
23
0
0
23
23
23
23
23
23
23
23
23
22
23
22
23
22
22
23
22
23
23
22
23
26
0
0
0
1
1
28
23
23
23
22
23
23
22
23
22
22
23
23
23
23
23
22
22
22
23
23
23
22
26
23
25
23
25
23
23
23
23
23
23
23
23
23
22
22
22
23
22
22
22
22
22
22
22
22
22
22
23
23
23
23
23
23
23
23
23
23
23
22
23
23
23
22
22
23
23
22
22
23
22
22
22
22
22
23
22
23
22
23
22
23
23
23
23
23
23
23
23
23
23
22
22
23
22
23
22
23
22
22
23
22
23
23
22
23
23
23
23
23
23
23
23
23
23
22
23
22
22
22
22
22
23
22
22
22
22
22
23
23
23
23
23
23
23
23
23
22
23
23
22
23
23
23
23
22
22
22
23
23
22
22
23
22
23
22
23
22
23
23
23
23
23
23
23
22
22
23
23
22
23
22
23
23
23
23
23
22
23
23
22
22
23
22
23
22
22
23
23
23
23
22
23
22
22
22
23
23
23
22
23
23
22
22
23
22
22
