23
23
22
23
23
23
23
23
23
22
22
22
23
22
23
22
22
23
22
22
22
23
23
22
22
23
23
22
23
23
23
23
23
23
23
23
23
23
22
23
22
23
23
22
23
23
23
23
23
23
23
23
22
22
22
22
23
23
23
23
23
23
23
23
23
23
22
22
22
23
23
22
23
23
23
23
23
23
23
23
23
23
23
23
23
23
23
22
23
23
23
22
22
22
22
22
22
22
23
22
23
23
23
23
23
22
22
22
22
23
23
23
23
23
23
23
23
23
23
23
23
22
23
22
23
23
23
23
23
23
23
23
22
22
23
23
23
22
23
22
23
23
22
23
22
23
22
23
22
22
22
23
25
23
23
23
23
23
23
23
23
23
23
22
23
23
22
22
23
22
22
23
23
23
23
22
23
22
22
23
18
16
22
1
1
7
26
18
23
22
23
23
22
22
23
23
23
23
22
22
23
23
23
23
23
22
22
23
16
16
23
5
3
1
3
24
22
23
22
23
23
22
22
22
23
22
22
22
23
22
23
22
22
22
23
22
0
25
23
22
23
23
23
23
23
22
23
23
23
23
22
22
23
23
22
22
22
23
23
23
23
22
22
22
0
25
23
23
23
22
23
23
23
23
23
23
23
22
23
23
22
23
22
22
22
23
23
23
23
23
23
24
0
23
23
23
23
23
23
23
23
22
23
23
23
22
23
23
22
23
23
22
22
23
22
23
23
22
22
14
5
23
23
22
23
23
23
23
23
23
23
23
22
23
23
22
23
23
23
22
23
23
23
23
22
22
22
0
2
23
23
23
23
23
22
23
22
23
22
23
22
23
22
22
22
22
23
22
22
22
23
23
22
22
22
1
7
1
0
23
23
22
23
23
23
22
23
23
22
22
22
22
22
22
22
23
22
23
22
22
22
23
22
22
22
22
7
5
23
23
23
23
22
23
23
23
22
22
23
23
23
22
23
23
22
22
22
23
23
23
22
22
23
23
21
2
23
22
23
23
22
22
23
22
22
22
22
22
23
22
22
22
23
23
23
23
23
23
22
22
22
23
5
6
23
22
23
22
22
22
22
22
22
22
22
22
22
22
23
23
22
22
22
22
24
23
23
23
23
23
0
25
23
23
23
23
22
22
22
22
22
22
22
23
22
22
22
22
22
23
23
22
1
22
23
22
22
26
0
24
23
23
23
22
22
23
23
22
22
22
22
22
22
22
22
22
22
22
22
23
22
0
23
25
17
1
25
23
23
23
23
22
22
22
22
22
22
22
22
22
22
22
22
22
22
22
22
23
22
22
0
0
0
2
24
23
22
23
22
23
22
22
22
23
22
22
23
22
22
22
22
22
22
23
23
23
22
23
22
25
25
23
23
23
23
23
23
22
22
22
22
22
22
23
22
22
23
22
22
22
22
22
23
23
23
22
22
23
23
22
23
23
23
23
22
22
22
22
22
22
22
22
22
22
22
22
22
22
22
22
22
22
22
22
22
23
23
23
23
23
22
22
22
22
22
22
22
22
22
22
22
22
22
22
22
22
22
22
22
22
23
23
23
23
23
23
23
23
22
22
22
22
22
22
22
22
22
22
22
22
22
22
22
22
22
22
22
23
23
22
23
23
22
23
23
23
22
22
23
23
22
22
22
22
22
22
22
22
22
22
22
22
22
22
22
22
22
22
22
22
22
23
23
23
22
22
22
22
22
22
22
22
22
22
22
22
22
22
22
22
22
22
22
22
22
22
22
22
22
22
22
23
22
22
22
22
22
22
22
22
22
22
22
22
