22
22
22
23
22
22
23
22
23
23
23
23
22
23
23
23
22
22
23
23
23
23
22
22
22
23
23
23
22
23
23
23
23
23
23
22
22
22
23
23
23
23
23
22
23
23
23
23
22
23
23
23
23
23
22
23
22
23
23
23
23
23
23
22
23
23
23
23
23
23
22
22
23
23
23
23
23
22
23
23
23
23
22
22
22
23
22
22
23
23
22
23
23
22
23
23
23
23
22
23
23
23
23
23
23
23
23
23
22
23
23
23
22
23
23
23
22
22
22
23
23
22
22
23
23
23
23
23
23
23
22
23
23
23
23
23
23
22
23
23
22
22
23
23
22
23
22
23
23
23
22
22
22
23
22
23
23
23
23
22
23
22
23
23
23
23
23
23
23
23
22
22
23
22
23
22
23
23
24
24
23
23
23
25
2
2
22
22
23
22
23
23
22
23
23
22
22
23
22
23
23
23
22
23
23
23
18
1
23
24
5
0
21
22
23
22
23
23
23
23
23
22
23
23
22
22
22
23
22
22
22
23
23
23
23
0
22
0
0
27
23
23
22
23
22
23
23
23
23
23
22
23
22
22
22
22
22
23
22
23
22
22
22
0
24
1
24
23
23
23
23
23
23
23
23
23
22
22
22
22
22
22
22
22
23
23
23
22
23
23
23
1
26
23
23
23
23
23
23
23
23
23
23
23
22
22
22
23
23
23
23
22
22
22
23
22
22
22
23
1
26
23
23
22
23
23
23
23
22
23
23
22
23
22
22
22
22
23
23
22
23
23
23
23
23
23
23
0
28
25
23
22
23
23
23
23
23
23
23
23
22
22
23
23
23
22
22
22
23
22
22
22
22
23
23
0
1
1
0
1
25
23
23
23
23
23
22
22
22
23
22
22
23
22
22
23
22
22
22
22
22
23
23
25
25
26
27
6
0
23
23
23
23
23
23
23
23
23
22
23
22
22
22
23
23
23
22
23
23
23
23
22
23
23
23
22
0
24
23
23
23
23
23
22
23
22
23
23
22
22
22
22
22
23
22
23
23
23
23
23
23
23
23
22
0
23
23
23
22
22
22
23
23
22
23
23
23
22
22
22
22
23
22
22
22
23
23
23
23
23
23
24
0
23
23
22
22
22
23
23
23
22
22
22
23
23
22
23
22
22
22
23
22
23
23
23
23
23
23
0
29
23
23
23
22
22
23
22
22
23
23
23
22
23
23
22
22
22
22
23
22
22
23
23
23
23
0
1
23
23
23
23
23
23
23
22
23
22
23
22
22
22
22
22
22
22
22
23
23
23
22
11
26
1
1
30
23
23
23
23
23
23
22
23
23
23
23
22
22
22
22
23
22
22
22
23
23
23
23
13
0
1
27
23
23
23
22
23
23
22
22
22
23
23
23
23
22
22
23
23
22
22
23
23
23
23
23
23
22
23
23
23
23
23
23
23
23
22
23
22
23
22
23
23
22
22
22
22
22
22
22
23
23
22
22
22
23
23
23
23
23
23
23
23
23
22
22
23
23
23
23
23
22
22
23
23
23
22
23
22
23
23
22
22
23
23
23
23
23
23
23
23
23
23
22
23
23
23
23
23
23
22
23
23
23
23
22
23
23
23
23
23
23
23
23
23
23
23
22
23
22
23
23
22
22
23
23
22
23
22
22
22
23
22
22
23
23
23
22
23
23
23
22
23
23
23
23
23
23
23
23
22
23
23
23
23
23
22
22
23
22
22
23
22
22
22
22
23
23
23
23
23
23
22
23
23
22
23
23
23
23
23
22
22
