0
0
0
0
0
0
0
0
0
0
0
0
0
0
0
0
0
0
0
0
0
0
0
0
0
0
0
0
0
0
0
0
0
0
0
0
0
0
0
0
0
0
0
0
0
0
0
0
0
0
0
0
0
0
0
0
0
0
0
0
0
0
0
0
0
0
0
0
0
0
0
0
0
0
0.00119909307
-0.00344311027
0.000722557481
0.0328982174
0.11186152
0.188843474
0.155902937
0.131533533
0.0525852181
0.0273967255
0
0
0
0
0
0
0
0
0
0
0
0
0
0
-0.0161226708
-0.0657686517
-0.10004627
-0.15790002
-0.0735220388
-0.108296528
-0.00723692589
0.0684473962
0.181520715
0.204142869
0.20518671
0.20518671
0.20518671
0.20518671
0.204787001
0.205130562
0.208984107
0.1907157
0.139374778
0.0395730473
0
0
0
0
-0.0992858037
-0.271658033
-0.558068871
-0.820865154
-1.17999244
-1.22409427
-1.06434977
-0.830307603
-0.521587431
-0.355055213
-0.232138246
-0.248687252
-0.226627722
-0.225314245
-0.224426717
-0.198900238
-0.157917023
-0.044923164
0.0343714952
0.0577672496
0
0
0
0
-0.107036859
-0.248216704
-0.404071331
-0.685852587
-1.23596382
-1.45986891
-1.53025615
-1.65518427
-1.69391906
-1.67445815
-1.58311975
-1.59921336
-1.58070564
-1.57637
-1.56929958
-1.43839312
-1.20512426
-0.808580816
-0.456919402
-0.142404258
0
0
0
0
0.122004926
0.298736602
0.492417276
0.671918511
0.566050351
0.382390201
0.10552229
-0.307830423
-0.722238243
-0.975439012
-1.09348571
-1.05046201
-1.12461221
-1.16055965
-1.17734182
-1.21221209
-1.06371582
-1.00522816
-0.77255863
-0.348239243
0
0
0
0
0.187888294
0.428295761
0.661230922
1.0680449
1.37747705
1.44158053
1.46157193
1.44002783
1.36876464
1.18778884
1.07073402
1.12343454
1.02116501
0.871095121
0.655214548
0.431220591
0.211210921
-0.32880649
-0.471055657
-0.188728839
0
0
0
0
0.0474300273
0.129415065
0.183862805
0.318131
0.495429009
0.604229748
0.754497111
0.931874692
1.13311791
1.2548517
1.25798833
1.29661024
1.16566551
1.02948356
0.858016372
0.763182163
0.427280128
0.0556673221
0.019321613
0.0897988528
0
0
0
0
0
0
0
0
0
0.0120344842
0.0590821914
0.0705855265
0.132241741
0.223685578
0.240071893
0.212546185
0.0823171884
0.044536788
0.17064397
0.0727554038
-0.111724883
-0.0108575383
0.193279117
0.110573567
0
0
0
0
0
0
0
0
0
0
0
0
0
0
-0.0116515597
-0.136352003
-0.210887387
-0.16809392
-0.0615943857
-0.172766805
-0.171587735
0.0332877226
0.153098941
0.0196866728
0
0
0
0
0
0
0
0
0
0
0
0
0
0.000128474261
-0.0628678724
-0.208056524
-0.198884979
-0.0276383813
-0.0269325636
-0.0778141692
0.0877288505
0.235493124
0.0776775256
0
0
0
0
0
0
0
0
0
0
0
0
0
0
-0.000268328702
-0.104668841
-0.115785316
-0.0224385895
0.138549685
0.0326398201
-0.00261807581
0.2248611
0.298686743
0.048122976
0
0
0
0
0
0
0
0
0
0
0
0
0
0.00107061886
-0.0360642038
-0.104006998
-0.0516048446
0.154599711
0.174107671
0.00700689573
0.0667426884
0.214324385
0.0663210228
0
0
0
0
0
0
0
0
0
0
0
0
0
0.000271223427
-0.0154461134
-0.146770373
-0.184460893
-0.0947737992
0.0606943183
-0.0552562959
-0.0505976267
0.135475263
0.194716707
0.00546851987
0
0
0
0
0
0
0
0
0
0
0
0
4.28247513e-05
-0.00168307603
-0.107837953
-0.233789429
-0.251381069
0.000563458889
-0.195004389
-0.207171485
0.0153339431
0.203037128
0.0634348318
0
0
0
0
0
0
0
0
0
0
0
0
0
-0.000146542545
-0.0572762266
-0.20762217
-0.307406604
-0.164512321
-0.123305038
-0.228693068
-0.101104908
0.175129011
0.182083786
0
0
0
0
0
0
0
0
0
0
0
0
0
0.000442522432
-0.00953407027
-0.184386626
-0.259111047
-0.184691504
-0.0138500463
-0.234296858
-0.11418657
0.167138442
0.236377493
0.0623411275
0
0
0
0
0
0
0
0
0
0
0
0
0
-0.00522099296
-0.0823544785
-0.177812785
-0.186977357
0.0480779186
0.0515812114
-0.0551963858
0.169523001
0.337596625
0.171134487
0
0
0
0
0
0
0
0
0
0
0
0
0
0.00087076996
-0.0496869683
-0.219511688
-0.235066399
-0.0733304173
0.0392906293
0.0184002873
0.21509394
0.37277478
0.267066628
0.0382796414
0
0
0
0
0
0
0
0
0
0
0
0
0
-0.0122821853
-0.1323504
-0.246848091
-0.257102489
-0.122976042
-0.269680232
-0.181177303
0.0857035369
0.248792365
0.0839174837
0
0
0
0
0
0
0
0
0
0
0
0
0
0
-0.06183194
-0.191037327
-0.21138227
-0.212298781
-0.290751994
-0.377644598
-0.236989036
-0.326092392
-0.0174865332
0.00109370402
0
0
0
0
0
0
0
0
0
0
0
0
0
0
-0.0707628056
-0.0912019461
-0.0728614479
-0.0785819143
-0.319955587
-0.355354875
-0.189236432
-0.14980945
-0.0291887522
0
0
0
0
0
0
0
0
0
0
0
0
0
0
0
0
0
0
0
0
0
0
0
0
0
0
0
0
0
0
0
0
0
0
0
0
0
0
0
0
0
0
0
0
0
0
0
0
0
0
0
0
0
0
0
0
0
0
0
0
0
0
0
0
0
0
0
0
0
0
0
0
0
0
0
0
0
0
0
0
0
0
0
-0.0641601905
-0.272792071
-0.547583699
-0.779726744
-0.754208148
-0.497759312
-0.285968453
-0.0700099245
-0.0211761836
0.0168046653
0
0
0
0
0
0
0
0
0
0
0
0
0
0
-0.265115768
-0.867667437
-1.45206583
-1.90782595
-1.73874092
-1.46494961
-1.27978981
-1.05467081
-0.982170463
-0.916481853
-0.961130142
-0.961130142
-0.961130142
-0.961130142
-0.9397434
-0.805784643
-0.535840869
-0.224364981
0.00831186771
0.0242734049
0
0
0
0
-0.321038038
-0.834517241
-1.18662429
-1.48365545
-1.32883704
-1.32382917
-1.56389976
-1.69181645
-1.81330085
-1.8174895
-1.86834121
-1.91844332
-1.88260496
-1.86232603
-1.830006
-1.58395052
-1.09953415
-0.499203622
0.000891672913
0.100850247
0
0
0
0
-0.050496541
-0.0136444373
0.142982498
0.160764828
0.269527793
0.0973410979
-0.324359447
-0.562815011
-0.784791768
-0.89336729
-0.931105912
-1.0606041
-0.945121109
-1.03331995
-1.32034135
-1.38415205
-1.11223578
-0.357538551
0.169088587
0.183443591
0
0
0
0
0.282263041
0.870973527
1.27622223
1.58907986
1.77649724
1.55969
1.2050612
0.980662465
0.923022091
0.841170013
0.870616019
0.786353469
0.839586854
0.390106529
-0.290438235
-0.581715822
-0.491664261
0.227599606
0.555966616
0.232969716
0
0
0
0
0.339910746
0.814552367
1.2178396
1.55706573
1.67038631
1.82008016
1.86296415
1.91141379
1.9157654
1.97162819
2.05649304
1.9944092
1.75551581
1.01002872
0.437431663
0.315116942
0.525961399
0.85927099
0.665032923
0.201409236
0
0
0
0
0.0853644833
0.233145535
0.327406228
0.468608648
0.563345909
0.707325101
1.02475047
1.18989313
1.28387523
1.3775357
1.42592502
1.30916762
0.685967803
0.0351209491
0.142440498
0.518930376
0.919389904
1.16469395
0.585872889
0.0572720729
0
0
0
0
0
0
0
0
0
0.0216596462
0.106392995
0.126273409
0.209461972
0.265660256
0.205317825
-0.107813723
-0.88019973
-0.921404362
-0.171791479
0.706573367
1.29561388
1.04447734
0.324046463
-0.0251816586
0
0
0
0
0
0
0
0
0
0
0
0
0
0
-0.16869916
-0.774603546
-1.16276419
-0.582377911
0.317298353
1.07534075
1.38561106
0.680583775
0.0495953485
-0.00714745512
0
0
0
0
0
0
0
0
0
0
0
0
0
-0.00687430566
-0.334134549
-0.917356074
-0.770966649
0.0139713045
0.906425059
1.44448757
1.03494608
0.290482193
0.00837518089
0
0
0
0
0
0
0
0
0
0
0
0
0
0
-0.10647773
-0.614028811
-0.913683832
-0.355493098
0.45826152
1.20227718
1.42721462
0.689469695
0.0215305015
-0.0174715575
0
0
0
0
0
0
0
0
0
0
0
0
0
-0.0572858825
-0.454297841
-1.01554203
-0.840609431
0.0231063031
0.827795148
1.30535924
0.952551425
0.195783839
-0.0199220926
0
0
0
0
0
0
0
0
0
0
0
0
0
-0.0145124234
-0.283855587
-0.97800833
-1.29443562
-0.625400484
0.425948203
1.07194746
1.24871933
0.564052582
-0.0136218276
-0.00198540417
0
0
0
0
0
0
0
0
0
0
0
0
-0.00229143514
-0.181362152
-0.809687614
-1.44841623
-1.16118538
-0.00901108049
0.881755888
1.30636883
0.925307989
0.18588981
-0.0230306871
0
0
0
0
0
0
0
0
0
0
0
0
0
-0.032437332
-0.492456585
-1.20815742
-1.26168764
-0.452632874
0.776953995
1.34816349
1.23682904
0.516747713
-0.0187238287
0
0
0
0
0
0
0
0
0
0
0
0
0
-0.0236781631
-0.263462812
-0.962372601
-1.32184374
-0.594432294
0.553013742
1.42098677
1.46877885
0.793087721
0.156564966
-0.0226336066
0
0
0
0
0
0
0
0
0
0
0
0
0
-0.136849314
-0.704990149
-1.28398001
-0.946459711
0.056776531
1.11687267
1.66259241
1.08692133
0.379970193
-0.0330369845
0
0
0
0
0
0
0
0
0
0
0
0
0
-0.046592515
-0.43801263
-1.1577307
-1.34288132
-0.641679585
0.495339096
1.16384363
1.33105969
0.62650454
0.0291463044
-0.0138978297
0
0
0
0
0
0
0
0
0
0
0
0
0
-0.161808416
-0.743773162
-1.23798466
-1.11855602
-0.457335114
0.490697712
1.03418386
0.970636785
0.194794998
-0.029635841
0
0
0
0
0
0
0
0
0
0
0
0
0
0
-0.242649347
-0.743200302
-0.804727793
-0.484305084
0.228304252
1.02331471
1.02661312
0.623946428
0.0701095909
-0.000397080847
0
0
0
0
0
0
0
0
0
0
0
0
0
0
-0.110661663
-0.0529392064
0.387306899
1.00580084
1.47784817
1.48094785
1.01310551
0.403917402
0.0577301979
0
0
0
0
0
0
0
0
0
0
0
0
0
0
0
0
0
0
0
0
0
0
0
0
0
0
0
0
0
0
0
0
0
0
0
0
0
0
0
0
0
0
0
0
0
0
0
0
0
0
0
0
0
0
0
0
0
0
0
0
0
0
0
0
0
0
0
0
0
0
0
0
0
0
0
0
0
0
0
0
0
0
0
-0.0317989513
-0.10556329
-0.184876874
-0.147098795
0.0729482993
0.187064111
0.231237456
0.16664277
0.0856433064
0.0309211127
0
0
0
0
0
0
0
0
0
0
0
0
0
0
-0.0173956491
0.0401247703
0.0781862363
0.434758127
0.65915972
0.564442158
0.41912666
0.291261137
0.223548427
0.132405177
0.0895016119
0.0895016119
0.0895016119
0.0895016119
0.100101262
0.156614512
0.24168916
0.302386343
0.195283651
0.0446638279
0
0
0
0
0.212411329
0.591315806
1.03366971
1.42687249
1.5784595
1.44115853
1.15109348
1.03412616
0.938986897
0.948180795
0.890910923
0.894992471
0.92954272
0.93117249
0.906202555
0.790785432
0.707679451
0.639353633
0.429926842
0.128872126
0
0
0
0
0.221350089
0.681436539
1.12281811
1.36458933
1.65289259
1.68010807
1.761868
1.75530171
1.80438185
1.87324047
1.82092285
1.84992099
1.89738917
1.83097041
1.72333467
1.40488899
1.24828422
1.10751641
0.654505908
0.157339156
0
0
0
0
0.0678581595
0.308470994
0.429211378
0.596606255
0.730667531
0.996163189
1.15697217
1.27345634
1.33217621
1.40338981
1.45364904
1.47246504
1.41534996
1.42730796
1.50804317
1.59882855
1.60753095
1.27253187
0.565395415
0.133091077
0
0
0
0
0.0167320836
0.0232547391
0.0460243337
0.101227529
0.290388793
0.328913331
0.459200799
0.535502791
0.56629467
0.591462493
0.626618087
0.6063205
0.576481402
0.774372637
1.20852149
1.71887302
1.72824419
1.17310369
0.480060369
0.0852705315
0
0
0
0
0.00377889513
-0.00475099031
-0.0155588007
0.00702654105
0.0608341768
0.0821771249
0.0638871789
0.123817846
0.16264011
0.251347601
0.232062444
0.223233655
0.368566096
0.726591527
1.39245033
1.73968637
1.56936455
0.939213932
0.407868236
0.0830019563
0
0
0
0
0
0
0
0
0
0.000958824123
0.000885586487
-0.0103754131
0.00431300327
0.0181056913
0.0199174564
0.0145066446
0.351733148
1.01208007
1.65287673
1.66710377
1.11711335
0.604451001
0.223606005
0.0706197023
0
0
0
0
0
0
0
0
0
0
0
0
0
0
-0.00353855733
0.19977282
0.643373251
1.33462095
1.65497553
1.39949918
0.749338448
0.406013042
0.164802
0.012928063
0
0
0
0
0
0
0
0
0
0
0
0
0
-0.00340703037
0.0674059093
0.413908482
0.983020186
1.45473683
1.53268147
1.0114038
0.559407949
0.197834775
0.0461384058
0
0
0
0
0
0
0
0
0
0
0
0
0
0
-0.040557947
0.123441048
0.574377477
1.1959877
1.51654053
1.26634276
0.697755516
0.3447797
0.165041313
0.0316019319
0
0
0
0
0
0
0
0
0
0
0
0
0
-0.02839192
-0.0201701503
0.261529684
0.893595695
1.46315384
1.46289873
0.95563364
0.53346318
0.187921941
0.0429988205
0
0
0
0
0
0
0
0
0
0
0
0
0
-0.00719261961
-0.0321940891
0.166502163
0.619363546
1.37467742
1.60963643
1.23331833
0.695038497
0.329078346
0.117563412
0.00359112862
0
0
0
0
0
0
0
0
0
0
0
0
-0.00113567675
-0.0630420521
0.0655653998
0.429112315
1.27341509
1.74462712
1.49878943
0.890328825
0.469682187
0.18139945
0.0416570902
0
0
0
0
0
0
0
0
0
0
0
0
0
-0.0120050814
0.0657521114
0.372529536
0.967209041
1.68405259
1.7171216
1.16192901
0.56700778
0.313232571
0.113261707
0
0
0
0
0
0
0
0
0
0
0
0
0
-0.0117353266
-0.0655592084
0.185131297
0.724005997
1.54024434
1.79014528
1.41926765
0.679650962
0.426310003
0.16212517
0.0409388654
0
0
0
0
0
0
0
0
0
0
0
0
0
-0.0257533696
0.0841631219
0.4312644
1.1746043
1.64481127
1.53961468
0.908927679
0.524681211
0.227792725
0.108507246
0
0
0
0
0
0
0
0
0
0
0
0
0
-0.0230920948
0.0108568529
0.307068139
0.874368012
1.53337085
1.57552874
1.339854
0.832075357
0.330107749
0.141657576
0.0251378994
0
0
0
0
0
0
0
0
0
0
0
0
0
0.00259092101
0.204781637
0.627061903
1.37955189
1.76169825
1.62449133
1.21118569
0.749368668
0.249349132
0.0549971461
0
0
0
0
0
0
0
0
0
0
0
0
0
0
0.0949586853
0.438352287
0.995408356
1.65518749
1.98723066
1.77274442
1.08726299
0.467106253
0.116585381
0.000718225725
0
0
0
0
0
0
0
0
0
0
0
0
0
0
0.188628942
0.717507899
1.34586012
1.60392177
1.52525699
1.06828976
0.640848696
0.33368367
0.0545596257
0
0
0
0
0
0
0
0
0
0
0
0
0
0
0
0
0
0
0
0
0
0
0
0
0
0
0
0
0
0
0
0
0
0
0
0
0
0
0
0
0
0
0
0
0
0
0
0
0
0
0
0
0
0
0
0
0
0
0
0
0
0
0
0
0
0
0
0
0
0
0
0
0
0
0
0
0
0
0
0
0
0
0
0.0442922451
0.0702816322
0.075606972
0.148473442
0.00160065817
-0.100314632
-0.139441758
-0.140564114
-0.0637604669
-0.0398860127
0
0
0
0
0
0
0
0
0
0
0
0
0
0
0.117100194
0.0278344266
0.114975579
0.144972324
-0.0687048808
-0.00818174146
-0.0323339291
0.00359156542
-0.0733715743
-0.0683594197
-0.0421555229
-0.0421555229
-0.0421555229
-0.0421555229
-0.0569196008
-0.110050745
-0.11643973
-0.174467504
-0.184427187
-0.0576131232
0
0
0
0
-0.0916811824
-0.336512983
-0.174591511
0.122609742
0.336478174
0.28348729
0.2786915
0.125222951
0.0844400227
-0.0403407626
-0.059674602
-0.027465295
-0.0693703443
-0.0518390499
-0.0732249394
-0.10374929
-0.0680378824
-0.0954375118
-0.181386277
-0.124146655
0
0
0
0
-0.431013763
-0.52843982
0.0222865753
0.360618472
0.263126254
0.153598741
0.141919374
0.0795934722
0.135407254
0.0758650601
0.118602924
0.152164012
0.0948866606
0.224120587
0.172491714
0.410223931
0.54098624
0.0983063951
-0.186657593
-0.063662231
0
0
0
0
-0.2998209
-0.0864083022
0.301399171
0.357971042
0.0141297877
-0.0706408545
-0.0158050172
0.0956966281
0.100910336
0.0579105914
0.110611163
0.125850737
0.219917133
0.255040616
0.133638814
0.446032465
0.532657206
0.0666484013
-0.19707872
-0.0662201643
0
0
0
0
0.0638849959
0.0691372007
0.358684748
0.222907588
0.17438212
0.161388636
0.152167737
0.322752208
0.213184714
0.152020574
0.153452724
0.279351354
0.413491786
-0.056924507
-0.200112686
0.43227908
0.681762338
0.0485879965
-0.169148743
-0.116908893
0
0
0
0
0.0421697795
0.0579621345
0.0640822425
0.110949948
0.110590488
0.17071712
0.149794132
0.296495318
0.235894501
0.215203136
0.283631325
0.348153561
0.235142246
-0.361049414
0.0145814447
0.9305439
0.758564115
-0.0787864551
-0.266279697
-0.036536783
0
0
0
0
0
0
0
0
0
0.0106997956
0.0380415693
0.00594256353
0.0763612017
0.0238041505
0.114172533
0.13008593
-0.368716031
-0.359057546
0.492682487
1.02346289
0.225711331
-0.15266633
-0.114964463
0.0156935435
0
0
0
0
0
0
0
0
0
0
0
0
0
0
0.0701589733
-0.153211266
-0.577441275
-0.0113579221
0.945197225
0.718156815
0.0375260338
-0.217127606
-0.0260537397
0.00441288156
0
0
0
0
0
0
0
0
0
0
0
0
0
0.00474559795
0.0159521624
-0.49653095
-0.312160879
0.668570399
1.03947961
0.232975587
-0.20544523
-0.148697913
-0.00481341779
0
0
0
0
0
0
0
0
0
0
0
0
0
0
0.0664428771
-0.178583205
-0.510488212
0.123345315
1.06407094
0.55190587
-0.0848298743
-0.213514224
0.00833607092
0.0107870437
0
0
0
0
0
0
0
0
0
0
0
0
0
0.0395466499
0.094447203
-0.3838934
-0.337056965
0.553199053
0.915690124
0.173573151
-0.221674502
-0.0965269655
0.0123406397
0
0
0
0
0
0
0
0
0
0
0
0
0
0.0100184847
0.110400908
-0.157299161
-0.486265153
0.0140107302
0.935645223
0.600951731
-0.0838326961
-0.223101392
0.0113463486
0.00122580037
0
0
0
0
0
0
0
0
0
0
0
0
0.00158186594
0.106075309
-0.0512219034
-0.451942652
-0.24821268
0.532372534
0.946813703
0.151723802
-0.216573551
-0.0911506787
0.0142192841
0
0
0
0
0
0
0
0
0
0
0
0
0
0.0200384725
0.0917257667
-0.427806348
-0.459913999
0.321098208
1.02175438
0.454076171
-0.0395394191
-0.223872662
0.0120232888
0
0
0
0
0
0
0
0
0
0
0
0
0
0.016345948
0.103528947
-0.263856232
-0.554086864
0.121288553
0.797667563
0.771535754
0.155017287
-0.226684198
-0.0711776316
0.0139741236
0
0
0
0
0
0
0
0
0
0
0
0
0
0.0701449364
0.0173736326
-0.557398081
-0.228488877
0.602051675
1.0490849
0.180062458
-0.170429796
-0.166850135
0.0206815805
0
0
0
0
0
0
0
0
0
0
0
0
0
0.0321646072
0.0609560311
-0.342801332
-0.355995506
0.307687938
1.16331446
0.459168196
-0.234292805
-0.246325284
-0.000228147765
0.00858060271
0
0
0
0
0
0
0
0
0
0
0
0
0
0.0638325065
-0.166373163
-0.553714871
0.0668853074
0.819493234
0.921109319
0.0295805987
-0.336211056
-0.0674006045
0.0183054693
0
0
0
0
0
0
0
0
0
0
0
0
0
0
-0.0284513421
-0.455162376
-0.287167281
0.305184335
1.04820132
0.544424057
-0.0420492664
-0.1166403
-0.00757866725
0.000245160074
0
0
0
0
0
0
0
0
0
0
0
0
0
0
-0.252103776
-0.554138064
-0.114260823
0.472115397
0.988661766
0.727519333
0.108460702
-0.186036512
-0.0397490375
0
0
0
0
0
0
0
0
0
0
0
0
0
0
0
0
0
0
0
0
0
0
0
0
0
0
0
0
0
0
0
0
0
0
0
0
0
0
0
0
0
0
0
0
0
0
0
0
0
0
0
0
0
0
0
0
0
0
0
0
0
0
0
0
0
0
0
0
0
0
0
0
0
0
0
0
0
0
0
0
0
0
0
0.057500951
0.21173045
0.272308171
0.275583416
0.299435318
0.185409829
0.153194726
0.0534165986
0.0345465988
0.00430413801
0
0
0
0
0
0
0
0
0
0
0
0
0
0
0.116066478
0.421164632
0.63168484
0.940203965
1.13217783
1.10998869
0.904444039
0.731106281
0.577059567
0.497304499
0.453912854
0.453912854
0.453912854
0.453912854
0.434745878
0.325606912
0.178456768
0.138116345
0.0598639213
0.00621708808
0
0
0
0
-0.0544474982
0.319297016
0.78980279
1.08798981
1.41260898
1.46859372
1.44341421
1.38408649
1.32237875
1.36045229
1.29035795
1.30620313
1.29124308
1.28822351
1.32845783
1.24345756
0.892235339
0.555458605
0.346342415
0.0719891414
0
0
0
0
-0.00417830376
0.284310102
0.956658959
0.996872008
0.899554312
0.853129029
0.891586185
1.03731656
1.04972243
1.27177501
1.28911889
1.30473614
1.31191242
1.38166583
1.61925447
1.50913298
1.2835772
0.799438715
0.434182465
0.157554388
0
0
0
0
0.142467245
0.604046822
1.0524509
1.04599738
0.808066368
0.710199416
0.694423199
0.757300377
0.746758282
0.773911774
0.941865623
0.915320039
1.03300023
1.07190001
1.3562361
1.48133004
1.15528381
0.733195543
0.234940559
0.0856024176
0
0
0
0
0.147836283
0.468663782
0.66623199
0.697395444
0.597038805
0.707792044
0.818771303
0.865993619
0.848784387
0.760044694
0.88812542
0.892711997
0.994382858
1.18738019
1.39706039
1.8243804
1.31409895
0.457658917
-0.0189912952
-0.0641891435
0
0
0
0
0.0352742411
0.117511585
0.155330136
0.168468386
0.195237905
0.260238826
0.418115884
0.492700964
0.470796943
0.462285727
0.502523422
0.593136013
0.664387763
1.06564569
1.81658506
2.02352929
1.32690644
0.216571108
-0.153576568
-0.10669297
0
0
0
0
0
0
0
0
0
0.00895018037
0.0493354648
0.0689785108
0.0699740872
0.101829976
0.123893276
0.288420349
0.54907304
1.10086954
2.07642746
1.96624923
0.857948899
0.0577313602
-0.142619237
-0.0573139079
0
0
0
0
0
0
0
0
0
0
0
0
0
0
0.065827474
0.275278121
0.820250332
1.75327218
2.08741212
1.44650555
0.29396984
-0.160440162
-0.129838109
-0.00863017235
0
0
0
0
0
0
0
0
0
0
0
0
0
0.00616081618
0.0887891725
0.500130713
1.21272862
2.08092594
1.88565719
0.770443559
-0.00729800854
-0.208261624
-0.0556634851
0
0
0
0
0
0
0
0
0
0
0
0
0
0
0.0824049562
0.243427932
0.787315667
1.75283349
1.9970783
1.30649066
0.224594817
-0.131101891
-0.1280974
-0.0210959762
0
0
0
0
0
0
0
0
0
0
0
0
0
0.051340133
0.193360358
0.522848606
1.19919896
2.07169652
1.78049505
0.625189245
-0.0430875793
-0.183191016
-0.0315294191
0
0
0
0
0
0
0
0
0
0
0
0
0
0.0130061675
0.138475284
0.371668309
0.818925142
1.78419149
2.04199386
1.29072797
0.172350094
-0.148460895
-0.109582067
-0.00239726994
0
0
0
0
0
0
0
0
0
0
0
0
0.00205360539
0.133879304
0.302305281
0.604245007
1.42755532
2.10721827
1.78855419
0.595324636
-0.0456821658
-0.177258983
-0.027808331
0
0
0
0
0
0
0
0
0
0
0
0
0
0.0247301813
0.128002003
0.58706522
1.10496151
2.02118278
2.12664557
1.09872961
0.11407391
-0.169821873
-0.10781794
0
0
0
0
0
0
0
0
0
0
0
0
0
0.0212205872
0.168304041
0.325868577
0.760430992
1.81179452
2.13073182
1.54718256
0.408088803
-0.155378759
-0.166213855
-0.0273288768
0
0
0
0
0
0
0
0
0
0
0
0
0
0.0777942464
0.249243587
0.698383152
1.5286206
2.17882991
1.880162
0.755208194
-0.0608994104
-0.18624863
-0.0922122747
0
0
0
0
0
0
0
0
0
0
0
0
0
0.0417566411
0.168603271
0.46789211
1.15114558
2.27154207
2.18976164
1.30726111
0.249640644
-0.137319028
-0.125888661
-0.0167808905
0
0
0
0
0
0
0
0
0
0
0
0
0
0.0567582808
0.272429734
0.849356353
1.83011723
2.53563905
1.90825355
0.753495276
0.139810726
-0.0921844915
-0.0372786149
0
0
0
0
0
0
0
0
0
0
0
0
0
0
0.0271705706
0.414866477
1.30281687
2.14338732
2.26701808
1.56175828
0.307678074
0.0156045333
-0.0350629985
-0.000479454
0
0
0
0
0
0
0
0
0
0
0
0
0
0
-0.0313529931
0.323634505
1.35047662
2.06517339
1.72763395
0.857019603
0.0141403563
-0.22982572
-0.0466634519
0
0
0
0
0
0
0
0
0
0
0
0
0
0
0
0
0
0
0
0
0
0
0
0
0
0
0
0
0
0
0
0
0
0
0
0
0
0
0
0
0
0
0
0
0
0
0
0
0
0
0
0
0
0
0
0
0
0
0
0
0
0
0
0
0
0
0
0
0
0
0
0
0
0
0
0
0
0
0
0
0
0
0
0.0764239952
0.222012833
0.290403545
0.295656353
0.162545592
0.0426219776
-0.0249618553
-0.0485634468
-0.0245394409
-0.0137234908
0
0
0
0
0
0
0
0
0
0
0
0
0
0
0.205008566
0.463721871
0.63516295
0.525619626
0.269989401
0.0583155192
0.0443342514
0.0539956428
0.17031844
0.229268909
0.286843657
0.286843657
0.286843657
0.286843657
0.26136899
0.136112109
0.00420892192
-0.0663393736
-0.0672132
-0.0198228192
0
0
0
0
0.152770817
0.63444823
0.650104344
0.388893932
-0.137373924
-0.32198447
-0.216756716
-0.212746754
-0.0299326964
0.0575042628
0.161759406
0.167832375
0.135114282
0.143126398
0.15141286
0.0260998961
-0.279982358
-0.418680996
-0.333242714
-0.11285539
0
0
0
0
0.318025827
0.769132853
0.716919065
0.394472331
-0.151034608
-0.329144478
-0.242151752
-0.371869832
-0.371202737
-0.359448075
-0.286847532
-0.263501793
-0.361327291
-0.211699337
-0.0647001192
-0.24613598
-0.680895507
-0.998523951
-0.779185653
-0.2793248
0
0
0
0
0.370259762
0.750169218
0.76102531
0.810107112
0.492286831
0.393562883
0.317236155
0.182668447
-0.00313113257
-0.0521550216
-0.0785562545
-0.0344865546
-0.0972845629
0.0907661393
0.418622047
0.00882523693
-0.773642957
-1.3166455
-1.02936792
-0.376318574
0
0
0
0
0.21951066
0.463095427
0.692483783
0.704678774
0.691329122
0.725878775
0.828017056
0.695380569
0.600440264
0.611801565
0.524689496
0.601166368
0.639224172
1.09410644
1.39620769
0.631870925
-0.612847745
-1.34429371
-0.953757703
-0.295088142
0
0
0
0
0.0435899906
0.114233494
0.196050629
0.244686633
0.222149193
0.354441017
0.540825546
0.554016888
0.568326294
0.580418408
0.539512098
0.695392132
0.894802809
1.67243481
1.68592024
0.446302533
-0.695414007
-1.10222518
-0.702822447
-0.145712674
0
0
0
0
0
0
0
0
0
0.0110601466
0.0531052537
0.0691373348
0.129145101
0.0848881379
0.195089474
0.435452819
0.990267098
1.50775969
0.999493361
-0.1473618
-0.913297474
-0.905919373
-0.416188806
-0.0464065261
0
0
0
0
0
0
0
0
0
0
0
0
0
0
0.123133481
0.537475824
1.31045187
1.37440419
0.320234418
-0.640491128
-0.932136178
-0.717791677
-0.193968222
-0.00575563824
0
0
0
0
0
0
0
0
0
0
0
0
0
0.00818828493
0.255925119
0.959753096
1.46926332
0.946662247
-0.193379402
-0.927103639
-0.841876864
-0.352557689
-0.0571252964
0
0
0
0
0
0
0
0
0
0
0
0
0
0
0.114960723
0.526842058
1.34423399
1.36916327
0.365485579
-0.611734033
-0.835455537
-0.584625006
-0.13361612
-0.0140693383
0
0
0
0
0
0
0
0
0
0
0
0
0
0.0682357103
0.289832115
0.938230634
1.48773921
0.950941741
-0.175341189
-0.871301234
-0.837326884
-0.307907641
-0.02330059
0
0
0
0
0
0
0
0
0
0
0
0
0
0.0172863808
0.215920016
0.598465919
1.30794203
1.27917349
0.194008708
-0.677177787
-0.86869204
-0.608346105
-0.100889422
-0.00159878843
0
0
0
0
0
0
0
0
0
0
0
0
0.00272942847
0.187294662
0.463650733
1.11504316
1.35293865
0.616984606
-0.476034194
-0.897372723
-0.785702884
-0.30116716
-0.0185459461
0
0
0
0
0
0
0
0
0
0
0
0
0
0.0346810073
0.284665108
0.938203573
1.36168051
1.00980616
-0.149756983
-0.833866358
-0.824781656
-0.558811545
-0.0978179052
0
0
0
0
0
0
0
0
0
0
0
0
0
0.0282040928
0.227978557
0.657999814
1.32569146
1.25977051
0.324917883
-0.670588017
-0.873214066
-0.641970992
-0.254009485
-0.0182261877
0
0
0
0
0
0
0
0
0
0
0
0
0
0.122123197
0.396482974
1.1897316
1.47322464
0.6786713
-0.234053582
-0.887110054
-0.657882988
-0.371505409
-0.0774090812
0
0
0
0
0
0
0
0
0
0
0
0
0
0.0554983765
0.294895262
0.842579961
1.57159913
1.27662981
0.110526338
-0.775272965
-0.883389771
-0.491479248
-0.130509302
-0.011191519
0
0
0
0
0
0
0
0
0
0
0
0
0
0.112287931
0.545628786
1.3290484
1.59682262
0.752664208
-0.457903266
-1.01976418
-1.01653862
-0.326470703
-0.0253164638
0
0
0
0
0
0
0
0
0
0
0
0
0
0
0.17531009
0.901633859
1.58207881
1.36408162
0.355124027
-1.00262177
-1.23794878
-0.969547927
-0.197594136
-0.000319757703
0
0
0
0
0
0
0
0
0
0
0
0
0
0
0.193437487
0.879141748
1.28380311
1.0949074
-0.0430246145
-1.02397561
-1.01581013
-0.636042476
-0.113359503
0
0
0
0
0
0
0
0
0
