-2.00561905
-2.58171773
-2.4003818
-1.99814868
-1.63228917
-1.16406798
-1.25592995
-1.86120296
-1.99066544
-1.66956425
-1.03069329
-0.853398561
-0.511050403
0.753205121
0.07208886
-1.58505106
-0.980172634
-0.807147145
-0.419644833
-0.412974358
0.393841088
1.65968835
-0.330614835
-1.71281791
-1.6073792
-1.62744653
-1.38580585
-0.861752689
0.595044732
0.552470088
-2.11404467
-1.68816996
-1.55907011
-1.73984814
-1.74949718
-0.901632428
0.336918175
-1.38275361
-2.44430304
-0.596912324
0.191119641
0.193639249
0.420502156
1.45961857
0.662852526
-1.90503681
-1.43799269
0.247175708
0.202759579
0.552911222
1.55897915
1.49322498
-1.04399383
-1.81899738
-0.314326108
0.524814606
0.0457998179
0.960473776
2.40413213
0.344195485
-2.19614649
-0.970223963
0.55474472
0.475486696
3.35455251
3.8065362
3.93345952
3.5174799
2.92817879
2.98411775
2.86347508
2.23478317
2.07754064
3.17007065
3.58669806
3.45326424
3.48093367
3.67136335
3.23294234
2.84525704
-2.86503148
-2.61616349
-2.36557174
-2.07846832
-0.890975714
0.686942637
0.884438217
2.09007168
-2.72430921
-3.39051247
-3.70970559
-3.39871335
-2.28859568
-1.22862661
-0.274861723
0.790923834
-0.679702997
-0.929567337
-1.25479054
-0.98495549
-0.464919537
-0.537385225
0.48679021
-0.363897622
-0.06593474
-0.260808587
0.0609542541
0.496953338
0.293776184
0.492520243
0.236161441
-1.36573887
-0.121891335
-0.227976471
0.382879615
0.857001543
0.603511333
0.793537557
-0.757174313
-1.62256885
-0.0497980379
0.122346118
0.540003002
0.259267032
0.758781254
0.0930088088
-1.35548651
-0.901042104
-1.16995728
-2.46354651
-3.47406626
-4.02577972
-3.98107314
-3.82370257
-4.02553129
-3.89919806
3.98604107
4.4332819
4.45805788
3.96247077
2.41864872
0.610684097
-0.993211389
-1.86927688
2.50927377
3.44724631
4.01320505
3.87854314
2.79756856
1.33034587
-0.164399952
-0.784836829
-1.61321819
-1.783149
-1.80104256
-2.14225602
-1.79856646
-2.03501844
-2.71607804
-1.62843084
-1.9118855
-2.59940434
-3.4044385
-4.09102726
-4.2576685
-4.33185959
-3.51900506
-1.45942879
-0.097661756
-0.334789336
-1.14650285
-1.92666066
-2.58860397
-2.96323013
-1.77817154
-0.224078298
-0.0838139057
-0.51261121
-1.1516906
-1.89337492
-2.52979064
-1.91877806
-0.562218368
0.27939719
-0.453797668
-1.19217765
-1.48346579
-2.21146107
-2.83993077
-1.14961588
0.352119058
0.326642394
0.279710233
-0.51918
-0.989617825
-0.936745346
-1.02270722
-1.08142984
-0.806435466
-0.263458341
-0.674555063
-1.10393631
-0.823529363
-0.702218175
-0.742694139
0.0240474176
1.14159238
0.647750676
-1.92276871
-2.98160172
-2.99911666
-3.02735496
-2.79795671
-0.451330841
1.14404488
-1.03106558
-2.97236347
-4.32002211
-5.24616766
-5.7525034
-4.36144876
-0.792546213
-0.773352921
-4.15808964
-2.32994151
-3.43877053
-4.70441151
-5.17937994
-2.41256976
0.140472695
-2.82859731
-4.80011511
-0.0785076022
-0.629519939
-1.34281313
0.101482704
3.09091401
1.7450074
-3.37250137
-3.22968531
-0.360408604
-0.957463682
-0.515829265
2.33149147
3.48090672
-1.04605448
-3.5791893
-2.00625563
-0.733255744
-1.06130803
1.11019099
3.50419426
0.980672836
-3.34586
-2.63098407
-1.01780224
0.227346778
0.107185468
-0.181711987
-0.380769253
-0.389466345
-0.126222014
-0.0840588361
0.00230765971
-0.325142652
0.0505932458
0.325557649
0.0130664138
-0.37728855
0.183068737
0.681992829
0.98267746
-0.963913143
-0.255678505
0.113844201
0.0249905605
0.201609284
1.39765751
2.59474897
2.0375483
-0.512665331
-0.778382301
-1.05525124
-1.18140972
-0.45454964
0.829818547
1.68954778
0.982584596
0.394553423
-0.00505037187
-0.451064169
-0.631584883
-0.126379818
0.949148417
1.00194347
0.809875369
-0.180228665
-0.35031718
-0.587325573
-0.328483582
0.813744485
1.57701063
1.1462425
0.999768198
-0.343946964
-0.639905334
-0.38742575
0.253308803
1.4391129
1.48456395
1.11294699
0.959659398
-0.48154819
-0.633753002
-0.0757678449
0.932970047
1.38029695
1.10394776
1.12521291
0.735936224
-0.54569757
0.33797425
0.731420219
0.211688787
-0.0200285353
0.238473088
0.280670613
-0.146827251
1.31987882
1.68006384
1.2474519
0.912447393
0.871165335
0.497623593
-0.160712898
0.0630052239
2.32036543
1.66019988
0.972109318
1.01256454
0.644273341
-0.80071497
-1.05401647
0.880137265
0.765106618
0.37401697
0.166223764
-0.268200964
-1.51994801
-2.00236559
-0.027632704
2.07100749
-0.52209878
-0.533671737
-0.684960008
-1.4052
-1.99089801
0.067480132
2.9114306
1.84870279
-0.213626966
-0.415560871
-0.806553423
-1.67063832
-1.22838008
1.84719694
2.98279262
-0.0108796479
-0.275618583
-0.660831213
-1.52064025
-1.79682291
0.612771392
3.20003629
1.32473528
-1.19896817
-0.486288756
-1.13515878
-1.94903123
-0.490096211
2.69455576
2.7262044
-0.4103764
-1.24552178
0.076818265
-0.24263148
-0.147393063
0.133369163
0.169401839
0.302310377
0.515509248
0.873105347
-0.876773
-1.49908721
-1.22058451
-1.28618252
-1.20222366
-0.528881669
0.115534097
-0.0537363961
-0.548810244
-0.614783525
-0.767304122
-1.07184434
-0.520956576
1.07864892
1.12539828
-1.00960088
0.0908924192
0.11665339
-0.291248679
-0.0973024443
2.32264876
3.46580172
0.573133528
-1.49755025
-0.0706160069
-0.452632219
-0.69152391
0.928258836
3.56939673
2.39115739
-1.27443075
-1.50754273
-0.200106934
-0.419836074
0.100123405
3.09226251
4.36569977
0.454730451
-1.46786737
-0.238593131
-0.402282834
-0.295826495
1.87075567
4.37846947
2.35107279
-1.40588343
-1.10027468
0.155249029
-0.466082007
0.74548173
3.58116746
3.74943972
-0.168554544
-1.61807203
-0.268559903
0.290854156
3.41480279
3.73659754
3.01129317
2.24216008
1.84012926
1.37478256
0.142656058
-1.13667297
0.719292939
2.14835835
2.91404676
2.97469258
2.91991162
2.69066596
2.09649515
0.907254577
-1.25074518
-0.838762164
-0.196091756
0.540730894
0.590952814
0.926127017
1.22089946
1.04848647
-1.21382403
-1.63259447
-1.70962417
-1.56913304
-1.36304629
-1.17304897
-0.847806394
-0.312791705
-0.544528902
-0.824436426
-1.05433655
-1.51271069
-1.55589068
-1.46255124
-1.3234508
-0.875833392
0.0388600342
0.0594747327
-0.133840263
-0.198486403
-0.503389239
-0.724254191
-0.779507518
-0.552549243
0.00602420373
-0.0122795776
-0.206151336
-0.314418197
-0.504267514
-0.653969765
-0.697934926
-0.204929382
0.049102135
0.0711355209
0.096901685
-0.140695766
-0.98023355
-1.06170583
-0.386762857
0.055255387
-0.949335396
-0.793731153
-0.326843113
-0.190750554
-0.419432759
-0.806109905
-1.09872437
-0.773541987
-2.21789813
-1.29937911
-0.413952649
-0.0906627178
0.0825611576
-0.0594716854
-0.9944911
-0.891659856
-1.98001003
-1.55821562
-1.2117244
-0.777969003
0.238600656
-0.215564162
-1.99049103
-0.74701947
-0.342939079
-0.526263177
-0.78810209
-0.43010816
0.480898172
-1.88155735
-3.35023594
-0.154856876
0.459028959
0.685690224
0.805051625
1.29608452
0.657238722
-2.44395041
-1.79290068
1.83863449
0.16877085
0.451063722
0.846714914
1.02237201
-1.37263918
-2.77617002
0.583089113
2.91155243
0.396929055
0.653536022
0.91573602
-0.313454092
-2.71533346
-1.08880699
2.47416234
2.30212355
0.646363735
1.07329214
0.350576043
-2.41154194
-2.59048963
1.34048557
2.90195918
1.1730653
-0.557772338
-0.52835232
-0.587704897
-0.657345891
-0.602973759
-0.186417416
0.128644451
0.00581263518
-1.20078588
-1.7008158
-2.23242664
-2.40275025
-1.88930678
-1.0447787
-0.198395163
0.18919149
-0.363644511
-1.16339922
-1.90211558
-1.80142021
-1.28133452
-1.12065291
-0.630757332
0.177115589
-0.504608095
-0.815134823
-0.957470298
-0.572301388
-0.28842628
0.104776978
0.77902621
1.26408613
-0.572391987
-0.672686756
-0.469200522
-0.103071384
0.208357573
0.989486158
1.83005142
0.762528956
-0.00819476135
0.0787330195
0.491892278
0.648311555
1.14858449
1.92039943
1.90313458
-0.320553899
0.0494294986
0.378436983
0.768409967
1.10758483
1.64462352
2.16168547
0.577384174
-1.24713373
0.269758552
0.588084638
0.958690703
1.96284008
2.56278586
1.65115178
-0.804578543
-1.36466861
-1.52509439
-2.86596394
-2.7316525
-2.32979751
-2.45677948
-2.5788157
-2.27204847
-2.16538763
-5.31478548
-4.69373655
-3.52367568
-3.31483364
-3.176862
-2.55916238
-2.01450968
-2.79970407
-6.15590858
-4.80934048
-3.6586709
-3.06682086
-1.88145041
-0.888725758
-2.88217568
-3.72931433
-3.07544184
-2.57991576
-2.01709509
-0.830117166
-0.574958146
-2.84179163
-6.19521523
-3.58528924
-0.180461571
0.246885717
1.01155794
1.54534101
-0.0362922959
-5.53602409
-6.58990192
-0.507803082
0.288824946
0.908708394
1.89710283
1.10095716
-3.19387341
-7.54199123
-4.61564779
1.40577972
0.668823719
1.54994082
1.79064882
-0.645966172
-6.52303123
-6.99953938
-0.624585271
2.22677016
1.25826812
1.88939857
0.503325641
-4.78649521
-8.0750885
-3.30160356
2.07255983
1.86968386
2.74091911
3.96951079
4.40384674
4.04983616
3.60335803
3.7321682
2.908988
1.9597981
-1.18605232
-0.699590802
0.0849103034
0.307587296
0.972087264
1.60733342
1.81748271
1.62561226
-1.43706942
-2.35326743
-2.92432165
-2.4457159
-0.857943058
-0.523564875
-0.202148408
0.540480435
0.480039984
-0.429777056
-1.36780894
-0.908468187
-0.0722612515
-0.270160705
-0.934117138
-0.748935997
0.294652969
-0.181741357
0.00836077332
0.574807465
0.406634003
-0.575209081
-0.763118982
-0.942543626
-0.294284731
-0.249476254
0.860938907
1.13700998
0.492785156
-0.0367496014
-0.304122329
0.212936476
-0.422145218
0.167890698
0.948439538
0.759453773
-0.00148590968
-0.104905054
-0.087117143
0.0708918571
-0.00906156283
1.03624249
1.02918315
0.266307592
-0.116376109
-0.554910719
-0.0385595001
-0.118635766
-1.05490398
-0.465215206
-0.811063826
-1.12093461
-1.40652895
-2.21691012
-2.09332871
0.226287976
-0.490857661
-0.345864981
-0.515580297
-0.45179671
-1.25342667
-3.06603527
-1.76940799
2.33848262
0.80550611
0.577155948
0.445145875
0.0695622489
-1.84407091
-3.54020429
-0.0989334062
4.02831459
1.50286663
1.44510329
1.41468704
0.546050787
-1.58900607
-1.12270343
3.49030757
4.2891469
0.278217971
0.0228625089
-0.661254883
-2.4924047
-3.48548412
-0.182799995
3.71167541
2.20458531
0.0579768457
-0.240201443
-1.55970109
-3.13025045
-1.37638676
3.47088027
3.80667067
1.00281048
0.00524304621
-1.03876197
-2.99288988
-2.69783783
1.63762236
4.39497519
2.08309412
-0.122823142
-0.184952259
-1.92274439
-3.66065216
-0.741689861
4.31165552
3.72083235
0.57668072
-0.399910986
-0.0119522018
1.04349339
1.17368495
0.642662644
0.219770044
0.741981566
1.88288939
1.38142037
-3.57506514
-2.04153728
-1.41159844
-1.64748764
-2.05203795
-0.00835270621
2.88935828
2.1964817
-4.986444
-4.26285839
-3.5332191
-3.61469245
-3.73865724
-1.13623154
2.21964765
2.60108948
-3.34309173
-3.59756827
-3.4155798
-3.91195059
-3.81109667
-1.31196582
1.18669868
2.21320486
-1.38730431
-2.04683995
-2.85777092
-3.91352224
-3.06795955
-1.48393774
0.0316410176
0.591823101
-0.147929072
-0.644341171
-1.40201235
-1.86291564
-0.900423288
-0.166662604
0.658788621
0.603493333
-0.397687197
-1.2760936
-1.46381342
-0.905704319
-0.652469635
0.148376808
0.595524251
0.426072091
-0.907000721
-1.88333571
-1.24859548
-0.104518056
0.177035257
0.1696852
0.247274354
0.166415766
0.349390209
0.844508886
0.426052213
0.00901579671
-0.437492192
-0.750110865
-0.811645806
-0.318308145
1.01759243
0.440332174
-0.139547244
-0.473529547
-1.24362004
-1.8468951
-1.40524268
-0.0033531466
0.479372323
-0.0722951517
-0.638332546
-2.01372051
-3.63994431
-2.86313748
-0.783798397
0.841267824
0.330786705
0.754383683
0.0327596515
-1.59755957
-1.56757665
1.34313309
3.16178489
1.62858069
-0.150198668
-0.427641809
-1.7672317
-2.6560123
0.271579653
3.1236639
2.71481252
0.553556681
-0.329910457
-1.47855675
-2.93769288
-1.87791359
1.66410327
2.99050808
1.37655222
-0.304147154
-0.99074322
-2.52308869
-2.93111801
0.237999186
3.16066647
1.98659205
0.250758708
-0.306314588
-1.77023935
-3.10970521
-1.17602253
2.08714342
2.63877201
0.428983539
-0.805011928
-0.232507855
2.76169562
3.72131467
3.80625725
3.36334538
2.98616862
3.07395673
2.20171022
0.793607473
1.29836774
1.58114231
2.11951971
2.40805483
2.77137756
3.02321863
2.07520342
1.28203702
-0.101812594
-0.478003949
-1.3053025
-1.73025441
-1.10818577
-0.530473828
-0.513185799
-0.663731635
0.555782914
0.668362141
0.121457294
0.126766786
0.736021519
0.805888653
0.280497521
-0.191941977
-0.0147583447
-0.267722011
-0.188100606
0.366827488
0.319003552
-0.0417981893
-0.360916466
-0.126001939
-0.290485024
-0.467728257
-0.167872071
-0.125298843
-0.362034589
-0.355028063
-0.0519338027
0.0618174262
-0.497062534
-0.340800941
-0.0806739926
-0.319310397
-0.290764123
-0.106217206
0.0389129743
-0.0657405034
-0.51834929
-0.0620581582
0.083017379
-0.329908282
-0.652239799
-0.518952727
-0.155579165
-0.209322006
