5.45777035
2.66269374
-2.97360373
-3.72599363
-1.33907485
2.05985546
4.80865574
-3.90663123
4.74118519
1.45415211
1.50361228
-2.25193334
-1.80430734
6.6135354
-1.8699646
-2.03595042
-2.1604104
-4.27518702
-1.85446787
4.0111227
4.19726753
4.37407255
0.341380298
-3.47319174
1.96024966
-1.93289781
-4.77482414
-3.40217447
-2.53043556
4.94710159
-2.07242727
8.19528294
4.1661315
0.537700891
1.95870066
-2.54128575
0.0569925308
4.90031862
-1.00620604
6.12997389
4.96896458
-3.68526697
3.60154462
-4.08735752
5.48186874
-2.3770318
-4.87954903
4.894979
2.83037233
1.06512117
-4.5419426
2.9960146
3.55186677
-4.1721468
-7.79887581
-3.49452972
-2.72783661
-3.17758846
2.61149549
-3.27326846
1.93824387
1.81042528
5.50485086
0.0511475801
-0.390456289
0.536224246
6.70864677
4.91897011
-2.33969855
-5.94113541
-0.223536968
0.15938592
-0.221317589
3.24800801
3.10612917
3.22387862
-8.3132534
0.743270874
-3.30143428
4.3701973
-0.0839005709
-5.72976828
1.52831697
-6.78575039
-1.9074204
-1.52450478
-1.27555919
-5.2084856
-5.72896194
2.51621342
0.757995248
-3.49374008
-4.88929462
-0.227580369
-3.08660078
-1.19638658
7.21766424
5.52510166
-6.76522064
3.62684631
7.16300678
5.33334589
5.17259884
-2.43396735
-5.03871155
0.591880977
0.167440534
-3.17775583
-2.01912832
0.211941212
-2.32587695
2.42899227
-1.7484014
-4.01052284
-2.91421938
1.24791265
2.59942913
-4.21000004
4.61296844
0.605341196
