-6.16854572
3.02942991
-1.13427615
-0.36897251
1.33278036
6.42955208
5.39160728
-0.34511438
0.696763515
8.77851009
5.26896048
0.671929419
-2.92231178
1.93364859
5.19130802
3.07349777
7.78245831
-4.82423973
2.13096285
6.56346369
-3.97150373
8.61187935
-4.53583336
-8.4395237
4.6712265
13.5108118
-2.76796007
-0.836841702
1.44417548
-3.73880172
6.14212227
-5.9240694
-1.73759699
-6.35561752
0.151062787
-4.11336565
-4.57634687
5.81882
2.72468877
0.732542038
6.74935293
-5.88841772
-6.19793701
-2.86410427
1.70741618
0.0507798195
1.14722967
6.03709221
-0.266518176
11.8134012
0.914214432
-0.67354691
-1.46832156
-1.84909296
-2.53118706
-3.32401752
0.31382817
5.47007561
1.82485092
2.30844212
0.476267874
6.90415287
5.65417576
3.77008438
-1.66263092
-3.43521333
-2.05913424
7.29248524
5.36574793
-6.67263699
-5.57049751
2.3324213
2.70698929
6.76491356
-4.38145685
-2.87728357
8.11597252
6.4003129
9.8117485
3.33728266
-3.07719421
-4.42657423
-4.65268993
-0.590489745
