0
0
0
0
0
0
0
0
0
0
0
0
0
0.00119909307
0.0328982174
0.188843474
0.155902937
0.0525852181
0
0
0
0
0
0
0
0
0
0
0.0684473962
0.204142869
0.20518671
0.20518671
0.205130562
0.208984107
0.139374778
0
0
0.298736602
0.671918511
0.566050351
0.10552229
0
0
0
0
0
0
0
0
0.428295761
1.0680449
1.44158053
1.46157193
1.36876464
1.29661024
1.16566551
0.858016372
0.427280128
0.0897988528
0
0
0
0
0.0120344842
0.0705855265
0.223685578
0.240071893
0.0823171884
0.17064397
0.0332877226
0.193279117
0
0
0
0
0
0
0.000128474261
0
0.138549685
0.0326398201
0.298686743
0.0776775256
0
0
0
0
0
0.000271223427
0.00107061886
0
0.174107671
0.135475263
0.214324385
0
0
0
0
0
0
4.28247513e-05
0
0.000563458889
0
0.203037128
0.0634348318
0
0
0
0
0
0.000442522432
0
0.0480779186
0.0515812114
0.337596625
0.236377493
0
0
0
0
0
0
0.00087076996
0
0.0392906293
0.21509394
0.37277478
0.0382796414
0
0
0
0
0
0
0
0
0
0
0.00109370402
0
0
0
0
0
0
0
0
0
0
0
0
0
0
0
0
0
0
0
0
0
0.0168046653
0
0
0
0
0
0
0
0
0
0
0
0
0
0
0
0
0.100850247
0
0
0.870973527
1.58907986
1.77649724
1.2050612
0.923022091
0.870616019
0.839586854
0
0.227599606
0.555966616
0
0
0.814552367
1.55706573
1.82008016
1.91141379
1.97162819
2.05649304
1.75551581
0.518930376
1.16469395
0.665032923
0
0
0
0
0.0216596462
0.126273409
0.265660256
0.205317825
0
1.07534075
1.38561106
0.324046463
0
0
0
0
0
0
0
0
0.45826152
1.44448757
1.03494608
0.00837518089
0
0
0
0
0
0
0
0
1.07194746
1.30535924
0.195783839
0
0
0
0
0
0
0
0
0.776953995
1.34816349
0.925307989
0
0
0
0
0
0
0
0
0.056776531
1.66259241
1.46877885
0.156564966
0
0
0
0
0
0
0
0
0.495339096
1.33105969
0.62650454
0
0
0
0
0
0
0
0
1.00580084
1.48094785
1.02661312
0.0701095909
0
0
0
0
0
0
0
0
0
0
0
0
0
0
0
0
0
0
0
0.187064111
0.231237456
0.0856433064
0
0
0
0
0
0
0
0.591315806
1.42687249
1.5784595
1.15109348
0.948180795
0.894992471
0.93117249
0.906202555
0.707679451
0.429926842
0
0
0.681436539
1.36458933
1.68010807
1.761868
1.87324047
1.84992099
1.89738917
1.72333467
1.60753095
0.654505908
0
0
0.0232547391
0.101227529
0.328913331
0.535502791
0.591462493
0.626618087
0.774372637
1.73968637
1.72824419
0.480060369
0
0
0
0
0.000958824123
0.000885586487
0.0181056913
0.19977282
1.33462095
1.66710377
1.11711335
0.223606005
0
0
0
0
0
0
0
0.574377477
1.51654053
1.53268147
0.559407949
0.0461384058
0
0
0
0
0
0
0.166502163
1.37467742
1.60963643
0.95563364
0.187921941
0
0
0
0
0
0
0.0657521114
0.967209041
1.74462712
1.49878943
0.469682187
0.0416570902
0
0
0
0
0
0
0.4312644
1.64481127
1.79014528
0.679650962
0.16212517
0
0
0
0
0
0
0.204781637
1.37955189
1.76169825
1.339854
0.330107749
0.0251378994
0
0
0
0
0
0
0.717507899
1.65518749
1.98723066
1.08726299
0.116585381
0
0
0
0
0
0
0
0
0
0
0
0
0
0
0
0
0
0.0702816322
0.148473442
0.00160065817
0
0
0
0
0
0
0
0
0
0.117100194
0.144972324
0.336478174
0.2786915
0.0844400227
0
0
0
0
0
0
0
0
0.360618472
0.263126254
0.141919374
0.135407254
0.152164012
0.255040616
0.446032465
0.54098624
0
0
0
0.0691372007
0.358684748
0.17438212
0.322752208
0.235894501
0.348153561
0.413491786
0.9305439
0.758564115
0
0
0
0
0
0.0106997956
0.0380415693
0.0763612017
0.13008593
0
1.02346289
0.225711331
0.0156935435
0
0
0
0
0
0
0.0664428771
0.0159521624
1.06407094
1.03947961
0.00833607092
0.0107870437
0
0
0
0
0
0.0100184847
0.110400908
0.0140107302
0.935645223
0.173573151
0.0123406397
0
0
0
0
0
0
0.106075309
0
1.02175438
0.946813703
0.0120232888
0.0142192841
0
0
0
0
0
0.0701449364
0.103528947
0.602051675
1.0490849
0.155017287
0.0206815805
0
0
0
0
0
0
0.0638325065
0.0668853074
1.16331446
0.459168196
0.0183054693
0.00858060271
0
0
0
0
0
0
0
0.472115397
1.04820132
0.108460702
0.000245160074
0
0
0
0
0
0
0
0
0
0
0
0
0
0
0
0
0
0.21173045
0.275583416
0.299435318
0.153194726
0.0345465988
0
0
0
0
0
0
0
0.421164632
1.08798981
1.46859372
1.44341421
1.36045229
1.30620313
1.29124308
1.32845783
0.892235339
0.346342415
0
0
0.604046822
1.0524509
0.899554312
1.03731656
1.27177501
1.30473614
1.38166583
1.61925447
1.2835772
0.434182465
0
0
0.468663782
0.697395444
0.707792044
0.865993619
0.848784387
0.892711997
1.18738019
2.02352929
1.32690644
0
0
0
0
0
0.00895018037
0.0689785108
0.101829976
0.288420349
1.75327218
2.08741212
0.857948899
0
0
0
0
0
0
0
0.0824049562
0.787315667
2.08092594
1.88565719
0
0
0
0
0
0
0
0.0130061675
0.371668309
1.78419149
2.07169652
0.625189245
0
0
0
0
0
0
0
0.133879304
1.10496151
2.12664557
1.78855419
0
0
0
0
0
0
0
0.0777942464
0.698383152
2.17882991
2.13073182
0.408088803
0
0
0
0
0
0
0
0.272429734
1.83011723
2.53563905
1.30726111
0
0
0
0
0
0
0
0
0.414866477
2.14338732
2.26701808
0.307678074
0
0
0
0
0
0
0
0
0
0
0
0
0
0
0
0
0
0
0.222012833
0.295656353
0.162545592
0
0
0
0
0
0
0
0
0
0.63444823
0.650104344
0.269989401
0.0539956428
0.229268909
0.286843657
0.286843657
0.26136899
0.00420892192
0
0
0
0.769132853
0.810107112
0.492286831
0.317236155
0
0
0.0907661393
0.418622047
0
0
0
0
0.463095427
0.704678774
0.725878775
0.828017056
0.611801565
0.695392132
1.67243481
1.68592024
0
0
0
0
0
0
0.0110601466
0.0691373348
0.129145101
0.537475824
1.50775969
0.999493361
0
0
0
0
0
0
0
0
0.114960723
1.34423399
1.46926332
0
0
0
0
0
0
0
0
0.0172863808
0.598465919
1.48773921
0.950941741
0
0
0
0
0
0
0
0
0.284665108
1.36168051
1.35293865
0
0
0
0
0
0
0
0
0.122123197
1.1897316
1.47322464
0.324917883
0
0
0
0
0
0
0
0
0.545628786
1.59682262
1.27662981
0
0
0
0
0
0
0
0
0
0.901633859
1.58207881
0.355124027
0
0
0
0
0
0
