0
0
0.753205121
0.07208886
0
0
1.65968835
0
0.193639249
1.45961857
0.662852526
0.247175708
0.960473776
2.40413213
0
0.55474472
3.8065362
3.93345952
3.67136335
3.23294234
0
0
0.686942637
2.09007168
0
0.496953338
0.492520243
0.48679021
0.122346118
0.857001543
0.793537557
0
4.4332819
4.45805788
2.41864872
0
3.44724631
4.01320505
2.79756856
0
0
0
0
0
0
0
0
0.352119058
0.279710233
0
0.0240474176
1.14159238
0
0
0
1.14404488
0
0.101482704
3.09091401
0
0
3.50419426
3.48090672
0
0.227346778
0.325557649
0.183068737
0.98267746
0
0.113844201
1.39765751
2.59474897
0.394553423
0
1.57701063
1.1462425
0
0.932970047
1.48456395
1.12521291
1.68006384
1.2474519
0.871165335
0.280670613
2.32036543
1.01256454
0.644273341
2.07100749
0
0
1.84719694
2.98279262
0
0
3.20003629
1.32473528
0.076818265
0.133369163
0.302310377
0.873105347
0.11665339
0
3.46580172
1.12539828
0
3.09226251
4.36569977
0
0.74548173
4.37846947
2.35107279
0.290854156
3.73659754
3.01129317
2.91991162
2.09649515
0
0.540730894
0.926127017
1.22089946
0.0594747327
0
0
0
0.0711355209
0.096901685
0
0.055255387
0
0
0.0825611576
0
0
0
0.480898172
0
0.685690224
1.29608452
0.657238722
2.91155243
1.07329214
0.91573602
1.34048557
2.90195918
0
0
0
0.18919149
0
0
0.104776978
1.26408613
0.0787330195
0.648311555
1.92039943
1.90313458
0.588084638
1.96284008
2.56278586
0.577384174
0
0
0
0
0
0
0
0
0.908708394
1.89710283
0
1.40577972
1.88939857
1.79064882
0
2.22677016
3.96951079
4.40384674
3.7321682
2.908988
0.480039984
0
0
0.540480435
0.294652969
1.13700998
0.492785156
0.212936476
1.03624249
1.02918315
0
0.0708918571
0
0
0
2.33848262
1.50286663
1.41468704
0
4.2891469
0.278217971
0
3.47088027
3.80667067
0.00524304621
0
4.39497519
2.08309412
1.04349339
1.17368495
0.741981566
2.88935828
0
0
0
2.60108948
0
0
0
0.658788621
0
0
0.177035257
0.595524251
1.01759243
0.426052213
0
0
0.754383683
0.0327596515
1.34313309
3.16178489
0
0
3.1236639
2.71481252
0
2.08714342
3.16066647
0.250758708
3.72131467
3.80625725
3.07395673
2.20171022
0.668362141
0.126766786
0.805888653
0.280497521
0
0.366827488
0.319003552
0.0618174262
0
0.083017379
0
0.0389129743
