0
0
0
0
0
0
0
0
0
0
0
0
0
0.753205121
0.07208886
0
0
0
0
0
0.393841088
1.65968835
0
0
0
0
0
0
0.595044732
0.552470088
0
0
0
0
0
0
0.336918175
0
0
0
0.191119641
0.193639249
0.420502156
1.45961857
0.662852526
0
0
0.247175708
0.202759579
0.552911222
1.55897915
1.49322498
0
0
0
0.524814606
0.0457998179
0.960473776
2.40413213
0.344195485
0
0
0.55474472
0.475486696
3.35455251
3.8065362
3.93345952
3.5174799
2.92817879
2.98411775
2.86347508
2.23478317
2.07754064
3.17007065
3.58669806
3.45326424
3.48093367
3.67136335
3.23294234
2.84525704
0
0
0
0
0
0.686942637
0.884438217
2.09007168
0
0
0
0
0
0
0
0.790923834
0
0
0
0
0
0
0.48679021
0
0
0
0.0609542541
0.496953338
0.293776184
0.492520243
0.236161441
0
0
0
0.382879615
0.857001543
0.603511333
0.793537557
0
0
0
0.122346118
0.540003002
0.259267032
0.758781254
0.0930088088
0
0
0
0
0
0
0
0
0
0
3.98604107
4.4332819
4.45805788
3.96247077
2.41864872
0.610684097
0
0
2.50927377
3.44724631
4.01320505
3.87854314
2.79756856
1.33034587
0
0
0
0
0
0
0
0
0
0
0
0
0
0
0
0
0
0
0
0
0
0
0
0
0
0
0
0
0
0
0
0
0
0.27939719
0
0
0
0
0
0
0.352119058
0.326642394
0.279710233
0
0
0
0
0
0
0
0
0
0
0
0
0.0240474176
1.14159238
0.647750676
0
0
0
0
0
0
1.14404488
0
0
0
0
0
0
0
0
0
0
0
0
0
0
0.140472695
0
0
0
0
0
0.101482704
3.09091401
1.7450074
0
0
0
0
0
2.33149147
3.48090672
0
0
0
0
0
1.11019099
3.50419426
0.980672836
0
0
0
0.227346778
0.107185468
0
0
0
0
0
0.00230765971
0
0.0505932458
0.325557649
0.0130664138
0
0.183068737
0.681992829
0.98267746
0
0
0.113844201
0.0249905605
0.201609284
1.39765751
2.59474897
2.0375483
0
0
0
0
0
0.829818547
1.68954778
0.982584596
0.394553423
0
0
0
0
0.949148417
1.00194347
0.809875369
0
0
0
0
0.813744485
1.57701063
1.1462425
0.999768198
0
0
0
0.253308803
1.4391129
1.48456395
1.11294699
0.959659398
0
0
0
0.932970047
1.38029695
1.10394776
1.12521291
0.735936224
0
0.33797425
0.731420219
0.211688787
0
0.238473088
0.280670613
0
1.31987882
1.68006384
1.2474519
0.912447393
0.871165335
0.497623593
0
0.0630052239
2.32036543
1.66019988
0.972109318
1.01256454
0.644273341
0
0
0.880137265
0.765106618
0.37401697
0.166223764
0
0
0
0
2.07100749
0
0
0
0
0
0.067480132
2.9114306
1.84870279
0
0
0
0
0
1.84719694
2.98279262
0
0
0
0
0
0.612771392
3.20003629
1.32473528
0
0
0
0
0
2.69455576
2.7262044
0
0
0.076818265
0
0
0.133369163
0.169401839
0.302310377
0.515509248
0.873105347
0
0
0
0
0
0
0.115534097
0
0
0
0
0
0
1.07864892
1.12539828
0
0.0908924192
0.11665339
0
0
2.32264876
3.46580172
0.573133528
0
0
0
0
0.928258836
3.56939673
2.39115739
0
0
0
0
0.100123405
3.09226251
4.36569977
0.454730451
0
0
0
0
1.87075567
4.37846947
2.35107279
0
0
0.155249029
0
0.74548173
3.58116746
3.74943972
0
0
0
0.290854156
3.41480279
3.73659754
3.01129317
2.24216008
1.84012926
1.37478256
0.142656058
0
0.719292939
2.14835835
2.91404676
2.97469258
2.91991162
2.69066596
2.09649515
0.907254577
0
0
0
0.540730894
0.590952814
0.926127017
1.22089946
1.04848647
0
0
0
0
0
0
0
0
0
0
0
0
0
0
0
0
0.0388600342
0.0594747327
0
0
0
0
0
0
0.00602420373
0
0
0
0
0
0
0
0.049102135
0.0711355209
0.096901685
0
0
0
0
0.055255387
0
0
0
0
0
0
0
0
0
0
0
0
0.0825611576
0
0
0
0
0
0
0
0.238600656
0
0
0
0
0
0
0
0.480898172
0
0
0
0.459028959
0.685690224
0.805051625
1.29608452
0.657238722
0
0
1.83863449
0.16877085
0.451063722
0.846714914
1.02237201
0
0
0.583089113
2.91155243
0.396929055
0.653536022
0.91573602
0
0
0
2.47416234
2.30212355
0.646363735
1.07329214
0.350576043
0
0
1.34048557
2.90195918
1.1730653
0
0
0
0
0
0
0.128644451
0.00581263518
0
0
0
0
0
0
0
0.18919149
0
0
0
0
0
0
0
0.177115589
0
0
0
0
0
0.104776978
0.77902621
1.26408613
0
0
0
0
0.208357573
0.989486158
1.83005142
0.762528956
0
0.0787330195
0.491892278
0.648311555
1.14858449
1.92039943
1.90313458
0
0.0494294986
0.378436983
0.768409967
1.10758483
1.64462352
2.16168547
0.577384174
0
0.269758552
0.588084638
0.958690703
1.96284008
2.56278586
1.65115178
0
0
0
0
0
0
0
0
0
0
0
0
0
0
0
0
0
0
0
0
0
0
0
0
0
0
0
0
0
0
0
0
0
0
0
0.246885717
1.01155794
1.54534101
0
0
0
0
0.288824946
0.908708394
1.89710283
1.10095716
0
0
0
1.40577972
0.668823719
1.54994082
1.79064882
0
0
0
0
2.22677016
1.25826812
1.88939857
0.503325641
0
0
0
2.07255983
1.86968386
2.74091911
3.96951079
4.40384674
4.04983616
3.60335803
3.7321682
2.908988
1.9597981
0
0
0.0849103034
0.307587296
0.972087264
1.60733342
1.81748271
1.62561226
0
0
0
0
0
0
0
0.540480435
0.480039984
0
0
0
0
0
0
0
0.294652969
0
0.00836077332
0.574807465
0.406634003
0
0
0
0
0
0.860938907
1.13700998
0.492785156
0
0
0.212936476
0
0.167890698
0.948439538
0.759453773
0
0
0
0.0708918571
0
1.03624249
1.02918315
0.266307592
0
0
0
0
0
0
0
0
0
0
0
0.226287976
0
0
0
0
0
0
0
2.33848262
0.80550611
0.577155948
0.445145875
0.0695622489
0
0
0
4.02831459
1.50286663
1.44510329
1.41468704
0.546050787
0
0
3.49030757
4.2891469
0.278217971
0.0228625089
0
0
0
0
3.71167541
2.20458531
0.0579768457
0
0
0
0
3.47088027
3.80667067
1.00281048
0.00524304621
0
0
0
1.63762236
4.39497519
2.08309412
0
0
0
0
0
4.31165552
3.72083235
0.57668072
0
0
1.04349339
1.17368495
0.642662644
0.219770044
0.741981566
1.88288939
1.38142037
0
0
0
0
0
0
2.88935828
2.1964817
0
0
0
0
0
0
2.21964765
2.60108948
0
0
0
0
0
0
1.18669868
2.21320486
0
0
0
0
0
0
0.0316410176
0.591823101
0
0
0
0
0
0
0.658788621
0.603493333
0
0
0
0
0
0.148376808
0.595524251
0.426072091
0
0
0
0
0.177035257
0.1696852
0.247274354
0.166415766
0.349390209
0.844508886
0.426052213
0.00901579671
0
0
0
0
1.01759243
0.440332174
0
0
0
0
0
0
0.479372323
0
0
0
0
0
0
0.841267824
0.330786705
0.754383683
0.0327596515
0
0
1.34313309
3.16178489
1.62858069
0
0
0
0
0.271579653
3.1236639
2.71481252
0.553556681
0
0
0
0
1.66410327
2.99050808
1.37655222
0
0
0
0
0.237999186
3.16066647
1.98659205
0.250758708
0
0
0
0
2.08714342
2.63877201
0.428983539
0
0
2.76169562
3.72131467
3.80625725
3.36334538
2.98616862
3.07395673
2.20171022
0.793607473
1.29836774
1.58114231
2.11951971
2.40805483
2.77137756
3.02321863
2.07520342
1.28203702
0
0
0
0
0
0
0
0
0.555782914
0.668362141
0.121457294
0.126766786
0.736021519
0.805888653
0.280497521
0
0
0
0
0.366827488
0.319003552
0
0
0
0
0
0
0
0
0
0
0.0618174262
0
0
0
0
0
0
0.0389129743
0
0
0
0.083017379
0
0
0
0
0
