5.45777035
2.66269374
0
0
0
2.05985546
4.80865574
0
4.74118519
1.45415211
1.50361228
0
0
6.6135354
0
0
0
0
0
4.0111227
4.19726753
4.37407255
0.341380298
0
1.96024966
0
0
0
0
4.94710159
0
8.19528294
4.1661315
0.537700891
1.95870066
0
0.0569925308
4.90031862
0
6.12997389
4.96896458
0
3.60154462
0
5.48186874
0
0
4.894979
2.83037233
1.06512117
0
2.9960146
3.55186677
0
0
0
0
0
2.61149549
0
1.93824387
1.81042528
5.50485086
0.0511475801
0
0.536224246
6.70864677
4.91897011
0
0
0
0.15938592
0
3.24800801
3.10612917
3.22387862
0
0.743270874
0
4.3701973
0
0
1.52831697
0
0
0
0
0
0
2.51621342
0.757995248
0
0
0
0
0
7.21766424
5.52510166
0
3.62684631
7.16300678
5.33334589
5.17259884
0
0
0.591880977
0.167440534
0
0
0.211941212
0
2.42899227
0
0
0
1.24791265
2.59942913
0
4.61296844
0.605341196
