0
3.02942991
0
0
1.33278036
6.42955208
5.39160728
0
0.696763515
8.77851009
5.26896048
0.671929419
0
1.93364859
5.19130802
3.07349777
7.78245831
0
2.13096285
6.56346369
0
8.61187935
0
0
4.6712265
13.5108118
0
0
1.44417548
0
6.14212227
0
0
0
0.151062787
0
0
5.81882
2.72468877
0.732542038
6.74935293
0
0
0
1.70741618
0.0507798195
1.14722967
6.03709221
0
11.8134012
0.914214432
0
0
0
0
0
0.31382817
5.47007561
1.82485092
2.30844212
0.476267874
6.90415287
5.65417576
3.77008438
0
0
0
7.29248524
5.36574793
0
0
2.3324213
2.70698929
6.76491356
0
0
8.11597252
6.4003129
9.8117485
3.33728266
0
0
0
0
