19
19
18
19
18
18
17
18
18
19
18
18
19
18
18
18
17
18
18
18
17
19
19
17
18
18
18
17
18
19
18
17
18
19
18
18
19
17
18
17
18
18
18
16
17
18
18
18
17
17
18
18
17
18
18
18
18
19
17
17
18
19
18
18
17
17
17
17
17
16
17
17
16
16
18
18
17
18
18
18
17
17
18
18
18
18
17
17
17
18
17
17
17
17
17
17
17
17
17
18
17
17
17
17
18
17
16
17
17
17
16
16
18
18
17
18
17
19
18
17
18
16
16
17
17
17
16
17
17
18
16
17
16
17
17
17
18
17
16
17
16
18
17
18
16
17
17
17
17
17
1
0
0
5
17
17
17
17
17
17
16
16
17
18
17
17
17
17
17
18
16
17
16
16
17
17
17
18
16
16
17
0
16
17
16
17
17
18
16
17
17
17
16
17
17
16
17
16
17
17
16
16
16
16
16
16
18
17
17
0
15
17
17
18
17
16
16
16
17
15
16
16
16
15
17
17
16
17
17
16
16
16
16
16
16
16
14
0
17
17
15
16
16
16
16
16
14
16
16
15
16
15
16
18
16
17
16
15
16
16
16
16
16
16
0
15
16
15
16
16
16
16
16
15
15
16
16
16
15
15
16
16
16
16
16
15
16
16
16
16
15
0
14
16
15
15
16
16
16
15
16
16
16
16
15
15
15
16
16
16
16
16
16
16
17
16
16
15
0
11
16
16
15
15
15
16
16
15
16
15
15
15
15
16
15
15
15
15
16
16
16
15
16
15
17
1
0
0
0
0
0
0
0
14
16
15
15
15
15
14
15
15
15
16
15
17
15
16
14
14
16
16
15
17
16
17
15
16
16
15
15
0
0
15
16
14
15
15
15
15
15
15
15
14
14
15
15
15
15
15
15
15
15
16
15
16
15
16
14
4
0
15
15
16
15
15
15
14
15
14
15
15
16
15
15
15
15
14
14
14
15
15
15
15
15
15
16
2
7
16
15
15
15
14
15
15
14
14
15
16
16
14
15
15
14
14
15
14
15
14
14
15
14
15
14
0
16
15
14
15
15
15
15
14
14
14
15
15
14
15
15
14
13
14
14
14
14
14
13
14
14
15
0
10
14
14
14
14
14
13
15
14
15
14
15
15
14
14
15
13
15
14
14
15
15
15
14
14
15
6
4
14
14
14
14
13
14
12
13
13
14
13
14
14
15
14
15
14
14
14
14
15
14
14
14
15
10
0
14
14
14
14
14
14
14
13
12
13
14
14
14
12
14
14
14
14
14
14
14
14
14
14
14
13
0
14
15
14
13
13
13
14
13
13
14
12
13
13
14
13
14
15
13
14
14
14
14
14
12
14
14
0
10
15
14
13
13
14
13
13
14
13
13
13
13
14
14
14
14
14
13
14
14
14
13
14
13
14
8
4
14
14
14
13
14
14
13
13
13
13
12
12
13
13
14
14
13
14
14
14
15
13
14
14
14
14
0
13
13
13
14
13
12
13
13
13
13
12
13
13
12
13
13
13
13
13
14
12
14
14
13
13
13
14
0
13
13
13
13
13
12
12
12
12
12
12
13
12
12
12
14
13
13
14
12
13
13
13
14
13
13
14
13
13
12
12
12
12
11
12
12
12
12
12
12
11
12
12
14
13
14
13
14
12
13
13
13
13
12
13
12
13
12
11
12
12
12
12
11
12
12
12
11
10
11
11
13
13
14
13
14
13
12
13
13
12
11
13
12
13
11
12
11
12
12
12
12
12
12
12
12
12
12
11
