22
22
22
22
22
22
22
22
21
22
22
22
22
23
22
22
22
22
21
22
22
22
22
22
22
22
21
22
21
21
21
22
22
22
21
22
22
22
22
22
21
22
22
21
22
23
22
22
22
22
22
22
23
22
22
21
21
22
22
22
22
22
21
21
22
22
22
22
22
21
22
22
22
22
23
22
21
21
22
22
22
22
22
22
22
22
22
22
22
22
22
21
22
21
21
22
22
22
22
21
23
22
22
22
21
22
22
21
22
22
22
22
22
22
22
22
22
22
22
21
22
22
21
21
22
22
22
22
21
22
22
22
21
22
22
21
23
22
21
22
22
21
22
22
22
22
21
21
21
22
21
21
22
22
22
22
22
22
22
22
22
22
22
22
23
23
21
22
22
22
22
22
22
21
22
22
21
21
22
22
16
2
4
12
15
1
20
23
22
22
22
22
22
22
22
22
23
23
22
22
22
22
21
23
21
21
20
0
17
23
22
21
22
22
5
22
22
22
22
22
21
22
22
22
23
22
22
21
21
21
22
22
22
21
4
2
22
22
22
22
22
16
17
22
23
22
22
22
22
22
23
23
21
22
22
22
22
21
22
22
22
21
21
21
22
22
23
22
22
5
22
22
22
22
23
22
22
22
22
22
21
22
22
22
22
21
22
22
21
21
22
22
22
22
22
22
1
22
22
22
22
22
22
22
22
22
22
22
22
22
22
22
21
22
22
21
22
21
22
21
22
22
22
3
22
22
22
23
22
22
23
22
22
22
21
22
22
21
22
22
21
21
21
21
21
21
22
21
22
22
1
21
22
22
22
23
23
22
23
22
22
22
22
22
22
22
22
22
22
21
22
22
21
21
22
22
20
1
22
22
21
22
22
22
22
23
23
21
22
22
23
22
21
22
21
22
23
21
21
21
21
21
21
14
5
22
21
22
21
22
23
22
22
22
22
22
22
22
22
21
22
22
22
22
21
22
22
21
21
21
21
22
3
0
0
21
23
23
22
22
22
23
22
22
22
22
23
21
21
22
22
22
22
22
21
21
22
22
21
22
20
22
22
1
22
21
22
22
22
23
21
22
22
22
23
22
21
22
22
22
22
22
21
22
21
22
21
22
21
22
22
3
22
22
22
21
22
22
22
21
22
22
23
22
22
23
22
22
21
22
21
22
21
21
22
21
21
22
17
7
22
21
22
22
22
22
22
22
22
22
21
22
21
22
22
22
22
22
22
21
21
21
21
20
22
22
1
22
22
21
21
22
21
21
22
22
21
22
21
22
22
22
22
21
22
21
21
21
20
22
21
21
22
8
14
22
22
20
22
22
22
22
21
21
22
21
22
21
22
22
21
23
22
20
21
21
21
21
21
21
17
6
22
22
22
22
21
22
21
21
23
22
22
22
22
22
22
22
21
21
22
22
21
21
23
22
21
13
4
22
22
22
22
21
22
23
22
22
22
22
22
22
22
22
21
23
21
22
21
22
21
22
21
21
15
6
21
21
21
22
22
23
22
22
22
22
21
22
21
22
22
22
21
21
22
22
22
22
21
22
21
13
10
22
21
21
22
22
22
22
22
21
22
22
21
22
22
21
22
22
22
23
23
23
21
22
22
21
22
18
22
22
22
21
22
23
21
23
21
22
22
21
22
22
22
21
21
22
22
21
22
21
21
21
22
22
21
22
21
22
22
22
21
22
22
22
21
23
22
22
22
22
21
23
22
22
22
22
22
22
22
21
21
21
22
22
22
21
22
21
22
22
21
22
21
22
22
21
22
21
22
22
22
22
