21
20
20
21
20
21
21
21
21
22
21
21
20
22
21
21
21
23
21
21
21
22
21
22
21
22
21
22
21
21
20
22
21
21
21
21
22
21
21
22
21
21
22
22
21
21
21
21
21
21
21
20
20
21
21
21
21
20
21
21
20
21
21
21
20
20
21
21
21
21
21
21
21
22
22
21
20
21
20
21
21
21
21
21
21
21
21
20
20
21
21
21
21
21
21
22
21
21
21
22
21
22
21
20
22
21
21
21
21
21
20
22
20
21
20
21
21
21
21
22
21
21
21
21
22
21
21
21
20
22
21
20
21
21
21
20
21
21
21
22
21
21
21
21
21
21
21
21
21
21
20
21
21
21
21
22
22
21
21
21
21
21
21
21
22
20
21
21
21
21
21
20
20
21
21
21
21
21
21
12
0
0
0
0
14
20
21
22
21
21
21
20
21
21
21
21
20
21
21
21
21
21
20
20
20
20
0
12
22
21
22
21
1
3
20
20
21
21
21
21
20
21
21
22
20
21
21
21
21
22
20
21
21
0
19
22
20
21
21
20
22
0
21
20
20
21
20
21
21
21
21
22
21
21
20
21
21
21
21
20
19
0
21
22
21
21
21
21
22
5
17
21
21
21
21
21
22
21
21
21
22
21
21
21
22
20
21
20
21
21
21
21
21
21
20
22
22
5
19
20
21
21
20
21
21
21
21
22
20
21
20
20
21
20
22
21
20
21
21
21
22
21
20
21
22
0
21
21
21
21
22
21
21
21
21
20
21
21
21
20
21
21
21
21
20
21
21
22
21
21
21
20
18
2
22
21
22
20
21
21
22
21
22
21
21
20
21
20
20
21
20
21
21
21
21
21
20
21
21
20
0
21
21
21
21
21
20
22
21
21
22
22
20
20
21
20
21
21
21
21
21
20
21
21
22
22
8
1
21
21
22
22
22
21
21
21
21
21
21
21
20
21
21
21
21
21
21
21
22
21
0
0
0
0
0
0
0
20
21
22
21
21
20
21
21
22
21
21
20
20
21
21
20
21
22
20
21
21
21
22
22
22
22
21
22
2
0
20
21
21
21
21
21
20
21
21
21
20
21
21
21
21
20
20
22
22
21
21
20
21
21
21
21
20
22
0
21
22
20
21
20
21
21
21
21
20
21
20
22
21
21
20
21
21
21
20
21
21
21
22
21
22
21
0
20
22
21
21
21
21
20
21
22
21
21
20
21
20
21
21
20
20
20
21
21
20
20
20
21
21
21
0
20
21
21
21
21
21
20
20
22
20
20
20
20
21
21
20
21
21
21
21
21
21
21
21
20
20
21
1
21
21
20
21
22
20
21
21
21
20
20
20
21
20
21
21
21
16
21
20
21
21
20
20
20
21
1
8
20
22
20
22
21
22
22
21
21
20
20
21
21
21
20
21
20
0
20
20
21
21
20
21
20
1
10
21
20
20
21
20
22
22
20
21
20
21
21
20
20
20
21
20
21
19
0
11
21
14
1
0
2
20
21
21
21
19
21
21
21
21
21
21
21
21
20
20
21
21
20
21
20
21
20
21
12
20
21
21
20
21
21
21
20
21
19
22
22
22
21
21
20
20
20
20
21
20
20
20
20
20
20
20
21
21
20
21
21
21
21
21
21
21
21
21
21
21
20
20
21
21
20
21
21
20
21
21
20
20
21
21
20
20
21
21
20
21
20
20
21
21
21
21
21
21
21
21
21
21
21
21
21
20
21
20
21
20
20
21
19
20
20
21
21
20
20
21
21
21
20
21
20
21
22
21
