21
22
20
21
21
20
21
20
21
21
21
20
21
20
21
20
21
21
21
21
21
21
21
21
20
22
21
21
21
20
20
20
21
21
21
21
21
20
21
21
21
20
21
21
20
21
21
21
21
21
20
21
20
21
21
21
21
20
21
21
21
20
20
21
20
20
21
20
21
20
21
21
19
20
21
21
20
19
21
21
21
21
21
22
21
21
20
21
21
20
21
20
20
20
21
21
20
21
21
21
20
21
20
20
20
21
21
20
21
22
20
21
21
20
20
20
21
20
20
20
21
20
21
20
21
20
20
20
20
20
19
20
19
21
20
21
20
21
20
20
20
20
20
21
19
20
20
20
20
20
21
21
21
20
20
19
20
19
19
20
21
21
20
21
20
21
20
20
20
20
21
20
20
21
21
21
20
19
20
20
21
0
0
16
20
20
20
21
21
20
21
20
19
20
21
20
19
20
20
21
20
21
20
20
20
19
19
21
0
20
21
22
20
21
20
20
21
20
20
20
20
21
21
21
20
21
20
21
20
20
20
20
20
20
20
20
17
20
21
20
7
20
19
20
21
20
20
21
21
21
20
21
20
20
20
20
20
19
20
20
20
20
21
20
20
20
21
21
18
20
20
20
20
20
21
20
20
20
20
20
19
20
20
20
20
21
20
20
20
21
20
20
21
20
20
6
21
21
20
20
20
21
20
20
20
20
20
20
19
18
19
20
21
20
20
21
20
19
20
20
20
20
21
13
21
21
20
20
20
20
20
20
20
21
20
21
20
20
20
20
21
20
20
20
20
20
21
20
20
14
0
0
21
20
20
20
20
20
20
20
20
20
20
20
19
19
19
20
21
19
20
19
19
20
20
20
20
21
21
21
20
0
21
20
21
20
21
20
20
21
20
19
19
20
19
20
20
20
20
20
20
21
20
20
20
21
20
20
21
20
5
19
20
21
19
20
20
20
20
20
20
19
20
20
19
20
21
20
20
20
20
20
21
20
20
20
20
19
20
0
20
20
21
20
20
20
20
20
20
19
19
20
19
20
20
20
20
21
20
20
20
20
20
20
19
19
20
19
20
20
20
20
20
20
19
19
20
20
20
19
19
19
20
20
19
20
20
19
19
19
20
18
20
20
20
0
20
20
20
20
20
19
20
19
19
20
19
19
20
19
19
20
20
20
20
19
19
20
19
19
20
19
17
12
19
20
19
19
18
18
19
19
20
19
20
21
20
21
20
19
19
19
20
19
19
19
19
19
19
8
19
20
20
18
18
18
19
18
19
18
20
20
19
20
20
19
18
19
19
19
19
19
20
19
19
13
0
19
19
19
19
19
18
18
18
18
19
19
20
19
18
19
19
19
19
19
19
20
19
20
4
3
18
18
19
18
19
18
18
18
19
19
18
18
19
17
20
19
20
18
19
18
18
18
19
19
19
19
19
19
19
18
18
17
18
18
19
18
18
18
19
19
18
18
19
19
16
17
19
18
19
19
18
18
19
19
18
19
18
17
18
18
17
19
19
18
18
18
18
18
18
19
19
19
19
19
17
19
18
19
19
19
18
18
17
18
17
18
18
18
18
17
18
18
18
18
18
18
18
19
18
18
18
19
18
18
18
18
18
18
17
18
19
17
18
18
18
18
17
18
17
17
18
18
18
19
18
18
18
18
18
19
19
19
18
18
18
17
18
18
18
18
18
18
18
17
18
18
18
17
17
17
18
17
18
18
17
18
18
19
18
18
17
18
17
17
18
19
17
19
18
16
18
17
17
17
17
18
17
17
17
17
17
18
