22
23
21
21
21
21
22
22
21
22
22
21
21
22
21
22
22
22
22
21
22
22
21
22
21
22
22
22
22
22
22
21
21
20
22
21
21
21
21
21
22
22
21
22
22
22
21
22
22
22
22
22
21
21
22
21
22
22
22
21
22
21
21
21
21
21
21
22
21
21
22
22
21
22
22
22
21
21
21
22
22
22
22
21
21
21
23
21
21
21
21
20
22
22
21
22
22
21
22
21
21
21
22
21
22
23
22
22
22
22
21
22
22
22
22
22
22
21
21
21
22
22
22
22
22
21
21
22
22
21
21
21
22
21
21
21
22
22
22
21
22
21
21
21
21
21
22
21
21
22
21
21
22
21
22
21
22
22
21
21
22
22
22
22
21
21
21
22
22
21
22
21
21
22
22
21
21
21
21
21
22
20
21
22
23
22
21
22
21
21
22
22
21
22
22
22
22
21
22
22
22
21
22
22
21
21
20
0
14
21
22
22
2
1
22
22
22
22
21
21
23
22
22
22
21
21
21
22
22
22
21
22
21
11
16
21
21
21
21
22
21
3
19
22
21
22
21
22
22
22
21
21
21
20
22
21
22
21
21
22
21
5
21
21
22
21
21
22
21
21
7
21
22
22
22
21
22
21
22
22
22
21
22
22
21
22
21
22
22
20
21
22
21
21
21
22
22
19
19
21
22
22
21
22
23
22
22
22
21
22
22
22
21
22
22
20
22
21
20
21
22
21
22
21
22
1
21
22
22
22
22
22
21
21
22
21
22
21
22
21
21
22
21
20
21
21
21
21
21
21
22
22
16
17
21
22
22
22
22
22
21
22
22
21
21
20
21
21
21
21
21
20
21
21
21
22
21
22
21
8
3
17
21
22
22
22
22
22
22
21
22
21
21
21
21
21
21
21
21
21
22
21
20
0
1
0
2
18
23
22
22
20
0
22
22
22
22
21
22
22
21
21
21
20
21
22
21
22
21
21
8
6
18
22
22
21
21
23
22
22
19
10
22
22
22
21
21
22
20
22
21
20
21
18
21
21
21
22
21
21
22
22
22
23
22
23
22
15
1
23
21
22
21
22
21
22
20
21
20
21
21
22
21
22
22
22
22
22
22
22
22
22
22
21
2
13
22
22
22
22
21
21
21
21
20
20
20
20
21
21
0
21
22
22
22
22
22
22
19
2
0
15
22
22
22
22
21
21
20
22
22
21
21
21
21
21
21
19
21
22
2
0
0
0
0
13
22
22
22
21
21
22
21
22
21
21
19
21
21
20
21
21
21
22
20
20
22
20
22
22
22
21
21
22
22
21
22
21
21
23
21
21
21
21
21
21
21
21
21
21
20
22
21
20
22
22
21
21
20
22
22
21
20
21
22
21
22
22
21
21
21
21
20
21
20
21
21
22
21
21
21
21
21
21
21
21
21
21
21
21
22
21
21
21
21
22
22
22
21
21
21
21
21
22
21
22
21
22
22
21
21
21
22
21
21
21
21
21
21
21
21
21
21
21
20
22
21
21
21
21
21
21
21
21
21
21
21
22
21
21
21
21
21
21
22
21
22
21
22
21
22
21
20
22
21
21
21
21
21
21
21
21
21
21
21
22
21
20
22
22
21
21
21
21
21
22
22
21
22
21
21
21
21
20
21
21
20
21
21
20
21
21
20
21
21
20
21
21
21
22
21
22
20
21
22
20
21
22
22
22
21
21
22
21
21
21
21
21
21
20
20
21
21
20
21
22
21
21
21
22
22
21
21
22
22
21
20
21
21
21
21
16
22
21
