26
26
25
25
25
25
26
25
25
26
26
24
24
25
26
26
25
24
25
24
25
25
23
25
24
25
24
25
26
25
25
25
25
24
24
25
25
24
24
24
25
24
25
24
24
25
25
26
25
24
24
25
24
25
24
25
25
24
25
25
24
25
26
24
25
26
25
26
24
24
25
25
24
25
25
24
25
24
25
25
25
25
25
24
25
25
24
25
25
24
24
25
20
1
7
26
25
1
0
24
25
24
25
25
24
25
24
24
23
24
25
24
25
25
25
24
24
25
24
2
0
26
24
25
24
25
16
0
25
24
24
25
24
24
24
25
24
24
23
24
25
24
25
25
23
25
16
0
24
25
24
24
25
24
24
3
14
25
24
24
24
24
24
23
24
24
25
24
24
24
24
24
24
24
1
25
24
24
24
23
25
24
24
24
4
24
25
24
24
24
24
24
24
23
23
23
24
25
25
24
24
0
19
24
25
24
24
23
23
24
24
23
3
19
24
24
23
24
24
23
24
23
23
23
25
23
24
24
26
1
24
24
23
23
23
23
23
23
24
23
24
0
24
24
24
23
23
24
24
23
23
23
23
24
24
24
24
1
23
24
24
24
24
23
24
23
23
22
22
2
24
24
24
23
21
23
23
23
22
23
24
24
23
23
24
1
22
24
24
23
22
23
22
23
23
23
23
2
23
23
23
23
23
23
23
22
22
23
24
24
23
23
23
22
0
23
22
23
21
23
22
23
22
23
23
1
23
23
23
23
22
23
23
23
23
22
23
23
23
22
22
22
19
11
22
22
21
23
22
22
22
21
23
1
23
23
22
23
23
22
22
21
22
23
22
22
23
22
23
22
22
23
22
22
22
23
21
23
22
22
23
1
22
22
23
23
22
21
22
22
21
22
22
22
22
23
22
22
22
22
22
21
21
22
21
22
22
22
23
0
21
21
22
21
22
21
21
22
22
22
22
22
22
22
21
22
21
22
22
22
21
22
22
21
22
22
22
0
21
22
21
20
19
21
21
22
21
21
21
21
21
21
21
21
21
20
22
20
20
21
21
21
21
21
10
14
20
21
20
21
21
21
21
21
21
22
21
21
21
21
21
21
20
21
21
20
20
21
20
21
21
21
1
22
21
20
21
21
22
20
22
20
21
20
21
20
20
20
21
21
21
21
21
20
20
20
20
21
21
13
11
20
20
20
20
20
21
21
20
20
20
20
20
20
20
20
21
21
20
19
20
20
20
21
20
20
21
1
20
20
19
19
20
19
20
20
19
20
19
20
21
20
20
20
20
19
19
20
18
19
19
19
20
14
0
19
19
20
20
20
20
20
19
20
19
20
19
20
20
19
19
19
18
18
20
19
18
19
20
19
1
17
18
18
18
20
18
17
16
2
1
0
1
0
6
18
19
20
20
19
19
19
19
20
19
19
2
0
2
1
0
8
17
20
18
18
19
19
19
19
18
18
19
18
20
19
19
19
19
18
19
18
0
0
18
19
18
18
18
19
19
17
18
18
18
19
19
18
18
18
19
16
19
19
18
19
17
18
18
17
17
17
18
18
19
18
18
18
18
18
18
19
18
17
18
18
18
17
18
18
18
19
17
18
17
19
18
18
17
17
18
18
18
18
18
18
17
17
17
17
18
17
16
17
17
17
18
17
18
18
18
17
16
17
16
17
16
17
16
17
17
18
17
17
17
17
16
17
17
17
16
16
17
17
16
16
18
18
18
17
16
16
16
17
15
17
16
16
15
16
17
16
17
17
16
15
16
17
15
17
17
16
15
16
