26
26
25
26
26
27
26
25
26
25
25
26
25
26
24
26
25
26
26
26
26
25
26
26
25
25
25
25
27
26
26
26
26
27
24
26
26
25
25
25
26
25
25
26
25
26
25
25
26
25
25
26
25
24
25
26
27
26
26
26
26
26
26
26
26
26
26
26
26
26
26
26
25
26
25
26
26
26
25
25
26
26
26
25
26
26
26
26
25
26
24
1
1
3
2
4
1
14
26
26
26
26
26
26
26
25
25
25
24
24
26
25
26
26
26
26
27
1
6
25
27
27
26
27
25
15
3
16
25
26
26
25
26
26
25
25
25
25
26
26
26
25
25
26
1
25
26
25
25
27
25
26
26
26
25
3
6
25
25
25
25
26
26
25
26
26
26
26
26
26
25
26
14
0
27
26
26
27
27
26
26
25
26
26
4
7
26
26
26
25
25
25
24
25
24
25
26
26
26
25
26
26
26
26
25
25
25
25
26
26
25
26
26
5
25
25
25
25
24
25
25
25
25
24
26
26
26
25
27
26
25
25
25
26
26
26
27
26
26
25
26
5
24
26
24
25
24
26
25
24
25
24
26
26
26
26
26
26
26
25
25
25
25
26
25
25
25
26
25
5
10
25
26
24
24
25
24
25
25
24
25
25
26
26
26
25
26
25
26
26
26
26
25
26
26
25
26
5
13
25
26
26
25
25
25
25
25
25
26
26
26
26
26
25
26
26
25
24
25
26
25
25
25
24
25
5
24
25
24
25
25
25
26
23
24
24
25
26
25
25
24
26
25
25
26
25
26
26
25
25
26
25
25
2
25
25
25
25
25
24
25
25
24
24
26
25
26
26
25
26
26
26
25
25
26
26
25
25
24
26
23
5
26
26
25
25
25
25
26
25
25
25
26
25
26
26
25
26
25
26
25
26
25
26
25
24
25
25
4
23
25
25
25
25
25
26
25
26
24
25
25
25
25
25
25
25
25
26
25
26
26
26
26
25
25
23
2
25
23
25
25
26
25
24
25
24
25
23
25
26
25
26
26
26
25
25
25
24
26
26
24
25
24
2
24
26
26
25
25
25
25
24
24
25
25
26
26
25
25
26
26
25
25
25
24
26
26
25
26
25
14
1
25
25
25
25
24
25
25
25
24
24
24
25
27
25
25
25
24
26
26
25
25
25
26
25
24
20
4
25
25
25
24
26
25
25
24
26
25
24
25
25
25
25
25
25
26
25
25
25
26
25
26
25
8
4
25
25
25
25
25
25
24
25
24
25
25
25
24
25
26
25
26
24
25
25
26
24
26
26
26
1
15
26
25
22
6
1
5
4
1
1
17
25
25
25
25
25
26
25
26
26
25
24
26
26
25
23
2
2
1
4
2
15
25
25
25
25
25
26
14
5
1
2
25
24
25
24
26
25
25
26
19
0
2
6
5
25
26
25
25
25
25
25
24
25
25
25
25
26
25
25
24
25
25
26
25
25
24
2
1
25
25
26
24
25
25
26
25
25
25
25
25
25
26
25
25
25
25
25
24
25
25
25
25
25
24
24
26
26
26
25
26
25
25
25
25
25
25
24
25
24
24
24
24
25
25
24
25
24
26
26
26
25
25
25
25
25
24
25
26
25
25
26
24
25
24
25
25
25
24
24
24
25
25
25
25
24
25
25
25
25
25
25
25
26
25
25
24
25
25
25
25
24
24
25
25
25
25
25
25
24
24
25
24
24
25
25
25
25
24
24
25
26
25
25
24
24
25
24
25
25
25
26
25
25
25
24
25
25
25
25
25
25
