21
23
22
22
23
23
22
22
22
23
22
22
22
22
23
23
23
23
23
22
23
23
22
23
22
23
23
22
21
23
23
22
23
22
23
23
23
22
23
22
23
23
23
23
23
23
22
23
23
23
23
22
22
22
22
23
21
22
22
22
22
22
22
22
22
22
23
22
23
23
22
22
23
22
23
22
23
23
23
22
22
22
22
22
21
23
22
22
22
22
23
22
22
22
22
23
23
22
22
23
23
23
23
23
23
23
23
23
22
22
22
22
21
22
22
23
22
22
22
22
22
22
22
22
23
23
22
23
23
23
23
23
23
23
23
23
22
22
22
22
18
23
22
22
22
23
22
22
22
22
22
23
22
22
21
22
22
23
22
23
23
23
22
22
22
22
22
23
21
23
22
22
22
22
22
23
22
22
22
22
22
23
22
23
22
23
22
22
22
22
22
23
22
22
22
22
22
22
21
22
21
23
22
23
23
22
22
22
22
22
23
22
23
22
22
23
23
22
22
22
23
23
22
23
21
23
22
23
22
23
22
22
23
23
21
2
17
23
1
11
23
23
23
22
22
23
22
22
22
23
22
22
20
22
22
23
22
22
22
23
23
13
13
24
23
23
23
1
24
23
22
22
21
23
22
22
23
22
22
23
20
22
23
23
22
23
22
24
3
15
23
22
23
23
23
20
23
23
23
23
22
23
23
23
22
23
22
22
22
23
22
23
23
22
23
17
14
23
23
23
23
23
22
24
12
22
23
22
23
22
23
22
23
22
22
22
20
22
22
22
22
22
24
0
24
23
23
22
23
22
22
21
11
23
23
23
23
23
23
22
22
22
22
22
21
22
23
22
22
23
23
0
23
23
22
22
23
22
24
6
23
23
22
22
22
22
23
22
23
22
22
22
21
23
23
22
22
23
23
23
6
5
16
21
23
23
20
9
24
23
23
23
24
22
23
23
23
23
23
22
20
23
23
23
22
23
23
23
23
23
23
23
23
19
1
2
3
3
3
4
6
5
23
23
22
22
22
23
21
23
23
23
23
22
23
23
23
23
11
1
5
11
23
23
23
22
23
23
23
23
22
23
22
23
22
22
18
23
23
23
23
22
23
14
2
14
20
1
23
23
22
22
23
23
22
23
23
23
22
23
22
22
22
22
20
23
23
23
23
21
3
16
4
4
23
23
23
22
23
22
23
23
23
22
22
22
22
23
22
23
23
22
21
23
23
23
23
24
21
24
24
22
23
23
23
23
22
23
23
22
23
23
22
22
22
21
22
22
22
22
19
23
22
23
23
22
23
23
23
23
23
22
23
22
22
23
23
22
22
22
23
23
23
23
21
22
22
22
18
23
23
23
22
22
22
23
22
23
23
23
23
22
22
22
23
22
22
23
22
22
22
23
22
22
22
22
19
24
23
22
22
23
22
23
23
23
22
22
22
22
22
22
23
22
23
22
23
22
23
22
22
22
22
21
20
24
23
23
22
23
22
22
23
22
23
22
23
22
22
23
22
22
22
23
22
22
22
22
21
21
22
21
19
24
23
22
23
23
22
23
22
23
23
22
22
22
22
22
23
22
22
22
22
22
21
21
22
22
22
21
20
24
23
22
23
23
22
22
23
22
22
22
23
22
23
21
22
23
22
22
23
22
21
22
23
22
22
22
18
24
22
24
22
22
22
22
22
22
22
22
22
23
23
22
23
22
23
23
22
22
22
22
22
21
22
22
18
23
23
23
23
23
22
22
22
22
23
22
23
23
23
22
22
22
22
22
22
22
23
22
22
22
21
22
