16
23
22
22
21
21
22
20
21
21
21
20
21
21
20
21
20
21
20
21
21
21
21
20
21
20
21
20
16
22
21
21
22
22
21
22
21
22
21
21
21
21
21
21
21
20
21
20
20
21
21
20
20
21
20
20
17
23
22
21
21
21
21
22
21
22
21
21
22
20
21
20
20
21
22
20
21
20
20
20
20
20
20
20
16
22
22
21
22
21
21
22
21
22
21
22
21
21
21
20
22
20
21
20
21
20
21
21
21
21
20
21
17
23
22
21
21
21
22
22
22
22
21
21
20
21
21
21
20
21
21
21
20
21
21
20
21
21
21
20
17
23
22
21
22
22
22
22
21
22
21
21
21
20
21
21
21
22
21
21
21
20
20
21
21
21
20
19
17
22
22
21
22
22
21
21
20
21
21
21
21
21
20
21
21
21
21
20
21
20
21
21
21
21
21
20
18
22
22
21
20
20
21
21
22
22
21
21
21
21
20
21
21
20
21
21
21
21
21
20
21
21
20
21
15
23
22
22
21
20
21
22
21
21
21
21
21
21
21
20
21
20
20
21
21
20
20
21
22
21
20
21
16
22
22
21
21
22
21
22
21
21
21
20
20
21
21
21
21
20
20
21
20
22
20
21
21
20
21
20
16
23
22
21
22
21
21
20
21
20
21
21
20
21
21
21
21
21
20
21
20
21
21
20
21
19
20
21
15
23
22
22
21
21
21
21
22
22
21
22
22
21
21
20
21
21
21
21
21
21
21
20
21
20
20
21
16
23
22
22
22
21
21
21
21
19
4
22
0
18
21
20
20
21
20
21
21
20
21
20
20
21
21
20
16
24
22
22
21
22
21
21
21
22
21
21
22
0
21
20
21
21
22
21
21
20
20
20
20
20
21
20
16
23
22
22
21
21
21
21
21
21
21
21
22
22
1
21
21
21
21
21
21
21
20
21
21
21
21
21
16
23
22
22
21
21
22
21
21
21
21
20
22
22
0
21
20
21
21
20
21
20
20
21
20
20
20
20
16
23
22
21
21
21
21
20
20
20
20
20
21
21
0
22
21
20
21
20
21
21
21
20
20
21
20
20
15
23
22
21
21
22
21
22
21
22
21
20
22
22
0
21
21
21
21
21
20
21
21
21
21
21
20
20
16
23
22
22
21
22
21
21
21
21
20
21
21
2
20
22
22
22
22
22
22
21
21
21
21
21
21
21
16
23
22
21
22
21
21
21
21
22
21
22
10
0
1
0
0
0
1
2
5
0
0
0
5
22
21
20
15
23
22
21
21
21
22
22
17
3
0
0
1
21
22
22
22
22
21
21
21
21
21
21
21
21
21
21
15
22
22
22
22
21
1
1
2
0
16
22
21
21
21
22
21
21
20
21
21
20
21
21
20
21
21
21
16
23
22
21
0
0
0
4
22
22
21
20
21
21
20
20
21
21
21
21
19
20
21
20
20
21
20
21
15
23
22
22
22
22
22
21
21
21
20
22
21
21
20
20
21
21
21
20
20
20
20
20
20
20
22
21
15
23
21
21
22
21
21
21
21
20
21
21
20
21
20
20
20
21
21
21
21
21
21
20
20
20
21
20
15
22
21
21
21
20
21
21
21
20
21
21
22
21
21
21
21
20
21
21
20
21
21
20
21
20
20
20
13
23
22
22
21
21
21
20
21
20
21
20
21
21
21
21
20
21
21
21
20
21
20
21
20
20
20
20
15
23
21
22
22
21
22
21
21
21
21
21
21
21
21
21
21
20
20
20
20
21
21
21
20
20
20
20
