22
22
22
23
22
22
22
22
22
22
22
23
22
23
22
22
23
23
22
22
22
22
22
22
21
22
21
22
22
22
22
22
22
23
23
22
23
23
23
23
22
21
18
19
23
22
22
21
22
22
22
22
22
23
21
22
22
22
22
22
22
22
22
22
23
22
10
1
2
7
11
0
0
15
22
22
22
22
22
22
22
22
22
22
23
22
22
22
22
23
22
14
1
2
15
22
22
23
23
25
0
4
23
22
23
22
22
22
22
22
21
21
22
23
22
23
23
19
1
1
20
23
23
23
22
22
23
24
1
1
24
22
22
22
22
22
22
22
22
22
23
22
22
23
21
0
1
20
23
23
22
22
22
22
23
23
1
3
24
23
22
22
22
22
22
23
22
22
22
22
22
23
22
0
0
17
23
23
23
22
22
22
23
23
0
6
24
22
22
22
22
22
22
22
21
22
22
23
22
23
24
12
0
0
1
23
23
23
19
21
23
23
0
15
23
22
23
22
21
21
22
21
21
22
21
22
22
22
22
23
24
13
1
0
6
15
21
23
23
13
1
21
23
23
22
22
22
21
22
21
23
23
23
22
22
22
22
21
22
22
23
22
23
23
21
23
23
5
0
24
23
22
21
21
22
22
22
22
21
22
22
22
22
22
22
22
21
22
22
22
23
22
22
22
22
0
6
23
22
22
21
22
22
21
22
21
21
22
22
22
22
22
22
22
22
22
22
21
22
22
22
23
20
0
17
22
22
22
22
22
22
22
22
22
22
21
22
22
22
22
22
22
22
22
22
21
22
22
22
23
8
0
23
22
22
22
22
22
22
22
21
21
21
21
22
22
22
22
22
21
21
21
22
21
21
22
22
21
0
7
22
22
21
22
21
21
21
21
21
22
21
21
22
21
21
21
21
21
21
22
21
22
22
22
23
13
0
19
23
22
21
22
22
21
21
22
21
21
22
21
22
22
21
21
21
21
22
22
22
21
22
22
22
0
3
23
22
22
22
21
21
22
21
21
22
21
21
22
22
21
21
21
22
22
22
21
22
22
22
22
13
0
18
22
22
21
21
21
22
22
21
21
21
21
21
21
21
20
21
21
22
22
21
22
22
21
22
22
0
6
22
22
22
22
21
21
22
20
21
22
21
21
21
22
21
22
22
22
22
21
21
21
21
21
22
13
0
21
22
22
21
21
21
21
21
22
21
21
21
21
21
21
22
22
21
21
21
21
22
21
21
21
20
0
11
22
22
21
21
21
22
22
21
21
21
21
21
20
20
21
21
22
22
21
22
22
20
20
22
22
2
2
23
22
21
21
21
22
22
22
22
22
21
21
21
21
21
22
22
22
21
21
22
21
21
22
23
12
0
18
22
22
22
22
22
22
21
18
5
11
21
21
21
22
21
20
22
21
21
22
22
22
21
22
23
0
2
22
22
23
22
20
13
1
0
11
22
22
20
20
21
21
22
22
22
22
21
21
21
21
21
22
22
0
0
7
7
2
0
1
11
20
22
21
22
21
21
22
21
22
21
21
21
21
21
21
21
21
21
22
21
21
22
19
19
22
22
21
21
22
22
20
20
21
22
20
21
20
21
21
21
21
21
21
21
21
21
21
21
21
21
21
21
21
21
21
21
21
21
21
21
21
21
22
20
20
21
22
21
21
21
22
21
22
21
21
21
22
21
21
21
21
22
22
21
21
21
21
21
22
22
21
22
20
21
21
22
21
22
22
22
22
21
22
21
21
22
22
20
20
21
21
21
21
21
21
21
21
20
20
20
21
21
21
