52
6
28
29
113
0
91
64
105
0
11
2
47
0
0
19
71
152
134
67
23
10
0
70
0
40
109
78
67
112
122
26
0
0
6
0
10
80
113
7
0
0
0
0
40
56
44
48
62
95
0
5
117
63
0
7
103
0
0
18
92
9
39
0
5
60
53
40
29
38
65
85
67
60
20
71
69
62
27
53
0
77
85
23
61
162
84
0
65
35
0
110
17
53
178
164
137
122
4
11
127
56
60
56
101
55
149
87
42
112
132
0
22
37
110
95
22
16
56
92
33
0
0
0
120
171
74
21
37
0
48
21
14
63
119
0
0
103
93
0
0
53
0
107
57
96
89
22
78
83
0
48
122
105
43
65
85
81
33
40
80
0
0
0
0
0
33
21
0
141
108
0
0
24
0
21
62
82
105
88
18
0
0
61
43
93
72
11
85
160
88
9
0
100
66
15
0
173
30
84
34
138
0
130
0
1
50
98
0
52
115
143
0
0
0
172
76
53
0
119
91
103
0
33
0
130
74
0
97
168
0
9
29
0
84
150
48
139
189
142
18
44
78
62
17
16
13
11
30
37
17
22
76
118
96
43
