0
0
0
0
0
0
6
8
2
0
0
0
0
0
0
0
0
0
0
0
3
2
0
0
0
0
0
0
0
0
0
0
3
5
0
0
0
0
0
0
0
0
0
0
0
0
3
0
0
0
0
0
3
16
33
37
19
0
3
1
0
0
4
15
16
22
26
20
17
9
0
1
0
0
2
16
11
17
1
5
10
7
0
0
0
1
3
1
0
3
3
0
0
5
5
4
0
3
5
3
0
0
0
0
1
5
9
1
0
6
13
15
0
0
0
14
18
18
6
0
0
3
18
36
40
28
28
27
24
15
0
0
0
0
5
22
45
48
38
24
3
0
0
0
0
0
0
0
0
0
0
3
2
0
0
0
0
0
0
0
0
0
0
7
5
1
0
0
0
0
0
0
0
0
6
0
0
5
0
0
0
0
0
0
2
50
63
39
0
6
2
0
0
0
0
0
66
80
80
61
10
0
10
1
0
0
0
36
80
66
28
29
14
0
16
6
0
0
0
32
41
12
0
0
0
33
29
6
0
0
0
12
19
0
0
0
36
53
39
1
0
8
13
0
0
0
0
34
59
51
19
0
0
13
41
38
16
31
62
81
72
32
0
0
0
5
43
61
68
78
77
70
36
4
0
0
0
0
9
37
60
57
47
15
0
0
0
0
0
0
0
0
1
9
25
21
3
0
0
0
0
0
0
0
15
62
64
36
10
2
0
0
0
0
0
14
61
76
77
65
34
19
0
0
0
0
5
49
79
82
87
76
49
30
10
0
0
1
27
65
81
79
38
46
54
55
31
1
0
2
30
63
67
22
7
20
51
67
47
6
0
6
37
48
41
6
0
22
68
70
47
6
0
9
40
50
41
3
36
66
73
66
27
4
0
10
42
59
65
66
76
82
74
44
11
1
0
4
37
64
76
82
84
78
47
17
4
0
0
0
10
40
65
69
56
28
10
6
0
0
0
0
0
1
10
12
8
8
2
0
0
0
0
0
0
0
4
4
4
0
0
0
0
0
0
0
0
2
3
4
22
2
0
0
0
0
0
0
3
4
2
16
22
5
1
0
0
0
0
1
4
3
16
10
8
15
22
0
0
0
0
1
0
20
16
23
19
1
26
11
0
0
0
0
0
30
22
16
2
1
17
27
0
1
0
1
4
39
2
1
2
3
12
23
2
0
0
0
14
35
0
5
1
9
22
29
0
0
0
0
13
37
0
0
11
13
26
13
0
0
0
0
6
17
12
14
12
26
31
0
1
0
0
1
2
7
11
21
29
23
1
1
0
0
0
0
2
3
14
15
3
1
0
0
0
0
0
0
0
0
5
26
35
20
1
0
0
0
0
0
0
7
22
69
72
25
6
0
0
0
0
0
4
20
67
90
85
49
36
15
0
0
0
1
12
65
86
87
74
53
48
19
7
0
0
0
33
81
85
70
41
46
59
43
19
1
0
4
50
77
69
22
1
30
72
65
18
5
0
4
62
81
24
0
10
32
82
78
18
0
0
7
71
73
16
15
34
79
86
68
3
0
0
6
72
74
45
61
83
87
83
34
0
0
0
6
53
65
71
79
80
76
46
0
0
0
0
2
27
40
53
58
54
28
1
0
0
0
0
0
4
19
30
24
9
0
0
0
0
0
0
0
0
0
8
22
11
0
0
0
0
0
0
0
0
8
35
45
7
0
0
0
0
0
0
0
5
33
45
42
14
0
0
0
0
0
0
1
20
52
42
19
2
10
0
0
0
0
0
2
47
52
30
0
8
50
44
0
0
0
0
8
59
50
0
0
2
45
63
14
0
0
0
13
60
40
0
0
11
45
61
19
0
0
0
24
58
25
0
14
32
44
37
0
0
0
0
23
60
34
0
16
28
29
11
0
0
0
0
16
54
43
17
15
8
4
0
0
0
0
0
3
33
41
36
17
2
0
0
0
0
0
0
0
4
23
29
16
9
0
0
0
0
0
