0
0
0
0
0
0
0
0
0
0
0
0
2
6
8
5
1
0
0
0
0
0
0
0
0
0
0
0
0
0
0
0
0
0
0
0
0
0
0
0
2
0
0
0
0
0
0
0
0
0
0
0
0
0
0
0
0
0
0
0
0
0
0
0
0
0
0
0
0
0
0
0
0
0
0
0
0
0
0
0
0
0
0
0
0
0
0
0
0
3
2
0
0
0
0
0
0
0
0
0
0
0
0
0
0
0
0
0
0
0
0
0
0
3
4
1
0
0
0
0
0
0
0
0
0
0
0
0
0
0
0
0
0
0
0
0
0
0
0
5
0
0
0
0
0
0
0
0
0
0
0
0
0
0
0
0
0
0
0
0
0
0
0
0
3
0
0
0
0
0
0
0
0
0
0
0
0
0
0
0
0
0
0
0
0
0
0
0
3
3
0
0
0
0
0
0
0
0
0
0
0
0
2
7
12
21
27
21
5
0
0
0
0
3
1
0
0
0
0
0
0
0
0
0
0
3
11
16
25
33
37
33
19
1
0
0
0
0
0
0
0
0
0
0
0
0
0
0
0
14
14
22
26
21
20
19
17
8
0
0
0
0
1
0
0
0
0
0
2
4
7
15
12
16
17
19
14
6
7
11
14
16
9
0
0
0
0
0
0
0
0
0
2
2
10
16
9
11
17
8
1
0
2
5
7
10
7
0
0
0
0
0
0
0
0
0
0
0
1
1
0
1
8
1
0
0
0
0
0
2
0
0
0
0
0
0
0
0
0
0
0
0
0
0
0
0
0
0
0
0
0
0
0
0
0
0
0
0
4
0
0
0
0
1
2
3
1
0
0
0
3
2
3
0
0
0
0
0
0
5
2
5
1
0
0
0
0
2
4
4
3
0
0
0
0
0
0
0
0
0
0
0
5
4
9
9
1
0
0
0
0
3
5
5
1
0
0
0
0
0
0
0
0
0
0
1
0
2
9
2
0
0
0
0
0
6
8
11
4
0
0
0
0
0
0
0
0
0
3
3
5
7
6
0
0
0
0
0
0
6
11
13
15
8
0
0
0
0
0
0
5
14
17
18
18
7
0
0
0
0
0
0
0
3
11
18
24
29
20
9
0
0
0
9
17
19
24
23
15
5
0
0
0
0
0
0
0
1
7
15
25
36
40
35
28
24
24
28
27
19
15
8
1
0
0
0
0
0
0
0
0
0
1
5
12
22
34
45
48
45
38
30
24
14
3
0
0
0
0
0
0
0
0
0
0
0
0
0
2
6
11
17
22
25
21
12
7
4
1
0
0
0
0
0
0
0
0
0
0
0
0
0
0
0
0
0
0
0
0
0
0
2
0
0
0
0
0
0
0
0
0
0
0
0
0
0
0
0
0
0
0
0
0
0
0
3
2
0
0
0
0
0
0
0
0
0
0
0
0
0
0
0
0
0
0
0
0
0
0
7
5
0
0
0
0
0
0
0
0
0
0
0
0
0
0
0
0
0
0
0
0
0
0
3
0
0
1
0
0
0
0
0
0
0
0
0
0
0
0
0
0
0
0
0
0
0
0
0
0
0
3
1
0
0
0
0
0
0
0
0
0
0
0
0
0
0
0
0
6
0
0
0
0
0
0
5
0
0
0
0
0
0
0
0
0
0
0
0
0
0
2
22
25
16
0
0
0
0
0
6
2
0
0
0
0
0
0
0
0
0
0
0
0
2
29
50
62
63
39
2
0
0
0
0
1
1
0
0
0
0
0
0
0
0
0
0
2
39
61
78
80
78
61
31
0
0
0
0
0
5
1
0
0
0
0
0
0
0
0
0
38
66
80
74
62
56
49
39
10
0
0
0
0
10
1
0
0
0
0
0
0
0
0
17
66
80
66
45
28
19
25
29
14
0
0
0
0
11
4
0
0
0
0
0
0
0
5
36
63
64
37
18
4
0
10
12
7
0
0
0
7
16
6
0
0
0
0
0
0
0
1
32
41
41
12
0
0
0
0
0
0
0
0
12
18
20
6
0
0
0
0
0
0
0
0
17
26
29
0
0
0
0
0
0
0
0
19
33
29
19
6
0
0
0
0
0
0
0
0
12
17
19
0
0
0
0
0
0
0
10
41
44
39
18
0
0
0
0
0
0
0
0
0
6
3
0
0
0
0
0
0
0
0
36
53
47
29
7
1
0
0
0
0
3
4
1
0
0
0
0
0
0
0
0
0
0
23
53
51
44
19
0
0
0
0
0
0
8
13
9
0
0
0
0
0
0
0
0
1
34
57
59
42
27
5
0
0
0
0
0
0
13
23
24
7
0
0
0
0
0
0
19
49
72
72
52
32
15
0
0
0
0
0
0
0
12
28
41
38
22
16
5
17
31
46
62
73
81
60
35
17
1
0
0
0
0
0
0
0
5
22
43
55
56
54
52
59
66
74
77
70
56
36
19
4
0
0
0
0
0
0
0
0
1
12
28
46
61
63
68
75
78
74
60
41
26
10
0
0
0
0
0
0
0
0
0
0
0
3
9
21
37
52
60
57
55
47
30
15
3
0
0
0
0
0
0
0
0
0
0
0
0
0
0
3
10
20
28
26
21
11
5
3
0
0
0
0
0
0
0
0
0
0
0
0
0
0
0
0
0
0
0
0
0
0
8
12
6
1
0
0
0
0
0
0
0
0
0
0
0
0
0
0
0
0
1
5
9
21
25
21
12
3
0
0
0
0
0
0
0
0
0
0
0
0
0
0
0
0
5
19
41
51
45
36
20
4
0
0
0
0
0
0
0
0
0
0
0
0
0
0
0
0
15
41
62
64
53
35
20
10
5
2
0
0
0
0
0
0
0
0
0
0
0
0
3
11
38
61
68
72
60
46
31
19
15
8
1
0
0
0
0
0
0
0
0
0
0
4
14
36
61
70
76
77
74
65
49
34
24
19
7
0
0
0
0
0
0
0
0
0
1
11
31
57
69
78
81
87
84
76
63
44
34
28
13
3
0
0
0
0
0
0
0
0
5
20
49
66
79
82
81
74
63
60
60
49
42
30
23
10
3
0
0
0
0
0
0
5
16
36
59
75
81
79
58
38
31
36
46
53
47
43
29
22
9
1
0
0
0
0
1
11
27
44
65
76
71
50
27
17
12
18
34
48
54
55
46
31
13
1
0
0
0
0
2
12
30
47
63
67
44
22
13
7
5
8
20
35
51
57
52
34
20
6
0
0
0
0
0
12
29
45
55
52
26
12
6
6
3
1
9
25
47
67
61
47
22
2
0
0
0
0
2
14
31
45
48
41
22
6
4
0
0
0
10
29
54
69
63
47
22
6
0
0
0
0
6
20
37
48
47
40
19
5
1
0
0
3
22
49
68
70
62
37
16
0
0
0
0
0
8
25
40
49
49
41
18
0
0
0
4
24
49
65
69
66
49
27
12
4
0
0
0
0
9
26
40
50
49
36
13
0
3
18
36
54
66
73
70
59
34
16
6
0
0
0
0
0
10
27
42
47
47
41
34
29
39
49
61
68
77
74
63
44
21
11
5
1
0
0
0
0
8
25
40
48
59
64
65
63
66
74
76
82
81
73
50
24
15
4
1
0
0
0
0
0
4
20
37
52
64
72
76
76
78
77
79
78
70
47
24
17
8
4
0
0
0
0
0
0
1
10
26
44
61
69
71
73
82
84
72
56
38
21
14
8
5
0
0
0
0
0
0
0
0
2
10
22
40
55
65
69
66
56
42
28
17
10
6
6
3
0
0
0
0
0
0
0
0
0
1
4
15
28
35
34
31
27
19
11
8
6
5
1
0
0
0
0
0
0
0
0
0
0
0
0
1
5
10
12
10
8
7
8
6
2
0
0
0
0
0
0
0
0
0
0
0
0
0
0
0
0
0
2
5
6
4
2
2
1
0
0
0
0
0
0
0
0
0
0
0
0
0
0
0
0
2
3
4
4
0
0
0
0
0
0
0
0
0
0
0
0
0
0
0
0
0
0
0
1
4
0
3
0
0
0
0
0
0
0
0
0
0
0
0
0
0
0
0
0
0
0
0
3
0
0
1
10
15
2
0
0
0
0
0
0
0
0
0
0
0
0
0
0
0
2
2
2
0
0
4
22
16
2
0
0
0
0
0
0
0
0
0
0
0
0
0
0
0
4
0
0
0
1
16
22
22
5
0
0
0
0
0
0
0
0
0
0
0
0
0
0
3
0
0
0
2
13
15
15
17
4
2
1
0
0
0
0
0
0
0
0
0
0
0
1
3
0
0
6
16
10
8
7
5
6
15
15
7
0
0
0
0
0
0
0
0
0
1
4
0
0
3
15
12
6
8
7
8
10
12
22
15
0
0
0
0
0
0
0
0
0
1
0
0
0
10
16
8
10
18
19
6
0
0
24
21
4
0
0
0
0
0
0
0
0
0
0
0
8
20
13
13
23
22
6
0
0
1
13
26
11
7
0
0
0
0
0
0
0
0
0
0
11
23
18
19
16
0
0
1
0
0
4
17
23
12
0
0
0
0
0
0
0
0
0
0
17
30
22
4
0
0
0
2
1
0
1
12
27
16
0
0
1
0
0
0
0
1
0
0
29
35
2
0
0
1
1
1
3
0
0
12
19
22
2
0
0
0
0
0
0
0
0
4
39
24
0
0
1
0
2
2
0
0
0
9
23
23
0
0
0
0
0
0
0
0
0
10
35
21
0
0
0
3
1
0
0
0
5
16
29
14
0
0
0
0
0
0
0
0
0
14
35
21
0
0
4
5
0
0
0
9
12
22
20
5
0
0
0
0
0
0
0
0
0
13
37
26
0
0
0
0
0
0
13
11
13
26
13
0
0
0
0
0
0
0
0
0
0
11
34
21
0
0
0
0
6
11
10
8
20
24
8
0
0
0
0
0
0
0
0
0
0
6
17
11
0
5
7
9
3
7
5
11
31
17
0
0
1
0
0
0
0
0
0
0
0
0
8
14
11
12
14
9
6
12
23
26
12
0
0
0
0
0
0
0
0
0
0
1
0
0
4
7
10
10
10
12
22
29
23
4
0
0
0
1
0
0
0
0
0
0
0
1
2
1
2
2
3
11
21
18
16
12
1
0
0
1
0
0
0
0
0
0
0
0
0
0
1
2
3
2
8
14
15
6
1
3
0
0
0
0
0
0
0
0
0
0
0
0
0
0
0
0
1
3
5
5
4
4
2
2
1
0
0
0
0
0
0
0
0
0
0
0
0
0
0
0
0
0
0
4
10
11
9
6
6
2
0
0
0
0
0
0
0
0
0
0
0
0
0
0
0
0
1
5
16
26
35
27
20
11
1
0
0
0
0
0
0
0
0
0
0
0
0
0
0
1
5
10
21
42
51
42
23
13
4
0
0
0
0
0
0
0
0
0
0
0
0
0
2
7
9
22
45
69
72
52
25
13
6
2
0
0
0
0
0
0
0
0
0
0
0
0
4
15
20
44
76
89
85
64
38
23
15
11
4
0
0
0
0
0
0
0
0
0
0
4
8
20
44
67
90
90
84
66
49
45
36
18
15
3
0
0
0
0
0
0
0
0
1
4
17
37
69
85
87
82
74
60
53
51
48
29
18
12
0
0
0
0
0
0
0
1
5
12
27
65
84
86
79
71
61
48
45
50
47
40
19
15
7
1
0
0
0
0
0
0
5
23
49
81
85
78
70
56
41
32
30
46
55
46
32
18
17
6
0
0
0
0
0
0
6
33
64
79
80
66
49
30
12
12
18
37
59
49
43
25
19
10
1
0
0
0
0
1
11
45
69
70
69
45
22
4
0
1
11
30
55
61
55
36
13
12
2
0
0
0
0
4
18
50
77
63
48
18
0
0
0
0
8
27
52
72
65
44
18
8
5
0
0
0
0
4
25
54
81
59
24
5
0
0
0
2
8
25
52
80
78
45
18
2
0
0
0
0
0
3
29
62
77
48
12
4
0
0
3
10
13
32
65
82
78
49
12
0
0
0
0
0
0
4
34
68
72
41
9
2
0
4
9
13
31
53
82
86
68
36
3
0
0
0
0
0
0
7
40
71
73
42
16
16
14
15
23
34
54
79
85
77
57
16
0
0
0
0
0
0
0
6
39
72
74
52
23
29
38
41
51
69
83
87
83
65
34
4
0
0
0
0
0
0
0
6
32
68
68
53
40
45
59
61
72
83
83
78
72
45
10
0
0
0
0
0
0
0
0
6
23
53
65
53
55
66
78
79
80
76
76
64
46
18
0
0
0
0
0
0
0
0
0
5
18
35
50
52
62
71
77
78
77
68
55
43
18
0
0
0
0
0
0
0
0
0
0
2
12
27
38
40
45
53
58
56
54
47
28
12
1
0
0
0
0
0
0
0
0
0
0
1
6
16
25
33
35
37
37
33
27
18
3
0
0
0
0
0
0
0
0
0
0
0
0
0
1
4
10
19
27
30
24
15
9
4
0
0
0
0
0
0
0
0
0
0
0
0
0
0
0
0
1
5
10
12
8
4
1
0
0
0
0
0
0
0
0
0
0
0
0
0
0
0
0
0
0
0
0
5
11
13
7
1
0
0
0
0
0
0
0
0
0
0
0
0
0
0
0
0
0
0
1
8
18
22
11
0
0
0
0
0
0
0
0
0
0
0
0
0
0
0
0
0
0
1
7
18
34
31
7
0
0
0
0
0
0
0
0
0
0
0
0
0
0
0
0
0
3
8
15
35
45
33
4
0
0
0
0
0
0
0
0
0
0
0
0
0
0
0
0
0
8
17
29
45
42
36
14
0
0
0
0
0
0
0
0
0
0
0
0
0
0
0
0
5
15
33
41
41
27
29
10
0
0
0
0
0
0
0
0
0
0
0
0
0
0
0
2
8
31
46
42
32
19
15
2
0
0
0
0
0
0
0
0
0
0
0
0
0
0
1
7
20
46
52
40
25
9
1
0
0
9
10
0
0
0
0
0
0
0
0
0
0
0
1
11
36
52
44
30
10
0
0
0
5
27
41
23
0
0
0
0
0
0
0
0
0
0
2
20
47
51
39
11
0
0
0
0
8
31
50
44
21
0
0
0
0
0
0
0
0
0
4
29
53
46
30
0
0
0
0
0
2
21
45
56
44
1
0
0
0
0
0
0
0
0
8
36
59
50
13
0
0
0
0
0
0
14
40
63
57
14
0
0
0
0
0
0
0
0
10
41
60
40
0
0
0
0
0
0
2
13
39
61
58
19
0
0
0
0
0
0
0
0
13
46
58
28
0
0
0
0
0
4
11
21
45
52
42
6
0
0
0
0
0
0
0
0
19
50
55
23
0
0
0
0
5
11
21
35
44
37
24
0
0
0
0
0
0
0
0
0
24
53
58
25
0
0
0
14
14
24
32
38
34
19
4
0
0
0
0
0
0
0
0
0
23
52
60
30
0
0
0
14
16
22
28
29
19
11
0
0
0
0
0
0
0
0
0
0
20
47
60
34
0
0
0
10
14
13
13
15
10
0
0
0
0
0
0
0
0
0
0
0
16
36
54
43
17
1
3
5
11
7
8
4
0
0
0
0
0
0
0
0
0
0
0
0
9
29
46
43
35
17
16
15
12
7
0
0
0
0
0
0
0
0
0
0
0
0
0
0
3
18
33
40
41
31
25
11
5
0
0
0
0
0
0
0
0
0
0
0
0
0
0
0
1
8
17
32
37
36
31
17
9
2
0
0
0
0
0
0
0
0
0
0
0
0
0
0
0
1
4
13
23
29
25
16
14
9
4
0
0
0
0
0
0
0
0
0
0
0
0
0
0
0
0
1
5
11
15
13
7
1
1
0
0
0
0
0
0
0
0
0
0
