21
21
21
21
21
21
21
21
21
21
21
21
22
22
22
22
21
21
21
22
21
21
21
20
21
21
21
21
21
22
22
21
21
21
21
21
22
21
21
21
21
21
21
21
22
21
21
21
21
21
21
20
21
21
20
21
21
21
22
21
21
21
21
21
22
21
22
21
21
21
21
21
22
21
21
21
21
22
21
20
21
21
21
21
21
21
21
21
21
21
21
21
21
21
21
21
22
21
21
21
22
21
22
21
22
21
21
21
21
21
20
21
22
22
21
22
22
21
22
22
21
21
21
21
21
21
21
21
21
22
21
22
22
22
21
21
21
21
21
21
22
21
21
21
21
21
21
22
21
21
21
22
22
22
21
22
22
21
21
22
21
21
21
21
21
21
21
21
21
22
21
22
21
21
21
22
21
21
21
21
21
0
0
20
21
21
22
21
21
21
21
22
21
21
21
21
21
21
21
21
21
21
21
21
21
21
20
21
0
21
20
21
21
21
21
22
21
21
22
21
21
21
21
21
21
21
21
21
21
21
21
21
22
21
21
2
20
21
20
5
16
19
21
21
21
22
21
21
21
21
21
21
21
22
21
21
21
21
21
21
21
21
17
5
21
21
21
21
18
7
7
1
1
0
17
21
20
21
21
20
21
21
20
22
21
21
21
21
21
21
0
21
21
21
21
21
21
21
21
21
21
21
21
21
21
21
21
20
21
21
21
21
21
21
21
20
21
20
4
22
21
21
22
20
21
22
21
21
21
21
20
20
20
21
20
20
21
21
21
21
21
21
21
21
21
17
9
21
21
22
21
21
21
21
21
21
21
21
21
20
20
21
20
20
21
21
22
21
21
21
21
21
21
21
0
22
21
21
21
21
21
21
21
21
21
21
20
21
20
21
20
21
21
21
21
21
21
22
21
21
22
22
6
0
20
22
21
21
21
22
20
21
20
21
20
20
21
20
21
20
21
21
21
21
21
22
21
21
21
21
21
20
2
0
17
20
21
21
21
21
21
21
20
20
21
21
20
21
22
21
21
21
21
22
21
21
21
21
21
21
22
22
16
1
0
0
17
21
21
21
20
20
20
21
20
20
21
21
21
21
21
21
21
21
21
21
21
21
21
21
22
21
22
22
7
6
21
20
21
20
20
20
20
20
22
21
21
21
21
21
21
21
21
21
21
21
21
21
21
21
22
21
2
9
21
20
21
20
21
20
21
20
21
21
21
21
21
21
21
21
21
21
21
21
21
22
21
22
21
21
0
18
21
21
20
21
20
20
20
20
21
21
21
21
21
21
20
21
21
21
21
21
22
22
21
21
22
0
11
21
21
21
21
20
20
20
20
20
21
21
21
21
20
21
21
21
21
21
21
22
21
21
21
21
0
20
20
20
20
21
21
21
20
20
21
21
21
21
21
21
21
21
21
21
21
20
21
20
20
21
6
0
20
21
20
20
20
21
20
20
20
21
20
20
21
21
21
21
20
20
21
21
20
20
21
21
7
0
20
21
21
21
20
20
20
20
21
20
21
21
21
21
22
21
20
21
20
20
21
21
21
20
9
13
21
21
21
21
20
21
21
20
19
21
20
20
20
21
21
21
21
20
21
21
20
21
20
20
20
20
20
21
21
21
21
21
20
21
21
20
20
20
20
21
21
21
21
21
20
21
20
20
20
20
21
20
20
21
20
20
21
21
21
20
21
20
20
20
20
20
21
20
20
21
20
20
21
20
21
21
21
21
21
20
20
20
20
21
21
21
21
20
21
20
20
20
20
21
20
20
21
20
20
21
