23
22
22
22
22
23
22
23
22
23
22
23
23
22
22
22
23
22
22
22
23
22
22
22
22
22
23
22
22
23
22
22
22
22
22
22
22
22
22
22
22
22
22
22
22
22
23
22
22
23
22
23
22
23
22
23
23
23
22
22
22
22
22
22
22
22
23
22
22
22
22
23
22
23
23
23
22
22
22
23
22
23
22
22
23
22
22
22
22
22
22
22
23
22
23
22
22
23
22
23
22
23
22
23
22
22
22
22
23
22
22
22
22
22
22
22
22
22
22
22
23
22
22
22
22
23
22
21
21
22
22
22
22
22
23
22
22
22
22
23
22
22
22
22
22
23
22
23
23
22
23
22
22
22
22
9
22
23
22
22
22
22
22
22
22
22
22
22
22
23
22
22
23
23
22
22
22
22
23
22
22
22
20
22
22
23
22
23
23
22
22
22
22
22
22
22
22
23
23
22
22
22
22
22
22
23
23
22
22
21
22
22
23
22
22
23
22
23
22
22
22
22
22
22
22
22
21
22
22
22
23
22
22
22
22
22
22
22
23
22
23
23
23
23
23
23
22
23
22
22
22
22
22
22
22
23
22
23
22
22
22
22
23
6
1
1
0
5
13
20
20
23
23
22
22
22
22
23
22
22
22
23
22
22
23
23
22
22
22
22
22
3
17
23
22
22
17
5
1
21
23
22
22
22
23
21
22
22
23
22
23
22
22
22
22
22
23
22
3
12
23
22
22
22
22
22
22
22
22
22
22
23
23
22
22
22
23
23
23
23
23
22
22
22
23
4
4
22
23
22
22
23
22
22
23
22
22
22
22
22
22
22
22
22
22
22
22
22
23
22
22
22
8
1
22
22
22
22
22
22
22
22
23
22
23
22
23
22
21
22
22
22
23
22
22
22
23
23
23
19
2
22
23
22
23
23
22
22
22
22
22
22
22
23
22
22
22
22
22
22
22
23
23
22
23
22
23
8
0
22
22
23
22
22
22
22
23
23
22
22
23
22
22
22
22
22
22
22
21
22
23
23
22
22
22
21
16
2
0
1
0
0
1
6
17
21
23
22
22
22
23
22
22
22
21
22
22
22
23
23
22
22
16
21
23
22
23
22
23
22
23
22
18
2
0
22
23
22
22
22
22
22
21
22
22
22
23
23
23
22
1
22
22
22
22
23
22
22
22
22
22
22
0
5
22
22
23
22
22
22
22
21
23
22
23
22
23
23
0
20
22
22
22
22
22
22
22
21
4
1
0
21
22
22
23
22
21
21
22
22
23
23
23
22
22
22
20
3
2
2
2
0
0
0
0
9
20
22
22
22
22
22
22
22
22
22
22
22
22
22
22
22
22
22
22
22
22
22
22
22
22
22
22
23
22
22
22
22
22
22
22
22
21
21
22
22
22
22
23
22
23
22
23
22
22
22
23
22
22
22
22
22
22
22
22
22
22
22
21
22
22
21
22
22
22
22
22
22
22
23
22
23
22
22
22
23
22
22
22
23
22
22
22
22
22
21
22
22
22
21
21
22
22
22
22
22
22
22
22
22
22
22
22
22
22
22
23
22
22
23
22
22
22
22
22
22
22
22
21
21
22
22
22
22
22
22
22
22
23
22
22
21
22
21
22
22
22
22
22
22
22
22
21
22
21
22
22
21
22
22
23
21
23
22
23
22
22
22
21
22
22
22
22
22
22
22
21
22
22
22
22
22
21
22
21
22
22
21
22
22
22
23
22
22
22
22
22
22
22
22
21
22
22
22
22
22
22
22
22
22
22
22
22
22
