22
22
22
22
22
22
22
22
22
22
22
22
22
22
22
22
22
22
22
21
22
22
21
22
21
22
22
22
22
22
21
22
22
21
22
22
22
22
21
22
21
22
22
22
22
20
22
21
22
22
22
22
21
22
22
22
22
22
22
22
21
22
22
22
23
22
22
22
22
21
22
22
22
21
22
21
22
22
22
22
21
22
21
22
21
22
22
21
22
22
22
22
22
22
22
22
23
22
21
22
22
22
21
22
22
22
22
22
22
21
20
22
21
22
21
22
22
22
22
22
22
21
22
22
22
22
22
22
22
21
22
21
21
22
22
22
22
21
22
21
22
22
22
22
22
22
22
22
22
21
22
22
22
22
22
22
22
21
22
22
22
21
22
22
21
22
22
21
22
22
21
22
22
22
22
22
22
22
22
22
22
22
22
22
22
22
22
21
22
22
21
21
21
21
21
21
22
22
22
22
22
22
22
22
22
22
22
22
21
22
22
21
21
21
21
21
22
22
22
21
21
22
21
22
22
22
22
22
22
22
22
22
22
23
22
21
22
22
21
21
22
21
22
21
21
22
21
21
21
22
22
21
22
22
22
22
22
21
22
22
23
22
21
22
0
21
22
22
22
21
22
22
22
22
21
21
22
22
22
22
22
22
22
22
22
22
22
22
22
22
22
15
0
23
22
21
18
14
22
22
22
21
21
21
21
21
21
21
22
21
22
23
21
22
22
22
22
22
22
0
0
0
0
0
2
15
22
22
22
21
21
21
22
21
22
21
22
21
22
23
22
22
22
22
22
22
21
0
21
21
22
22
22
22
22
22
22
22
21
21
21
22
22
21
22
22
22
22
22
22
22
22
22
22
9
18
22
22
22
21
22
22
22
21
22
21
22
21
21
22
21
21
22
21
22
22
22
22
22
22
22
21
0
22
22
22
22
22
22
22
22
22
22
21
22
21
21
21
21
21
21
22
22
22
21
22
22
22
22
22
1
22
22
22
22
22
21
22
22
22
22
22
22
21
21
21
21
21
22
22
21
22
22
22
22
22
22
22
10
0
0
0
0
11
22
22
22
22
21
22
22
21
21
21
21
20
22
22
22
22
21
22
22
22
22
22
21
22
21
22
22
3
13
22
21
22
22
21
22
21
22
21
21
21
22
22
21
21
22
22
22
22
22
21
22
21
22
22
21
22
0
21
22
21
21
21
21
21
21
20
21
21
22
22
22
22
22
21
22
21
21
22
22
21
22
22
21
21
0
22
22
21
22
22
21
21
22
21
21
20
22
22
22
22
21
22
22
22
22
21
22
21
22
21
22
0
4
21
22
21
21
22
21
21
22
22
21
22
21
22
21
22
22
22
21
22
21
2
0
17
20
20
0
7
22
22
22
21
22
21
21
22
21
21
21
21
21
22
21
22
22
21
21
22
22
22
22
8
5
2
13
22
22
21
22
21
21
22
22
21
21
21
21
21
21
21
22
21
21
22
22
22
21
22
21
22
22
22
22
21
22
22
22
21
21
22
21
22
21
21
22
21
22
22
22
22
21
22
22
21
21
21
22
21
22
21
21
21
21
21
22
21
21
21
21
21
21
21
21
21
21
21
22
22
21
21
21
21
22
22
22
22
22
21
21
21
22
21
21
21
21
21
21
21
21
21
21
21
21
21
22
21
22
21
22
21
21
22
21
21
21
21
21
22
21
21
22
21
21
21
21
21
21
21
21
21
21
21
21
21
22
22
21
22
21
21
21
22
21
21
22
21
22
22
21
21
20
21
22
22
21
21
21
21
