19
19
19
18
18
19
18
18
19
19
18
18
18
19
19
19
19
19
19
18
19
19
19
19
19
18
18
19
18
18
19
18
18
17
18
18
19
17
18
19
19
19
18
18
19
18
19
17
19
19
19
18
17
18
18
18
19
18
18
18
18
18
17
18
19
18
18
18
18
18
18
19
18
18
18
18
18
18
18
18
18
18
18
18
18
18
18
18
18
18
17
18
18
18
18
18
18
18
18
18
18
18
17
18
18
18
17
17
17
18
17
18
18
18
18
18
18
18
18
18
18
18
18
16
18
18
18
18
17
18
17
18
18
17
18
17
18
18
18
17
17
17
17
18
18
17
17
17
17
18
17
17
17
17
17
17
17
18
18
18
17
17
17
18
17
17
16
17
18
17
17
17
18
17
17
17
17
17
17
17
17
17
17
17
17
17
17
18
17
17
17
17
17
17
17
17
17
17
17
17
18
16
17
17
17
17
17
17
17
7
16
18
17
17
16
17
17
16
17
17
17
16
17
17
17
17
17
17
16
17
17
17
17
17
17
17
0
13
17
18
17
14
7
1
0
0
4
14
16
17
17
17
16
17
17
17
16
17
17
17
17
17
17
0
13
17
0
1
14
17
17
16
16
17
16
16
16
16
16
16
17
17
16
16
17
17
17
16
16
17
0
15
17
18
17
16
16
16
16
17
17
16
16
16
16
16
16
16
16
16
16
16
16
16
17
17
17
13
0
17
17
17
16
16
16
16
16
17
16
16
16
15
15
16
16
15
17
15
16
16
16
16
17
17
17
0
16
17
17
16
16
16
16
17
16
16
16
15
15
16
16
15
16
15
16
17
16
16
16
15
16
16
8
12
17
15
15
16
16
16
15
15
15
16
15
15
15
15
16
15
16
15
16
16
16
16
16
15
16
16
1
15
16
15
16
16
16
16
15
15
15
15
16
15
15
15
15
16
16
15
15
15
15
15
16
15
15
16
3
12
16
16
15
16
15
15
15
15
15
15
15
15
15
15
16
15
15
14
15
15
15
15
16
16
16
15
15
0
0
13
15
16
16
15
14
15
16
16
15
15
15
15
15
15
15
15
15
15
15
15
15
16
15
15
15
15
15
15
14
15
14
15
15
14
0
15
14
15
14
15
15
14
14
15
16
15
16
15
15
14
15
15
16
15
15
15
15
15
14
15
15
0
11
15
15
14
14
15
14
15
15
14
14
14
14
14
15
14
15
14
14
14
14
14
15
14
15
12
0
14
15
14
14
14
14
14
14
14
14
13
14
14
15
14
15
15
15
11
14
14
14
15
15
14
0
8
14
14
14
14
14
14
14
14
13
14
14
14
14
14
14
15
14
14
14
14
10
3
10
2
0
12
14
14
15
13
14
13
13
14
14
13
13
14
13
14
14
15
13
14
14
14
14
14
14
15
15
14
14
14
14
14
13
14
13
13
13
13
13
13
13
13
13
13
14
14
14
13
14
13
14
14
14
14
13
13
13
13
13
13
14
13
13
13
13
14
13
13
13
13
12
13
14
14
14
14
13
13
14
13
13
13
13
13
14
13
13
13
13
13
13
13
13
13
12
13
12
12
12
12
14
14
13
14
13
13
13
13
13
13
13
13
13
13
12
12
13
13
12
12
12
12
12
12
12
12
12
12
13
13
13
13
14
13
13
13
13
13
13
13
13
12
13
12
13
12
12
13
13
12
12
12
12
12
12
11
13
13
13
13
12
13
13
13
13
12
13
12
12
12
12
12
12
12
12
12
12
11
12
12
12
12
12
12
