37
37
6
-39
-52
-32
-25
-30
52
37
-38
-76
-37
28
29
-25
89
23
-66
-53
9
91
64
-29
113
1
-77
-38
9
58
31
-63
105
-35
-104
-57
-26
11
2
-75
75
-50
-109
-56
-28
-10
-46
-66
47
-36
-86
-54
-41
-41
-51
-22
11
-23
-56
-48
-39
-33
-11
19
15
53
117
152
134
98
67
50
38
71
98
130
106
60
55
56
23
22
10
-25
-43
-24
25
61
-28
-52
-59
-120
-129
-55
27
70
-56
-72
-66
-77
-54
20
61
78
-29
-17
4
40
90
109
73
47
28
49
80
112
122
89
26
-26
34
67
86
73
42
-16
-61
-75
-42
-104
-151
-175
-154
-108
-117
-108
-57
-93
-84
-35
0
6
-27
-96
-12
-12
17
80
113
83
7
-71
10
-15
-22
25
34
-37
-98
-103
-37
-105
-120
-111
-146
-160
-158
-126
-86
-165
-206
-223
-219
-180
-137
-80
-68
-116
-157
-167
-147
-85
-39
-12
38
40
56
52
41
44
32
48
-30
2
63
57
-31
-75
-48
-25
-11
62
95
19
-63
-53
-5
5
37
117
63
-70
-119
-49
7
5
87
116
-29
-171
-185
-90
-24
-34
103
42
-163
-234
-208
-88
-5
-70
97
-25
-189
-186
-105
-4
18
-95
92
-22
-114
-79
-4
39
-12
-108
55
-8
-40
9
36
7
-66
-101
-21
-2
24
60
53
40
13
1
-7
5
40
51
42
52
40
24
-3
18
34
15
12
65
85
63
-1
29
38
20
-4
38
78
84
22
54
60
40
9
15
64
71
46
67
56
34
9
20
58
44
49
69
53
23
11
27
40
37
18
52
62
30
8
27
50
53
-38
-73
-78
-27
29
44
23
3
-54
-61
-3
77
85
36
1
-12
-48
3
102
162
84
-27
-59
-41
-12
61
133
89
-26
-101
-99
-40
7
65
35
-69
-118
-95
-44
27
-5
21
-32
-113
-108
-18
71
110
-5
8
-32
-55
6
104
164
108
17
12
6
53
138
178
123
6
5
75
120
65
4
-17
-5
11
62
137
122
25
-34
-46
-26
5
115
127
56
-49
-61
-21
-6
10
125
74
-36
-61
4
60
56
21
101
12
-46
-4
74
134
87
-3
63
-20
-14
55
130
149
60
-44
42
-18
28
112
132
83
-23
-67
37
-1
38
75
49
-23
-78
-41
8
8
12
37
62
56
-2
-62
15
22
21
16
58
110
95
11
2
22
16
-4
4
56
92
59
-11
2
-4
-30
-50
-49
-16
38
0
-8
-44
-77
-98
-102
-75
-17
32
33
-22
-63
-62
-54
-47
-27
58
120
104
31
2
5
5
5
-1
98
171
138
74
44
21
13
30
22
-18
-66
-50
-9
5
4
37
-21
-69
-68
9
48
21
8
14
-92
-104
-16
79
63
-1
-12
-34
-130
-70
63
119
41
-75
-68
-59
-112
13
103
93
10
-115
-83
-45
-69
54
78
17
-52
-114
-40
-22
-31
53
35
-42
-77
-59
55
-29
-31
17
-11
-50
-31
40
107
24
41
77
96
89
54
22
-2
26
57
82
72
15
-22
-2
12
26
62
77
38
-31
-68
-33
25
32
78
83
8
-51
-54
-3
48
47
105
91
-6
-52
-14
40
65
49
122
105
13
4
43
62
56
27
85
81
28
10
33
40
15
-3
11
3
-26
-26
-13
-25
-54
80
72
-16
-125
-160
-115
-66
-46
63
-27
-205
-282
-220
-101
-31
-16
-9
-192
-351
-314
-149
-3
21
2
-105
-287
-280
-109
10
33
-11
-51
-149
-224
-79
102
108
-12
-147
-152
-129
-135
51
141
40
-162
-310
-233
-114
-93
24
-32
-198
-355
-360
-162
-167
-135
-91
-231
-369
-366
-202
21
33
62
82
74
79
105
88
39
48
58
42
15
5
47
83
69
18
2
-22
-49
-64
-37
13
61
-15
-47
-45
-49
-18
-10
-23
9
-8
-28
-14
15
31
29
-16
-28
18
43
87
93
72
55
11
-13
24
85
160
157
88
32
9
0
-29
-5
70
90
31
-10
-26
-13
-78
-125
-89
12
61
30
1
15
-110
-120
-1
100
66
-43
-58
13
-135
-63
110
144
30
-113
-101
37
-130
-1
173
138
-5
-126
-91
84
-116
34
138
60
-57
-111
-35
117
-110
0
58
-18
-78
-44
56
130
-92
-36
-5
-38
-27
29
98
79
-55
-45
-19
1
23
50
46
14
-43
-24
-6
52
101
115
81
29
-55
-29
-31
-35
-12
89
143
84
-90
-44
-58
-102
-131
-43
130
154
-98
-37
-34
-102
-182
-142
78
172
-66
19
-5
-73
-144
-156
-1
119
-40
76
53
-17
-79
-86
-11
61
-69
91
103
8
-60
-55
-11
33
-183
-30
45
-15
-84
-69
-26
3
-109
-109
-25
35
30
8
-21
-24
-90
-10
109
130
74
-13
-68
-52
-21
93
168
94
-35
-112
-105
-56
30
97
59
-72
-122
-105
-42
9
29
14
-65
-154
-125
-25
63
93
8
-37
-92
-125
-54
84
150
108
21
-7
-17
15
110
189
142
43
48
48
81
139
177
129
14
-45
-1
6
15
29
58
78
54
13
6
18
44
42
52
75
62
35
14
17
16
-5
-21
8
11
2
-4
-28
-46
-45
-18
13
-3
-11
-11
-21
-24
-35
-30
-8
12
-1
19
30
37
3
-2
17
22
5
35
76
92
90
71
55
43
26
22
63
100
118
96
61
27
7
