0
0
0
0
0
0
0
0
0
0
0
0
0
0
0
0
0
0
0
0
0
0
0
0
0
0
0
0
0
0
0
0
0
0
0
0
0
0
0
0
0
0
0
0
0
0
0
0
0
0
0
0
0
0
0
0
0
0
0
0
0
0
0
0
0
0
0
0
0
0
0
0
0
0
0
0
0
0
0
0
0
0
0
0
0
0
0
0
0
0
0
0
0
0
0
0
0
0
0
0
0
0
0
0
0
0
0
0
0
0
0
0
0
0
0
0
0
0
0
0
0
0
0
0
1
19
32
25
4
0
0
0
0
0
0
0
0
0
0
0
0
0
0
0
0
0
0
0
0
0
0
0
5
31
31
32
13
0
0
0
0
0
0
0
0
0
0
0
0
0
0
0
0
0
0
0
0
0
0
3
25
31
31
32
13
0
0
0
0
0
0
0
0
0
0
0
0
0
0
0
0
0
0
0
0
0
14
24
31
31
31
32
21
14
8
0
0
0
0
0
0
0
0
0
0
0
0
0
0
0
0
0
0
0
32
31
31
31
31
32
31
31
28
6
0
0
0
0
0
0
0
0
0
0
0
0
0
0
0
0
0
23
32
32
32
32
32
29
28
32
32
32
0
0
0
0
0
0
0
0
0
0
0
0
0
0
0
0
8
28
32
31
31
31
18
10
8
16
31
31
13
0
0
0
0
0
0
0
0
0
0
0
0
0
0
4
29
31
32
31
28
17
1
0
0
4
29
31
30
14
1
0
0
0
0
0
0
0
0
0
0
0
0
5
31
31
32
24
3
0
0
0
0
0
14
31
32
31
4
0
0
0
0
0
0
0
0
0
0
0
0
5
31
31
25
4
0
0
0
0
0
0
4
25
32
31
4
0
0
0
0
0
0
0
0
0
0
0
0
5
32
32
0
0
0
0
0
0
0
0
4
25
32
32
21
0
0
0
0
0
0
0
0
0
0
0
0
18
31
31
0
0
0
0
0
0
0
0
14
31
32
31
4
0
0
0
0
0
0
0
0
0
0
0
0
27
31
31
0
0
0
0
0
0
3
8
29
31
32
29
4
0
0
0
0
0
0
0
0
0
0
0
0
27
31
31
0
0
0
0
0
0
18
31
31
31
28
8
0
0
0
0
0
0
0
0
0
0
0
0
0
27
31
31
0
0
0
0
0
23
28
31
31
31
23
0
0
0
0
0
0
0
0
0
0
0
0
0
0
27
32
32
9
9
29
32
32
32
32
32
32
32
0
0
0
0
0
0
0
0
0
0
0
0
0
0
0
14
31
31
32
31
31
31
31
32
31
31
31
18
0
0
0
0
0
0
0
0
0
0
0
0
0
0
0
4
29
31
32
31
31
31
31
32
29
24
4
1
0
0
0
0
0
0
0
0
0
0
0
0
0
0
0
0
8
18
32
31
31
31
31
32
13
0
0
0
0
0
0
0
0
0
0
0
0
0
0
0
0
0
0
0
0
0
9
22
31
22
9
9
4
0
0
0
0
0
0
0
0
0
0
0
0
0
0
0
0
0
0
0
0
0
0
0
0
0
0
0
0
0
0
0
0
0
0
0
0
0
0
0
0
0
0
0
0
0
0
0
0
0
0
0
0
0
0
0
0
0
0
0
0
0
0
0
0
0
0
0
0
0
0
0
0
0
0
0
0
0
0
0
0
0
0
0
0
0
0
0
0
0
0
0
0
0
0
0
0
0
0
0
0
0
0
0
0
0
0
0
0
0
0
0
0
0
0
0
0
0
0
0
0
0
0
0
