37
37
6
0
0
0
0
0
52
37
0
0
0
28
29
0
89
23
0
0
9
91
64
0
113
1
0
0
9
58
31
0
105
0
0
0
0
11
2
0
75
0
0
0
0
0
0
0
47
0
0
0
0
0
0
0
11
0
0
0
0
0
0
19
15
53
117
152
134
98
67
50
38
71
98
130
106
60
55
56
23
22
10
0
0
0
25
61
0
0
0
0
0
0
27
70
0
0
0
0
0
20
61
78
0
0
4
40
90
109
73
47
28
49
80
112
122
89
26
0
34
67
86
73
42
0
0
0
0
0
0
0
0
0
0
0
0
0
0
0
0
6
0
0
0
0
17
80
113
83
7
0
10
0
0
25
34
0
0
0
0
0
0
0
0
0
0
0
0
0
0
0
0
0
0
0
0
0
0
0
0
0
0
0
38
40
56
52
41
44
32
48
0
2
63
57
0
0
0
0
0
62
95
19
0
0
0
5
37
117
63
0
0
0
7
5
87
116
0
0
0
0
0
0
103
42
0
0
0
0
0
0
97
0
0
0
0
0
18
0
92
0
0
0
0
39
0
0
55
0
0
9
36
7
0
0
0
0
24
60
53
40
13
1
0
5
40
51
42
52
40
24
0
18
34
15
12
65
85
63
0
29
38
20
0
38
78
84
22
54
60
40
9
15
64
71
46
67
56
34
9
20
58
44
49
69
53
23
11
27
40
37
18
52
62
30
8
27
50
53
0
0
0
0
29
44
23
3
0
0
0
77
85
36
1
0
0
3
102
162
84
0
0
0
0
61
133
89
0
0
0
0
7
65
35
0
0
0
0
27
0
21
0
0
0
0
71
110
0
8
0
0
6
104
164
108
17
12
6
53
138
178
123
6
5
75
120
65
4
0
0
11
62
137
122
25
0
0
0
5
115
127
56
0
0
0
0
10
125
74
0
0
4
60
56
21
101
12
0
0
74
134
87
0
63
0
0
55
130
149
60
0
42
0
28
112
132
83
0
0
37
0
38
75
49
0
0
0
8
8
12
37
62
56
0
0
15
22
21
16
58
110
95
11
2
22
16
0
4
56
92
59
0
2
0
0
0
0
0
38
0
0
0
0
0
0
0
0
32
33
0
0
0
0
0
0
58
120
104
31
2
5
5
5
0
98
171
138
74
44
21
13
30
22
0
0
0
0
5
4
37
0
0
0
9
48
21
8
14
0
0
0
79
63
0
0
0
0
0
63
119
41
0
0
0
0
13
103
93
10
0
0
0
0
54
78
17
0
0
0
0
0
53
35
0
0
0
55
0
0
17
0
0
0
40
107
24
41
77
96
89
54
22
0
26
57
82
72
15
0
0
12
26
62
77
38
0
0
0
25
32
78
83
8
0
0
0
48
47
105
91
0
0
0
40
65
49
122
105
13
4
43
62
56
27
85
81
28
10
33
40
15
0
11
3
0
0
0
0
0
80
72
0
0
0
0
0
0
63
0
0
0
0
0
0
0
0
0
0
0
0
0
21
2
0
0
0
0
10
33
0
0
0
0
0
102
108
0
0
0
0
0
51
141
40
0
0
0
0
0
24
0
0
0
0
0
0
0
0
0
0
0
0
21
33
62
82
74
79
105
88
39
48
58
42
15
5
47
83
69
18
2
0
0
0
0
13
61
0
0
0
0
0
0
0
9
0
0
0
15
31
29
0
0
18
43
87
93
72
55
11
0
24
85
160
157
88
32
9
0
0
0
70
90
31
0
0
0
0
0
0
12
61
30
1
15
0
0
0
100
66
0
0
13
0
0
110
144
30
0
0
37
0
0
173
138
0
0
0
84
0
34
138
60
0
0
0
117
0
0
58
0
0
0
56
130
0
0
0
0
0
29
98
79
0
0
0
1
23
50
46
14
0
0
0
52
101
115
81
29
0
0
0
0
0
89
143
84
0
0
0
0
0
0
130
154
0
0
0
0
0
0
78
172
0
19
0
0
0
0
0
119
0
76
53
0
0
0
0
61
0
91
103
8
0
0
0
33
0
0
45
0
0
0
0
3
0
0
0
35
30
8
0
0
0
0
109
130
74
0
0
0
0
93
168
94
0
0
0
0
30
97
59
0
0
0
0
9
29
14
0
0
0
0
63
93
8
0
0
0
0
84
150
108
21
0
0
15
110
189
142
43
48
48
81
139
177
129
14
0
0
6
15
29
58
78
54
13
6
18
44
42
52
75
62
35
14
17
16
0
0
8
11
2
0
0
0
0
0
13
0
0
0
0
0
0
0
0
12
0
19
30
37
3
0
17
22
5
35
76
92
90
71
55
43
26
22
63
100
118
96
61
27
7
