46
23
-57
-39
28
74
28
-56
66
-3
-57
-14
55
93
28
-65
73
-28
-41
11
64
89
5
-58
51
-51
-52
-8
61
76
-22
-44
18
-61
-74
-35
49
45
-48
-37
-11
-45
-62
-6
103
72
-39
-33
-15
-23
-34
15
121
66
-58
-38
-28
-32
-54
-20
63
2
-79
-26
25
35
50
57
13
16
30
44
28
19
48
22
-24
18
22
48
0
-12
16
-30
-30
17
10
42
-19
-4
1
-16
20
38
21
27
3
23
21
20
37
28
7
1
20
46
55
54
45
18
-1
-1
-70
-64
-57
-41
-10
-16
-4
6
-81
-97
-100
-81
-36
-38
-10
-7
-33
-55
-71
-49
-24
-22
-56
-84
-30
-55
-56
-16
-6
-25
-67
-83
-18
-65
-48
-11
-10
-44
-75
-67
-41
-92
-94
-71
-71
-95
-106
-64
-57
-90
-112
-122
-112
-125
-133
-64
55
72
95
56
7
-42
-83
-46
67
93
122
90
39
-19
-62
-39
-17
-19
-31
-32
-33
-61
-70
-30
-1
61
37
-60
-63
13
44
20
35
97
2
-95
-52
37
84
10
79
75
-59
-100
-43
64
105
-22
99
9
-110
-110
-38
85
77
-65
86
-28
-101
-95
-17
88
25
-86
27
-50
-86
-63
43
112
12
-76
-27
-71
-105
-85
34
87
-26
-95
-48
-91
-151
-155
-22
21
-90
-113
-5
25
30
2
-24
5
22
20
1
33
29
1
-13
15
42
41
11
32
21
10
-1
19
55
51
29
40
31
14
3
30
56
51
38
53
31
-8
-9
31
49
52
25
43
25
-28
-2
51
60
53
-19
6
4
-15
42
99
93
58
-22
-14
-22
-29
30
84
63
31
-37
-48
-9
37
7
-31
-34
-15
-42
-17
47
46
-29
-49
-34
10
-17
43
69
-14
-71
-50
-15
38
13
64
15
-80
-86
-26
27
45
21
35
-24
-63
-21
42
65
24
24
12
-13
-8
26
49
34
-4
54
43
27
18
2
-2
1
-4
40
29
5
-28
-51
-23
25
22
43
67
16
-38
-11
33
31
15
87
69
-25
-47
15
74
55
2
103
23
-47
-28
63
111
58
-26
60
-28
-27
17
111
120
38
-29
19
-29
0
50
119
80
7
-23
2
-29
-22
20
61
24
-9
-13
6
-22
-35
8
65
32
-2
-7
8
-4
-11
53
107
40
-19
-13
1
4
5
-6
-23
10
12
7
0
1
-4
-7
-11
4
10
16
8
0
-22
-25
-27
-30
-19
-5
34
24
-28
-48
-41
-46
-36
-25
66
113
75
31
14
-10
-30
-38
-4
61
96
75
63
43
18
-19
-50
-23
20
33
35
46
42
-10
-34
-46
-43
-34
-12
28
52
15
27
-43
-60
12
61
28
-50
-41
16
-79
-48
59
92
33
-75
-44
-26
-87
11
97
91
6
-98
-26
-61
-62
57
85
55
-43
-95
16
-50
-15
71
66
25
-71
-57
59
-52
-23
35
55
30
-60
-13
84
-41
-50
-16
48
37
-63
-8
79
-9
-28
-14
52
13
-103
-27
74
22
30
38
37
5
5
38
52
28
45
59
29
-12
9
51
74
40
71
75
10
-24
23
62
84
52
103
70
-9
-8
44
83
85
30
73
31
-31
-4
57
95
60
-12
-10
-41
-59
-23
48
87
31
0
-17
-41
-47
-30
24
64
14
-4
-16
-24
-25
-22
15
60
19
49
-12
-104
-69
17
35
-3
-45
18
-116
-159
-14
64
42
-57
-93
-62
-182
-97
87
94
12
-135
-110
-126
-159
16
115
57
-75
-192
-72
-132
-92
35
5
-89
-202
-210
-21
-167
-96
-41
-85
-133
-173
-109
31
-183
-140
-90
-74
-71
-106
-66
23
-116
-109
-54
-32
-73
-164
-122
-8
32
32
23
11
10
28
25
30
25
11
0
-14
16
20
16
20
2
-9
-16
-10
17
9
-2
2
6
24
26
27
27
7
-7
-4
27
77
120
100
74
42
18
16
-35
-20
22
26
18
15
19
24
-36
-79
-77
-49
-31
-15
21
37
13
-16
-34
-16
-3
-12
14
40
-83
-74
67
103
11
-101
-83
56
-107
-19
119
86
-28
-124
-61
107
-99
32
103
34
-66
-130
-8
137
-79
36
63
-5
-88
-101
57
140
-49
11
26
-20
-108
-96
66
121
-28
-2
20
-13
-116
-88
87
125
2
-7
20
-1
-120
-74
113
127
34
35
56
31
-65
-9
126
91
-39
30
58
30
-37
-35
70
82
-34
23
46
17
-57
-44
76
99
-19
30
36
-8
-79
-51
52
83
-11
58
33
-33
-86
-30
50
62
-26
75
53
-39
-66
23
75
48
-128
-22
0
-92
-86
63
105
37
-168
-114
-68
-141
-107
78
133
55
-113
-107
-85
-155
-125
59
141
73
-68
-16
34
15
-65
-70
-44
-2
-21
43
57
-22
-88
-54
-6
37
31
58
1
-94
-101
-19
34
48
35
4
-60
-114
-69
28
56
31
31
10
-14
-22
35
74
54
17
33
35
24
0
21
11
10
-2
34
22
-19
-68
-51
-30
14
12
22
27
-4
-21
41
80
97
37
6
13
7
-13
-20
17
16
-1
9
9
-6
-29
-25
7
5
-1
3
-3
-17
-31
-30
-5
-11
-14
19
14
1
-30
-29
-12
-24
-20
35
77
81
55
52
41
10
-5
34
64
58
52
68
44
16
-4
5
-2
-42
-60
-24
-18
-14
-14
8
16
-9
-11
31
39
28
11
