66
0
93
28
73
11
89
5
18
0
103
0
0
15
121
0
35
57
18
48
0
16
38
42
46
55
45
7
0
0
0
6
0
0
0
0
0
0
0
0
72
95
7
0
93
122
39
0
97
37
37
84
99
0
85
105
86
0
112
25
0
0
87
0
33
30
15
42
40
31
30
56
53
31
51
60
6
4
99
93
0
47
7
10
64
69
0
45
35
0
49
65
54
27
2
25
87
16
74
55
103
17
120
58
19
50
119
7
8
53
107
0
4
5
10
16
34
0
0
0
113
96
63
18
0
33
46
52
27
59
92
0
0
97
91
16
0
71
30
84
0
52
37
79
45
59
9
74
103
75
44
85
73
31
57
95
0
0
24
64
49
0
64
0
0
115
94
0
0
35
0
31
0
0
0
23
32
23
28
30
24
27
27
2
77
120
74
24
13
0
0
40
0
119
11
107
36
103
0
140
11
26
0
125
35
56
0
127
30
58
0
99
58
36
0
83
75
53
63
105
0
0
78
141
43
57
0
37
58
1
28
56
35
24
74
54
34
0
80
97
13
7
17
16
19
1
0
0
77
81
68
16
16
0
39
28
