0
0
0
0
1
5
0
0
0
2
1
0
0
0
0
0
0
0
0
0
0
2
3
0
0
0
0
0
0
0
0
1
0
0
0
0
0
0
0
0
0
6
0
1
1
0
0
0
0
0
0
1
3
10
0
0
0
0
0
0
0
0
2
1
7
2
0
0
0
3
6
0
0
4
6
2
9
3
3
5
3
0
2
0
0
7
12
9
0
0
0
0
0
3
0
0
0
4
21
36
44
42
37
27
1
2
0
0
0
0
1
5
12
11
9
5
1
2
0
0
0
0
0
0
0
0
3
7
2
0
0
0
0
0
0
0
0
0
15
23
21
8
0
0
0
0
0
0
0
3
0
0
0
0
0
0
0
0
0
0
0
14
0
0
0
0
7
0
0
0
0
0
5
25
0
0
0
0
17
0
0
0
0
4
39
28
0
0
0
14
19
0
0
0
0
23
41
10
0
0
6
34
17
0
0
0
5
30
34
0
0
0
23
37
5
0
0
9
13
2
1
0
0
0
25
29
0
0
0
15
36
30
11
21
18
7
27
28
0
0
0
8
41
51
49
55
50
17
20
23
0
0
0
0
2
9
14
10
4
0
25
20
0
0
0
0
0
0
0
0
17
41
41
13
0
0
0
0
0
0
0
0
33
46
35
0
0
0
0
0
0
0
0
8
0
0
0
3
1
0
0
0
0
11
22
24
0
4
10
17
8
0
0
0
0
24
40
27
0
5
21
29
15
0
0
0
12
45
46
17
0
7
37
41
19
0
0
3
31
43
30
6
0
19
49
46
14
0
0
11
34
41
20
1
4
34
46
35
6
0
0
11
32
31
27
19
34
59
54
30
1
0
0
6
37
53
49
51
53
56
53
22
0
0
0
0
4
20
24
19
29
52
51
21
0
0
0
0
0
0
1
3
21
50
51
19
0
0
0
0
0
0
0
0
25
50
42
11
0
0
0
0
0
0
0
0
13
13
11
5
0
0
0
0
0
3
5
0
0
1
1
1
0
0
0
0
0
2
17
2
0
3
1
8
0
0
0
0
3
0
22
0
0
0
14
20
0
0
0
1
3
23
26
0
0
2
21
27
0
0
0
3
0
33
9
1
2
3
34
25
0
0
0
0
26
37
0
0
1
3
36
5
0
0
0
0
34
27
0
0
1
15
33
0
0
0
0
0
13
16
2
6
10
31
31
0
0
0
0
2
3
9
10
11
0
31
27
2
0
0
0
0
1
2
3
2
0
35
28
0
0
0
0
0
0
0
0
0
0
36
21
0
0
0
0
0
0
0
0
0
8
26
0
1
0
0
0
0
0
6
7
6
0
2
3
1
0
0
0
0
0
13
24
13
0
2
22
13
7
0
0
0
6
33
52
10
0
6
41
29
8
0
0
2
16
56
56
1
0
10
60
41
5
0
0
3
44
59
25
0
3
27
65
43
0
0
0
6
63
55
2
0
4
54
70
23
0
0
0
8
68
45
33
28
39
84
64
5
0
0
0
7
37
35
39
38
55
85
54
3
0
0
0
3
24
30
23
24
38
68
40
4
0
0
0
0
1
4
5
2
32
72
40
2
0
0
0
0
0
0
0
0
31
62
32
0
0
0
0
0
0
0
0
0
23
39
0
0
0
0
0
0
0
7
5
0
0
2
2
0
0
0
0
0
0
23
19
0
0
5
16
0
0
0
0
0
8
44
19
0
0
16
35
0
0
0
0
3
29
41
0
0
0
23
51
0
0
0
0
10
44
32
0
0
4
46
51
0
0
0
0
23
51
2
0
0
14
50
32
0
0
0
0
26
51
14
4
9
28
51
9
0
0
0
0
19
34
24
0
0
21
36
0
0
0
0
0
5
28
30
21
14
51
62
0
0
0
0
0
0
1
5
7
4
47
63
0
0
0
0
0
0
0
0
0
0
44
49
0
0
0
0
0
0
0
0
0
0
27
19
0
0
0
0
