0
0
0
0
0
0
0
0
0
0
0
0
0
0
0
0
0
0
0
0
0
0
0
0
0
0
0
0
0
0
0
0
0
1
3
5
0
0
0
0
0
0
1
2
1
0
0
0
0
0
0
0
0
0
0
0
0
0
0
0
0
0
0
0
0
0
0
2
3
0
0
0
0
0
0
0
0
0
0
0
0
0
0
0
0
0
0
0
0
0
0
0
0
0
0
0
0
0
0
0
0
0
0
0
0
0
0
0
0
0
0
0
0
0
0
0
0
0
0
0
0
0
0
0
0
0
0
0
0
0
0
0
0
0
0
1
0
0
0
0
0
0
0
0
0
0
0
0
0
0
0
0
0
0
0
0
0
0
0
1
1
0
0
0
0
0
0
0
0
0
0
0
0
0
0
0
0
0
3
6
0
0
0
0
0
0
0
0
0
0
0
0
0
0
0
0
0
0
0
1
0
0
10
5
0
0
0
0
0
0
0
0
0
0
0
0
0
0
0
0
0
0
0
0
0
3
8
1
0
0
0
0
0
0
0
0
0
0
0
0
0
0
0
0
0
0
0
0
0
3
2
0
0
0
0
0
0
0
0
3
5
1
0
0
0
0
0
0
0
2
1
0
3
7
0
0
0
0
0
0
0
0
0
3
6
0
0
0
0
0
0
0
4
4
2
0
3
9
3
3
3
1
4
5
3
0
0
0
2
0
0
0
0
0
1
4
6
2
0
0
0
0
1
1
0
0
0
0
0
0
0
0
0
0
0
0
0
0
1
6
6
0
0
0
0
0
0
0
0
0
0
0
0
0
0
0
0
0
0
0
0
0
0
7
12
10
9
0
0
0
0
0
0
0
0
0
0
0
0
3
0
0
0
0
0
0
0
4
13
21
29
36
31
19
15
18
19
19
21
12
0
0
0
2
0
0
0
0
0
0
0
1
5
11
20
31
40
44
42
40
37
32
27
17
1
0
0
0
0
0
0
0
0
0
0
0
0
1
3
5
8
12
11
9
9
7
5
5
1
0
0
0
0
0
0
0
0
0
0
0
0
0
0
0
0
0
0
0
1
3
5
5
1
0
0
2
0
0
0
0
0
0
0
0
0
0
0
0
0
0
0
0
1
3
4
2
0
0
0
0
0
0
0
0
0
0
0
0
0
0
0
0
0
0
0
0
0
3
7
7
0
2
0
0
0
0
0
0
0
0
0
0
0
0
0
0
0
0
0
0
3
10
18
19
13
16
8
0
0
0
0
0
0
0
0
0
0
0
0
0
0
0
0
0
8
15
18
23
21
13
4
0
0
0
0
0
0
0
0
0
0
0
0
0
0
0
0
0
0
0
0
0
0
0
0
0
0
0
0
0
0
0
0
0
0
0
0
0
0
0
0
3
0
0
0
0
0
0
0
0
0
0
0
0
0
0
0
0
0
0
0
0
0
0
0
8
0
0
0
0
0
0
0
0
3
0
0
0
0
0
0
0
0
0
0
0
0
0
0
14
0
0
0
0
0
0
0
0
7
0
0
0
0
0
0
0
0
0
0
0
0
0
5
19
0
0
0
0
0
0
0
0
12
1
0
0
0
0
0
0
0
0
0
0
0
5
25
13
0
0
0
0
0
0
0
0
17
1
0
0
0
0
0
0
0
0
0
0
9
26
28
8
0
0
0
0
0
0
0
3
18
2
0
0
0
0
0
0
0
0
0
4
25
39
22
2
0
0
0
0
0
0
0
14
19
2
0
0
0
0
0
0
0
0
0
14
33
37
10
0
0
0
0
0
0
0
9
28
17
1
0
0
0
0
0
0
0
0
1
23
41
21
0
0
0
0
0
0
0
6
27
34
12
1
0
0
0
0
0
0
0
0
7
30
34
8
0
0
0
0
0
0
0
17
37
31
5
0
0
0
0
0
0
0
0
5
7
28
26
1
0
0
0
0
0
0
0
23
36
23
0
0
0
0
0
0
0
0
2
0
0
2
1
0
0
0
0
0
0
0
0
23
29
13
0
0
0
0
0
0
1
9
13
0
0
0
0
0
0
0
0
0
0
0
9
25
28
7
0
0
0
0
0
0
1
15
24
13
0
0
0
0
0
0
0
0
0
0
16
27
28
4
0
0
0
0
0
0
0
13
31
36
30
18
11
11
14
21
18
15
7
7
18
21
23
3
0
0
0
0
0
0
0
8
24
41
51
50
48
48
52
55
50
35
17
6
11
20
23
0
0
0
0
0
0
0
0
2
8
20
34
45
48
49
47
42
36
24
9
0
4
18
20
1
0
0
0
0
0
0
0
0
0
2
6
9
13
14
10
6
4
0
0
0
7
18
20
1
0
0
0
0
0
0
0
0
0
0
0
0
0
0
0
0
0
0
0
0
17
25
19
0
0
0
0
0
0
0
0
0
0
0
0
0
0
0
0
0
0
0
14
19
33
29
13
0
0
0
0
0
0
0
0
0
0
0
0
0
0
0
0
0
1
17
41
41
41
25
7
0
0
0
0
0
0
0
0
0
0
0
0
0
0
0
0
0
11
33
46
41
35
17
0
0
0
0
0
0
0
0
0
0
0
0
0
0
0
0
0
0
14
30
31
27
17
3
0
0
0
0
0
0
0
0
0
0
0
0
0
0
0
0
0
0
0
0
0
0
0
0
0
0
0
0
0
0
0
0
0
0
0
0
0
0
0
0
8
6
0
0
0
0
0
0
2
3
1
0
0
0
0
0
0
0
0
0
0
3
4
9
18
8
0
0
0
0
0
0
5
11
5
0
0
0
0
0
0
0
0
0
2
11
16
22
24
14
0
0
0
4
9
10
12
17
8
0
0
0
0
0
0
0
0
0
4
17
28
32
27
9
0
0
0
5
15
17
18
23
13
1
0
0
0
0
0
0
0
0
7
24
40
39
24
10
0
0
0
3
16
21
26
29
15
1
0
0
0
0
0
0
0
4
17
37
46
30
17
7
0
0
0
5
18
26
33
37
19
1
0
0
0
0
0
0
1
12
29
45
38
22
11
4
0
0
0
7
23
37
41
37
17
1
0
0
0
0
0
0
8
22
39
43
30
15
6
3
0
0
1
12
32
47
46
32
14
1
0
0
0
0
0
3
15
31
42
42
24
11
5
0
0
0
5
19
40
49
43
25
9
1
0
0
0
0
0
7
23
34
41
36
20
7
1
0
0
2
12
30
43
45
35
20
6
0
0
0
0
0
1
11
27
32
33
32
20
4
0
0
0
4
18
34
46
46
32
15
4
0
0
0
0
0
1
11
26
26
24
30
19
7
1
0
0
9
30
47
50
43
30
12
1
0
0
0
0
0
0
10
27
32
30
31
27
16
16
19
23
34
50
59
54
48
27
7
0
0
0
0
0
0
0
6
21
37
46
53
49
48
48
51
53
53
56
56
53
44
22
6
0
0
0
0
0
0
0
2
8
20
34
45
49
47
46
43
42
46
51
51
48
41
22
3
0
0
0
0
0
0
0
0
1
4
10
20
24
23
19
15
17
29
42
50
49
44
21
3
0
0
0
0
0
0
0
0
0
0
0
3
7
9
9
7
12
26
43
52
51
44
19
1
0
0
0
0
0
0
0
0
0
0
0
0
0
1
2
3
8
21
36
45
49
42
19
0
0
0
0
0
0
0
0
0
0
0
0
0
0
0
0
0
4
18
36
50
51
37
15
1
0
0
0
0
0
0
0
0
0
0
0
0
0
0
0
0
7
24
40
50
42
24
11
0
0
0
0
0
0
0
0
0
0
0
0
0
0
0
0
0
10
25
33
30
23
16
6
0
0
0
0
0
0
0
0
0
0
0
0
0
0
0
0
0
5
13
13
9
11
8
5
0
0
0
0
0
0
0
0
0
0
0
0
0
0
0
0
0
1
3
0
3
6
6
3
0
0
0
0
0
0
0
0
0
0
0
0
0
0
0
0
0
0
0
0
0
0
0
0
0
0
0
0
0
0
0
0
0
0
0
1
3
0
5
0
0
0
0
0
1
0
1
1
0
0
0
0
0
0
0
0
0
0
0
2
2
0
5
0
0
0
0
0
3
0
1
3
0
0
0
0
0
0
0
0
0
0
0
1
0
0
17
2
0
0
0
0
0
0
1
8
0
0
0
0
0
0
0
0
0
0
1
0
0
17
21
0
0
0
0
0
0
0
8
19
0
0
0
0
0
0
0
0
0
1
3
0
0
22
19
0
0
0
0
0
0
0
14
20
0
0
0
0
0
0
0
0
0
3
0
0
2
25
16
0
0
0
0
0
0
0
16
26
0
0
0
0
0
0
0
0
1
1
0
0
23
26
3
0
0
0
0
2
0
0
21
27
0
0
0
0
0
0
0
0
3
0
0
14
31
9
0
0
1
0
1
3
0
0
27
25
0
0
0
0
0
0
0
0
0
0
0
33
21
0
0
1
0
0
2
0
0
3
34
17
0
0
0
0
0
0
0
0
0
0
11
37
9
0
0
0
0
0
1
0
0
20
35
5
0
0
0
0
0
0
0
0
0
0
26
35
1
0
0
0
0
0
0
0
3
36
20
0
0
0
0
0
0
0
0
0
0
0
34
27
0
0
0
0
0
1
0
0
5
31
14
0
0
0
0
0
0
0
0
0
0
0
25
23
3
0
0
0
0
0
0
0
15
33
6
0
0
0
0
0
0
0
0
0
0
0
13
16
5
1
0
0
0
0
0
11
31
31
2
0
0
0
0
0
0
0
0
0
0
0
0
7
3
2
2
5
6
8
10
10
29
26
0
0
0
0
0
0
0
0
0
0
2
0
2
4
6
5
5
9
9
0
0
2
31
23
0
0
2
0
0
0
0
0
0
0
1
3
3
5
9
10
9
11
7
0
0
8
31
27
0
0
0
0
0
0
0
0
0
0
0
0
1
1
2
3
3
1
2
0
0
5
31
28
0
0
0
0
0
0
0
0
0
0
0
0
0
0
0
0
0
0
0
0
0
4
35
20
0
0
0
0
0
0
0
0
0
0
0
0
0
0
0
0
0
0
0
0
0
4
33
21
0
0
0
0
0
0
0
0
0
0
0
0
0
0
0
0
0
0
0
0
0
16
36
17
0
0
0
0
0
0
0
0
0
0
0
0
0
0
0
0
0
0
0
0
1
26
19
0
0
0
0
0
0
0
0
0
0
0
0
0
0
0
0
0
0
0
0
0
8
12
1
0
0
1
0
0
0
0
0
0
0
0
0
0
0
0
0
0
0
0
0
0
0
0
0
0
0
0
0
0
0
0
0
0
0
0
0
0
0
1
6
7
0
6
1
0
0
0
2
3
0
1
1
0
0
0
0
0
0
0
0
0
0
2
8
17
11
12
8
0
0
0
2
11
8
5
8
2
0
0
0
0
0
0
0
0
0
3
13
24
24
13
8
0
0
0
0
12
22
11
13
7
0
0
0
0
0
0
0
0
1
6
21
39
33
10
5
0
0
0
2
15
31
18
11
8
0
0
0
0
0
0
0
1
6
14
33
52
35
7
0
0
0
0
6
25
41
29
10
8
1
0
0
0
0
0
0
3
9
21
47
56
26
1
0
0
0
0
7
32
49
38
13
5
1
0
0
0
0
0
2
6
16
37
56
46
12
0
0
0
0
3
10
34
60
41
15
3
0
0
0
0
0
0
2
11
27
55
58
25
3
0
0
0
1
4
19
43
65
43
9
0
0
0
0
0
0
0
3
19
44
59
45
9
0
0
0
0
3
8
27
60
62
36
2
0
0
0
0
0
0
0
5
29
57
55
26
2
0
0
0
0
2
15
41
70
56
23
0
0
0
0
0
0
0
0
6
40
63
44
15
0
0
0
0
1
4
25
54
69
45
11
0
0
0
0
0
0
0
0
8
43
68
39
14
11
6
7
9
11
13
40
71
64
35
5
0
0
0
0
0
0
0
1
7
35
59
45
28
30
33
28
28
32
39
62
84
62
28
3
0
0
0
0
0
0
0
1
7
23
37
35
25
29
39
38
35
40
55
74
85
54
20
1
0
0
0
0
0
0
0
0
6
20
29
28
19
17
24
28
27
27
44
64
71
48
13
3
0
0
0
0
0
0
0
0
3
13
24
30
27
23
22
24
24
22
38
62
66
40
13
4
0
0
0
0
0
0
0
0
1
4
10
16
21
20
18
15
11
11
32
63
68
36
12
2
0
0
0
0
0
0
0
0
0
0
1
3
4
5
5
2
0
5
29
63
72
39
11
2
0
0
0
0
0
0
0
0
0
0
0
0
0
0
0
0
0
7
32
59
70
40
6
2
0
0
0
0
0
0
0
0
0
0
0
0
0
0
0
0
0
4
31
57
62
32
0
0
0
0
0
0
0
0
0
0
0
0
0
0
0
0
0
0
0
1
25
53
42
14
0
0
0
0
0
0
0
0
0
0
0
0
0
0
0
0
0
0
0
5
23
39
20
0
0
0
0
0
0
0
0
0
0
0
0
0
0
0
0
0
0
0
0
6
19
18
6
0
0
0
0
0
0
0
0
0
0
0
0
0
0
0
0
0
0
0
0
0
0
0
0
0
0
0
0
0
0
0
0
0
0
0
0
0
0
1
7
5
2
0
0
0
0
0
2
2
1
0
0
0
0
0
0
0
0
0
0
0
0
4
11
13
0
0
0
0
0
0
4
10
5
0
0
0
0
0
0
0
0
0
0
0
0
7
23
19
0
0
0
0
0
0
5
16
10
0
0
0
0
0
0
0
0
0
0
0
2
15
36
19
0
0
0
0
0
0
11
25
15
0
0
0
0
0
0
0
0
0
0
1
8
26
44
14
0
0
0
0
0
0
16
35
24
0
0
0
0
0
0
0
0
0
0
5
15
36
36
0
0
0
0
0
0
0
18
46
33
0
0
0
0
0
0
0
0
0
3
10
29
41
16
0
0
0
0
0
0
4
23
51
29
0
0
0
0
0
0
0
0
0
5
21
41
32
0
0
0
0
0
0
1
8
35
51
20
0
0
0
0
0
0
0
0
0
10
35
44
15
0
0
0
0
0
0
4
17
46
46
7
0
0
0
0
0
0
0
0
1
17
44
39
2
0
0
0
0
0
0
6
29
50
32
0
0
0
0
0
0
0
0
0
1
23
51
31
0
0
0
0
0
0
1
14
42
50
20
0
0
0
0
0
0
0
0
0
1
26
51
33
2
0
0
1
5
7
9
24
51
45
9
0
0
0
0
0
0
0
0
0
1
23
44
33
14
0
0
4
8
9
11
28
45
29
0
0
0
0
0
0
0
0
0
0
1
19
34
32
13
0
0
0
0
0
0
19
32
14
0
0
0
0
0
0
0
0
0
0
0
12
27
33
24
5
0
0
0
0
0
21
36
17
0
0
0
0
0
0
0
0
0
0
0
5
15
28
30
22
13
9
6
4
18
42
55
22
0
0
0
0
0
0
0
0
0
0
0
1
4
12
20
22
21
19
14
12
27
51
62
26
0
0
0
0
0
0
0
0
0
0
0
0
0
1
3
5
7
6
4
2
15
45
63
28
0
0
0
0
0
0
0
0
0
0
0
0
0
0
0
0
0
0
0
0
18
47
58
24
0
0
0
0
0
0
0
0
0
0
0
0
0
0
0
0
0
0
0
0
17
44
49
12
0
0
0
0
0
0
0
0
0
0
0
0
0
0
0
0
0
0
0
0
15
39
34
6
0
0
0
0
0
0
0
0
0
0
0
0
0
0
0
0
0
0
0
0
17
27
19
8
0
0
0
0
0
0
0
0
0
0
0
0
0
0
0
0
0
0
0
0
11
15
14
10
0
0
0
0
0
0
0
0
