46
23
0
0
28
74
28
0
66
0
0
0
55
93
28
0
73
0
0
11
64
89
5
0
51
0
0
0
61
76
0
0
18
0
0
0
49
45
0
0
0
0
0
0
103
72
0
0
0
0
0
15
121
66
0
0
0
0
0
0
63
2
0
0
25
35
50
57
13
16
30
44
28
19
48
22
0
18
22
48
0
0
16
0
0
17
10
42
0
0
1
0
20
38
21
27
3
23
21
20
37
28
7
1
20
46
55
54
45
18
0
0
0
0
0
0
0
0
0
6
0
0
0
0
0
0
0
0
0
0
0
0
0
0
0
0
0
0
0
0
0
0
0
0
0
0
0
0
0
0
0
0
0
0
0
0
0
0
0
0
0
0
0
0
0
0
0
0
55
72
95
56
7
0
0
0
67
93
122
90
39
0
0
0
0
0
0
0
0
0
0
0
0
61
37
0
0
13
44
20
35
97
2
0
0
37
84
10
79
75
0
0
0
64
105
0
99
9
0
0
0
85
77
0
86
0
0
0
0
88
25
0
27
0
0
0
43
112
12
0
0
0
0
0
34
87
0
0
0
0
0
0
0
21
0
0
0
25
30
2
0
5
22
20
1
33
29
1
0
15
42
41
11
32
21
10
0
19
55
51
29
40
31
14
3
30
56
51
38
53
31
0
0
31
49
52
25
43
25
0
0
51
60
53
0
6
4
0
42
99
93
58
0
0
0
0
30
84
63
31
0
0
0
37
7
0
0
0
0
0
47
46
0
0
0
10
0
43
69
0
0
0
0
38
13
64
15
0
0
0
27
45
21
35
0
0
0
42
65
24
24
12
0
0
26
49
34
0
54
43
27
18
2
0
1
0
40
29
5
0
0
0
25
22
43
67
16
0
0
33
31
15
87
69
0
0
15
74
55
2
103
23
0
0
63
111
58
0
60
0
0
17
111
120
38
0
19
0
0
50
119
80
7
0
2
0
0
20
61
24
0
0
6
0
0
8
65
32
0
0
8
0
0
53
107
40
0
0
1
4
5
0
0
10
12
7
0
1
0
0
0
4
10
16
8
0
0
0
0
0
0
0
34
24
0
0
0
0
0
0
66
113
75
31
14
0
0
0
0
61
96
75
63
43
18
0
0
0
20
33
35
46
42
0
0
0
0
0
0
28
52
15
27
0
0
12
61
28
0
0
16
0
0
59
92
33
0
0
0
0
11
97
91
6
0
0
0
0
57
85
55
0
0
16
0
0
71
66
25
0
0
59
0
0
35
55
30
0
0
84
0
0
0
48
37
0
0
79
0
0
0
52
13
0
0
74
22
30
38
37
5
5
38
52
28
45
59
29
0
9
51
74
40
71
75
10
0
23
62
84
52
103
70
0
0
44
83
85
30
73
31
0
0
57
95
60
0
0
0
0
0
48
87
31
0
0
0
0
0
24
64
14
0
0
0
0
0
15
60
19
49
0
0
0
17
35
0
0
18
0
0
0
64
42
0
0
0
0
0
87
94
12
0
0
0
0
16
115
57
0
0
0
0
0
35
5
0
0
0
0
0
0
0
0
0
0
0
31
0
0
0
0
0
0
0
23
0
0
0
0
0
0
0
0
32
32
23
11
10
28
25
30
25
11
0
0
16
20
16
20
2
0
0
0
17
9
0
2
6
24
26
27
27
7
0
0
27
77
120
100
74
42
18
16
0
0
22
26
18
15
19
24
0
0
0
0
0
0
21
37
13
0
0
0
0
0
14
40
0
0
67
103
11
0
0
56
0
0
119
86
0
0
0
107
0
32
103
34
0
0
0
137
0
36
63
0
0
0
57
140
0
11
26
0
0
0
66
121
0
0
20
0
0
0
87
125
2
0
20
0
0
0
113
127
34
35
56
31
0
0
126
91
0
30
58
30
0
0
70
82
0
23
46
17
0
0
76
99
0
30
36
0
0
0
52
83
0
58
33
0
0
0
50
62
0
75
53
0
0
23
75
48
0
0
0
0
0
63
105
37
0
0
0
0
0
78
133
55
0
0
0
0
0
59
141
73
0
0
34
15
0
0
0
0
0
43
57
0
0
0
0
37
31
58
1
0
0
0
34
48
35
4
0
0
0
28
56
31
31
10
0
0
35
74
54
17
33
35
24
0
21
11
10
0
34
22
0
0
0
0
14
12
22
27
0
0
41
80
97
37
6
13
7
0
0
17
16
0
9
9
0
0
0
7
5
0
3
0
0
0
0
0
0
0
19
14
1
0
0
0
0
0
35
77
81
55
52
41
10
0
34
64
58
52
68
44
16
0
5
0
0
0
0
0
0
0
8
16
0
0
31
39
28
11
