0.73093092441558838
-0.46329110860824585
-0.079705946147441864
2.6551532745361328
1.2538985013961792
-1.7754144668579102
-0.74027127027511597
0.70849168300628662
0.24052202701568604
-0.24977286159992218
0.46284708380699158
0.8638496994972229
-1.6891192197799683
-2.3491570949554443
-0.11841138452291489
1.04063880443573
-0.6868482232093811
-0.19117662310600281
0.039899364113807678
-1.6958291530609131
-2.5353279113769531
-0.78456282615661621
0.80137127637863159
0.8258674144744873
0.070409223437309265
1.4089254140853882
0.4819563627243042
-2.0423989295959473
-1.399152398109436
0.38130667805671692
0.81573861837387085
0.22782799601554871
2.2745463848114014
2.6120436191558838
-0.58030992746353149
-2.0707051753997803
-0.69134438037872314
0.29215854406356812
-0.080972343683242798
-0.37250718474388123
3.2820441722869873
1.5712903738021851
-2.3172659873962402
-2.3648874759674072
-1.0605565309524536
-0.91954058408737183
-1.2394598722457886
-1.2860636711120605
2.448660135269165
-0.097666233777999878
-2.9514541625976562
-3.0702424049377441
-2.9016039371490479
-3.116905689239502
-2.8203577995300293
-2.7569084167480469
0.8420412540435791
-1.0619611740112305
-2.7291393280029297
-2.7565205097198486
-2.5731298923492432
-2.473790168762207
-2.0605168342590332
-1.5854978561401367
-0.46037068963050842
-1.9629634618759155
-1.3383841514587402
-0.59230601787567139
-0.04433373361825943
1.8472520112991333
1.6942211389541626
0.35876548290252686
-3.05653977394104
-3.3901820182800293
-2.8300485610961914
-1.4827811717987061
0.040703102946281433
1.3705922365188599
0.21622133255004883
-0.55343097448348999
-2.2615945339202881
-1.8973195552825928
-1.127862811088562
-0.3795030415058136
1.0571844577789307
0.098341278731822968
-1.2604997158050537
-0.66772621870040894
-0.34785676002502441
0.04969218373298645
0.17857533693313599
0.55418473482131958
0.041155233979225159
-1.5223331451416016
-1.6543766260147095
-0.3468891978263855
-0.029103457927703857
0.35540297627449036
-0.018552795052528381
0.28039208054542542
-1.0673794746398926
-1.6722959280014038
-0.35608741641044617
0.40967601537704468
-0.033610399812459946
-0.13458815217018127
0.064594492316246033
0.4228610098361969
0.31827250123023987
1.4122089147567749
2.8285222053527832
2.9786174297332764
0.73469829559326172
0.64906483888626099
1.3295587301254272
1.368842601776123
2.317497730255127
4.1480679512023926
4.8232431411743164
4.9192147254943848
0.33399420976638794
1.4457439184188843
2.4544234275817871
3.0014503002166748
3.9559426307678223
4.2057023048400879
3.7043285369873047
3.3364548683166504
3.1561722755432129
2.9500834941864014
2.1982381343841553
0.74309712648391724
-0.73709201812744141
-1.5542001724243164
-0.99684381484985352
-0.31991508603096008
0.7936745285987854
-0.81807971000671387
-1.5248847007751465
-2.0168733596801758
-3.4494326114654541
-2.7522964477539062
-0.54973447322845459
0.17394468188285828
-2.0007860660552979
-3.3402833938598633
-4.0738811492919922
-3.9858343601226807
-3.6505742073059082
-1.5909280776977539
0.34552621841430664
0.40948393940925598
-1.9704674482345581
-2.7993087768554688
-3.4836084842681885
-3.3892867565155029
-2.0045747756958008
-0.010648415423929691
0.5414508581161499
-0.10288781672716141
-0.74830776453018188
-1.6333993673324585
-2.8769054412841797
-2.5437932014465332
-1.0872797966003418
-0.24403923749923706
-0.72140175104141235
-1.2059918642044067
-1.276121973991394
-2.524852991104126
-4.6692066192626953
-4.0600905418395996
-2.8474652767181396
-3.280667781829834
-4.0796971321105957
-4.4320440292358398
-1.4700148105621338
-3.2768144607543945
-4.8682370185852051
-5.179069995880127
-5.3889937400817871
-5.6171503067016602
-5.2344698905944824
-4.0206847190856934
2.0989120006561279
1.9894986152648926
2.4802858829498291
2.6180431842803955
2.1730437278747559
2.1527256965637207
3.1976068019866943
3.9801206588745117
1.458227276802063
0.36037090420722961
-2.6189243793487549
-0.75781005620956421
1.5249537229537964
-0.99677711725234985
-2.6962888240814209
-0.77254748344421387
0.34339639544487
-2.2575972080230713
-4.3822073936462402
-1.0649216175079346
-0.53404432535171509
-4.4016070365905762
-3.4645307064056396
-0.4494364857673645
-1.8997111320495605
-4.2149710655212402
-3.2806785106658936
-0.31729435920715332
-2.2236695289611816
-4.807220458984375
-2.7187607288360596
-0.48912021517753601
-2.5400915145874023
-1.0777615308761597
1.9753663539886475
1.2443372011184692
-3.1732132434844971
-3.4954776763916016
-1.6749894618988037
-0.79370009899139404
-0.68985879421234131
2.4762721061706543
3.5301287174224854
-0.95247566699981689
-4.0242748260498047
-2.8798155784606934
-1.7190409898757935
-0.98143476247787476
1.1431219577789307
3.6171250343322754
1.0118492841720581
-3.8271420001983643
-4.0246872901916504
-2.4514265060424805
-1.6685407161712646
-0.72012919187545776
2.7098915576934814
3.6760826110839844
-1.1298935413360596
-4.1121034622192383
-3.5797214508056641
-2.8533523082733154
-1.7708864212036133
-0.85098719596862793
2.2807815074920654
1.5456304550170898
-2.2314941883087158
-2.9098570346832275
-2.0584430694580078
-1.5802720785140991
-0.77211600542068481
-0.40088286995887756
-0.67006605863571167
-0.83379179239273071
-0.8970763087272644
1.2680245637893677
3.3163940906524658
2.8444616794586182
1.1784870624542236
0.28570890426635742
-0.97806912660598755
-0.29859891533851624
0.72080528736114502
1.8301880359649658
2.5401296615600586
1.1412695646286011
0.71077644824981689
0.49739032983779907
-0.37754836678504944
0.25006461143493652
0.69591426849365234
1.4027760028839111
0.97011011838912964
0.85026252269744873
0.9825701117515564
0.64941030740737915
-0.36860114336013794
-0.1210961639881134
0.64791065454483032
1.2047090530395508
1.1362305879592896
1.2136013507843018
1.034860372543335
0.20870932936668396
-0.41902166604995728
0.26931831240653992
1.4151444435119629
1.5231430530548096
1.3488062620162964
1.1738988161087036
0.46808940172195435
-0.10964407026767731
-0.18438327312469482
0.89719372987747192
1.6828430891036987
1.765445351600647
1.6844040155410767
1.1142617464065552
0.18763470649719238
0.30687719583511353
0.26788890361785889
1.6548644304275513
2.0128090381622314
1.7487012147903442
1.0666124820709229
0.14980806410312653
0.061469830572605133
0.32493028044700623
0.057794872671365738
1.4782971143722534
1.8769799470901489
1.5140671730041504
0.46671813726425171
-0.27875351905822754
-0.42644202709197998
-0.43048447370529175
0.72081089019775391
3.294539213180542
3.8378641605377197
-0.12056917697191238
-2.4068775177001953
-0.33896830677986145
1.2397456169128418
0.32436436414718628
2.2708535194396973
1.9554826021194458
-1.1449451446533203
-3.6456394195556641
-1.3019927740097046
2.120347261428833
1.1939648389816284
-0.40873086452484131
0.15054640173912048
-1.8643084764480591
-3.7609851360321045
-1.2300374507904053
3.0788228511810303
2.9461584091186523
-0.21721573173999786
-0.90318202972412109
-1.1479524374008179
-2.3258044719696045
-1.3943053483963013
2.502544641494751
4.006922721862793
0.48557001352310181
-1.5996887683868408
-0.64266848564147949
-1.5949780941009521
-1.4311360120773315
1.0549747943878174
3.4816880226135254
1.2273337841033936
-1.7333041429519653
-1.4884281158447266
-0.48488083481788635
-1.6024235486984253
0.08707745373249054
2.4004759788513184
1.6681889295578003
-1.5689705610275269
-2.6401298046112061
-1.5625228881835938
-1.3340251445770264
-1.0684794187545776
1.1306194067001343
2.175260066986084
-0.1060124933719635
-1.5109103918075562
-0.56826549768447876
0.085961267352104187
0.15670961141586304
0.55424374341964722
1.6972224712371826
1.3253540992736816
0.19176429510116577
0.7093232274055481
1.8897466659545898
2.2443532943725586
2.7170708179473877
1.8831924200057983
-0.75471961498260498
-1.5109322071075439
1.1406480073928833
1.5998153686523438
-0.26222601532936096
-0.70273679494857788
-0.15301285684108734
0.31499791145324707
-1.1915793418884277
1.7417291402816772
4.6329774856567383
1.8419207334518433
-1.2395015954971313
-0.85980707406997681
-0.034128770232200623
-0.44400155544281006
1.1215524673461914
4.6619329452514648
4.0175857543945312
-0.66034191846847534
-2.1637930870056152
-0.5829770565032959
0.15146097540855408
0.24134233593940735
3.6999139785766602
4.7951250076293945
0.8659854531288147
-1.9458904266357422
-0.84326690435409546
0.15742984414100647
0.2111237496137619
2.1464276313781738
4.5458955764770508
2.7500600814819336
-1.1600638628005981
-1.320461630821228
0.10059115290641785
0.32737848162651062
0.10699325799942017
3.5735001564025879
3.4569756984710693
0.073127575218677521
-1.5039561986923218
0.059739656746387482
0.68645346164703369
0.57937365770339966
0.66695523262023926
3.9182913303375244
1.3270138502120972
-0.73476153612136841
-0.086920127272605896
0.61497318744659424
1.03062903881073
1.1463553905487061
1.226530909538269
2.7802226543426514
-0.30530700087547302
-1.2079912424087524
-0.59624588489532471
-0.74454975128173828
-0.54923254251480103
-0.20272478461265564
-0.65393120050430298
0.12683004140853882
1.1457774639129639
1.1478191614151001
0.4297926127910614
0.54476428031921387
1.0309159755706787
-0.048180267214775085
-0.46878200769424438
-0.67001831531524658
-0.79619264602661133
-0.59347689151763916
-1.3176538944244385
-1.2463141679763794
-0.35990571975708008
0.068827524781227112
0.042432293295860291
-0.74619191884994507
-1.7161321640014648
-1.7445378303527832
-1.4748278856277466
-1.4382158517837524
-0.72363841533660889
0.070871971547603607
0.23691143095493317
-0.58841931819915771
-0.93103855848312378
-0.8977363109588623
-0.85425221920013428
-0.96458989381790161
-0.64348286390304565
-0.010170619934797287
0.065931543707847595
-0.13926489651203156
-0.12649817764759064
-0.31430557370185852
-0.87517249584197998
-1.3762630224227905
-1.3482415676116943
-1.1153439283370972
-1.1107450723648071
0.81190323829650879
1.1889966726303101
0.10464346408843994
-1.11441969871521
-1.6216837167739868
-1.507280707359314
-1.2805746793746948
-0.81613689661026001
1.5169168710708618
3.640148401260376
4.1700491905212402
2.7633202075958252
1.6129004955291748
1.0223807096481323
1.0706467628479004
1.6417919397354126
-0.65306943655014038
1.3003454208374023
3.9549543857574463
4.4374346733093262
3.869713306427002
2.9557733535766602
2.0157456398010254
1.7678811550140381
-1.6011548042297363
-2.6796627044677734
0.47369551658630371
1.9315494298934937
-1.1359728574752808
-0.87887287139892578
1.2774730920791626
1.3765000104904175
-1.3518866300582886
-0.99620324373245239
2.4212262630462646
0.94712948799133301
-3.2334179878234863
-1.1057920455932617
1.9864088296890259
1.4371006488800049
0.45151102542877197
1.1346848011016846
1.0955325365066528
-2.0135495662689209
-2.8107998371124268
1.2999464273452759
2.7549643516540527
1.0396803617477417
1.3869878053665161
1.1638612747192383
-1.6813685894012451
-3.177750825881958
0.048035919666290283
3.1239228248596191
2.0010244846343994
0.23614175617694855
1.1680173873901367
-0.74215936660766602
-2.999765157699585
-1.3144522905349731
2.6529302597045898
2.8945291042327881
0.65717852115631104
-0.39295855164527893
1.230170726776123
-2.3557164669036865
-2.9516787528991699
1.0291558504104614
2.6685786247253418
1.0335005521774292
-0.38257536292076111
-0.78481757640838623
0.87217968702316284
-2.3799242973327637
-0.89983898401260376
2.0529720783233643
1.0601071119308472
-0.5845489501953125
-1.0188883543014526
-1.1028463840484619
-0.59791117906570435
-2.5214812755584717
-0.062913767993450165
1.4089246988296509
-0.37069103121757507
-1.3802914619445801
-1.2944011688232422
-1.1943564414978027
-0.55035197734832764
0.2755800187587738
1.2802643775939941
-0.064679704606533051
-0.92334920167922974
0.2790464460849762
0.19736219942569733
-0.68605482578277588
0.11740501970052719
0.57537221908569336
0.48236769437789917
-0.42643186450004578
0.073400355875492096
1.6007034778594971
0.18614436686038971
-1.0330029726028442
0.36861670017242432
0.36430442333221436
0.21746334433555603
0.78530752658843994
1.936740517616272
1.2247937917709351
-0.9682350754737854
-1.2389378547668457
0.35805001854896545
0.60415154695510864
1.3653697967529297
2.5155453681945801
2.2940514087677002
-0.18257047235965729
-1.6472527980804443
-0.79628628492355347
0.70734453201293945
1.6523261070251465
2.7907264232635498
3.2549371719360352
1.0655299425125122
-1.4820163249969482
-1.3790435791015625
-0.23100857436656952
0.85329824686050415
2.9054956436157227
4.5105686187744141
3.3547124862670898
0.063221514225006104
-1.2231752872467041
-0.22835651040077209
0.36290279030799866
0.25994646549224854
2.2232732772827148
3.5625
1.4478391408920288
-0.86266940832138062
-1.0395075082778931
-0.75515925884246826
-0.92314773797988892
-0.3246205747127533
0.10641920566558838
0.19324721395969391
-1.7848306894302368
-2.8181869983673096
-2.3656713962554932
-2.3181107044219971
-2.2270290851593018
-5.3126635551452637
-8.4696435928344727
-5.5307860374450684
-0.64032697677612305
-1.2308542728424072
-2.6539721488952637
-1.3885422945022583
-0.057862721383571625
-5.2497129440307617
-3.5975136756896973
0.83967012166976929
-0.12285321205854416
-5.3621916770935059
-4.3753728866577148
-0.29468142986297607
0.92709779739379883
-0.9981691837310791
0.7658156156539917
1.6639370918273926
-5.3124270439147949
-8.4860000610351562
-2.5865802764892578
1.9046401977539062
1.5423629283905029
1.7447009086608887
1.1370574235916138
-3.3194105625152588
-8.5786724090576172
-6.1433620452880859
0.79280751943588257
2.6260824203491211
1.2258409261703491
1.277219295501709
-1.4679548740386963
-6.8601150512695312
-6.7047781944274902
-0.23500169813632965
3.4605526924133301
2.5399231910705566
1.3673206567764282
0.15326905250549316
-4.6728157997131348
-7.0722169876098633
-2.0584442615509033
3.3634042739868164
3.5328695774078369
2.1279401779174805
1.1369763612747192
-1.6840015649795532
-6.200502872467041
-5.5544543266296387
-0.60125511884689331
0.1660730242729187
-1.398973822593689
-2.2700603008270264
-3.6443908214569092
-5.0216789245605469
-7.4496994018554688
-4.5303525924682617
-2.5584785938262939
-4.3493428230285645
-5.9446887969970703
-6.9572291374206543
-7.5431933403015137
-1.3918130397796631
-1.9703676700592041
-0.50123786926269531
-0.12451270967721939
-0.3629615306854248
0.40340045094490051
0.98956513404846191
0.55464154481887817
-1.5926697254180908
-1.1482784748077393
0.16806422173976898
1.0835866928100586
-0.69863837957382202
-0.91606491804122925
0.10130247473716736
0.38900169730186462
0.53650772571563721
1.1364843845367432
0.64710032939910889
-0.33559742569923401
-0.9378732442855835
-1.2931394577026367
-0.27470722794532776
-0.019578110426664352
1.1465741395950317
1.2494664192199707
0.056436315178871155
-0.68738937377929688
-0.88736957311630249
-0.35471454262733459
-0.24377098679542542
-0.30153456330299377
0.76620942354202271
0.27792584896087646
-0.65844863653182983
-0.51160192489624023
-0.332163006067276
-0.12827695906162262
-0.43780958652496338
-0.38175204396247864
0.85935872793197632
0.44088813662528992
0.60325002670288086
0.73845821619033813
1.3647019863128662
1.4091697931289673
1.5290188789367676
2.1193726062774658
0.76891869306564331
1.8617995977401733
3.8071680068969727
5.0193438529968262
4.812809944152832
4.5741763114929199
4.3420910835266113
4.4369616508483887
-1.2620557546615601
-1.306878924369812
0.42874568700790405
2.5316092967987061
2.5667514801025391
2.0572347640991211
1.4138189554214478
0.36930572986602783
-0.9672161340713501
0.52136820554733276
-0.030856557190418243
-3.374281644821167
-1.1509798765182495
4.3481183052062988
3.6647367477416992
0.67139595746994019
0.22692784667015076
0.025951780378818512
-1.6652758121490479
-1.7099291086196899
2.2152633666992188
4.4757652282714844
2.2322483062744141
0.088004529476165771
0.074457868933677673
-1.9421536922454834
-2.8511881828308105
0.12967692315578461
4.0233287811279297
2.7452120780944824
0.31042477488517761
-0.29357185959815979
-1.8109019994735718
-3.9018948078155518
-1.9240727424621582
3.479881763458252
4.2967681884765625
1.4438600540161133
-0.34081339836120605
-0.44799649715423584
-3.2977080345153809
-3.784787654876709
0.67780441045761108
4.2678403854370117
2.2798149585723877
-0.46978065371513367
-1.3320090770721436
-1.3603373765945435
-3.7555751800537109
-3.0105981826782227
1.8570202589035034
2.5382242202758789
0.11766400933265686
-1.3338642120361328
-1.5530880689620972
-1.3620471954345703
-2.9899435043334961
-1.486716628074646
1.4881448745727539
0.82027679681777954
-1.1920236349105835
-1.5429536104202271
-1.508161187171936
-0.96268713474273682
-1.6411393880844116
-0.64543777704238892
0.84267842769622803
0.18918497860431671
-0.99448186159133911
-0.90994405746459961
-0.63786375522613525
-0.53023010492324829
-4.9354734420776367
-3.5797820091247559
-3.4855720996856689
-2.2538721561431885
2.2710342407226562
3.8230400085449219
1.8790421485900879
0.40818339586257935
-4.9765024185180664
-4.2838811874389648
-3.6319100856781006
-2.5007407665252686
0.54657948017120361
2.9746921062469482
2.0526013374328613
0.42528811097145081
-4.0704798698425293
-4.057492733001709
-2.5935077667236328
-1.4980247020721436
-0.072819076478481293
1.057974100112915
1.2210029363632202
0.31818190217018127
-2.7942447662353516
-2.725827693939209
-1.0680592060089111
-0.41466838121414185
0.16689515113830566
0.4817008376121521
0.27496299147605896
0.28321978449821472
-2.3201072216033936
-1.0952579975128174
-0.094139181077480316
0.35926854610443115
0.097675472497940063
-0.31618651747703552
-0.28530591726303101
-0.22117340564727783
-2.5370090007781982
-0.20417937636375427
1.2466392517089844
0.92138487100601196
0.13687248528003693
-0.50881403684616089
-0.32606992125511169
0.05131160095334053
-3.4582269191741943
0.34019693732261658
2.413975715637207
1.8928974866867065
0.91892731189727783
0.41218620538711548
-0.044871266931295395
0.079738669097423553
-6.4584989547729492
-3.3308022022247314
-0.3032582700252533
-0.051718428730964661
-0.86690646409988403
-1.6497586965560913
-2.540452241897583
-2.7497375011444092
2.6258277893066406
1.7038238048553467
-2.0451433658599854
-3.6185779571533203
-1.7498883008956909
0.94098669290542603
0.59319150447845459
-0.40417763590812683
0.51490604877471924
-3.0598797798156738
-4.032010555267334
0.02379782497882843
3.4263339042663574
2.7785487174987793
0.35571414232254028
-0.62489038705825806
-2.2972712516784668
-3.6721839904785156
-0.04695853590965271
4.1502685546875
3.8820300102233887
1.1675240993499756
-0.68776309490203857
-0.5005459189414978
-3.3357701301574707
-1.6971505880355835
2.5251317024230957
4.0938873291015625
1.4718927145004272
-0.60785496234893799
-0.62179791927337646
-0.18778914213180542
-2.6860449314117432
0.39771127700805664
2.7875444889068604
1.0399148464202881
-1.2375346422195435
-2.0799860954284668
-1.6296133995056152
-1.7497560977935791
-0.85781610012054443
1.3638228178024292
0.86894267797470093
-1.9990791082382202
-3.4525363445281982
-2.9980909824371338
-2.8259897232055664
-2.6842482089996338
1.5297824144363403
2.4271636009216309
1.0168871879577637
-0.12705773115158081
-0.1070171594619751
0.15947763621807098
0.3994966447353363
1.2875304222106934
2.6371786594390869
2.2039291858673096
1.7385931015014648
1.4860224723815918
1.5325318574905396
1.9437897205352783
2.33064866065979
2.3936655521392822
0.314583420753479
-0.47518512606620789
-0.44992524385452271
0.08668942004442215
-0.22314742207527161
-0.78810864686965942
-0.63650578260421753
-0.17625813186168671
-1.4272730350494385
-1.1903172731399536
-0.0020987354218959808
0.72883445024490356
0.37592130899429321
-0.10872451961040497
-0.20475982129573822
-0.047886773943901062
-0.14643651247024536
0.88537979125976562
0.47556596994400024
-0.1855156421661377
-0.46712577342987061
-0.2655538022518158
-0.10927058011293411
-0.1304277777671814
-0.030332222580909729
0.034808944910764694
-0.54145544767379761
-0.63898509740829468
-0.2799375057220459
-0.19759969413280487
-0.2642214298248291
-0.20244570076465607
-0.099128559231758118
-0.31981921195983887
-0.68174487352371216
-0.54703092575073242
-0.3592674732208252
-0.3039105236530304
-0.54618537425994873
-0.26083916425704956
0.16346922516822815
0.29420635104179382
0.26554659008979797
0.23652760684490204
-0.030368035659193993
-0.23266637325286865
-0.094440795481204987
0.43702083826065063
0.27217203378677368
1.622004508972168
3.2145876884460449
4.1736111640930176
3.4323439598083496
2.966397762298584
3.1319727897644043
3.5521116256713867
0.24115443229675293
1.5081965923309326
3.0180437564849854
4.3637237548828125
4.87933349609375
4.9775896072387695
4.4235653877258301
3.4971990585327148
