0
0
0
0
0
0.0024124609772115946
-0.035269737243652344
-0.034528043121099472
-0.079554632306098938
-0.024915356189012527
-0.11598850786685944
-0.17990128695964813
-0.2395622730255127
-0.21950197219848633
-0.10780543088912964
0.050793211907148361
0.084439165890216827
0.022830603644251823
0
0
0
0
0
0
0
0
0
0
0.0024124609772115946
-0.047441884875297546
-0.13877828419208527
-0.32447609305381775
-0.44904881715774536
-0.8175729513168335
-1.2211390733718872
-1.315360426902771
-1.407758355140686
-1.3594828844070435
-1.0066587924957275
-0.48399758338928223
-0.16780535876750946
0.06470470130443573
0
0
0
0
0
0
0
0
0
0.00074229569872841239
-0.039010606706142426
-0.18614807724952698
-0.41592583060264587
-0.62190306186676025
-0.82897263765335083
-1.1991660594940186
-1.348732590675354
-1.4252219200134277
-1.4549388885498047
-1.4293010234832764
-1.3143093585968018
-0.95682895183563232
-0.52750402688980103
-0.060826897621154785
0
0
0
0
0
0
0
0
0
-0.010843314230442047
-0.16521303355693817
-0.34716686606407166
-0.45550903677940369
-0.4946790337562561
-0.6569097638130188
-0.3993549644947052
-0.11479191482067108
0.093204833567142487
0.18899783492088318
0.024180717766284943
-0.30118820071220398
-0.67783486843109131
-0.64477533102035522
-0.30605220794677734
0
0
0
0
0
0
0
0
0
-0.048176489770412445
-0.18139837682247162
-0.21752519905567169
-0.1920381486415863
-0.17223428189754486
-0.041415814310312271
0.53712308406829834
1.0405905246734619
1.2253080606460571
1.0141603946685791
0.69591057300567627
0.34289562702178955
-0.20557527244091034
-0.41991207003593445
-0.262043297290802
0
0
0
0
0
0
0
0
0
-0.021300476044416428
0.040088273584842682
0.16752812266349792
0.37265011668205261
0.51153016090393066
0.50843048095703125
0.71708172559738159
0.83254510164260864
0.76627945899963379
0.51283973455429077
0.43108949065208435
0.14473596215248108
-0.097931846976280212
-0.20108100771903992
-0.076300844550132751
0
0
0
0
0
0
0
0
0
0.072130344808101654
0.35171765089035034
0.63346183300018311
0.85350579023361206
0.95591616630554199
0.7887846827507019
0.50963497161865234
0.14123697578907013
-0.083617500960826874
-0.049519557505846024
-0.072992846369743347
-0.32398697733879089
-0.18007601797580719
-0.22949735820293427
0.0096945818513631821
0
0
0
0
0
0
0
0
0
0.054509133100509644
0.24788881838321686
0.41297829151153564
0.49995431303977966
0.65661656856536865
0.58896201848983765
0.12083882093429565
-0.1744188517332077
-0.21248126029968262
-0.089686974883079529
-0.14868831634521484
-0.11692903935909271
-0.065612427890300751
-0.095756195485591888
0.034093711525201797
0
0
0
0
0
0
0
0
0
0
0.021945234388113022
0.035281352698802948
0.036225177347660065
0.062212485820055008
-0.022430038079619408
-0.2015099972486496
-0.22516036033630371
-0.092014342546463013
-0.11125472187995911
-0.16027368605136871
0.034415826201438904
0.10497590154409409
0.20761902630329132
0.068113513290882111
0
0
0
0
0
0
0
0
0
0
0
0
0.00035687294439412653
-0.038891088217496872
-0.1291910856962204
-0.20882672071456909
-0.16122958064079285
-0.024305285885930061
-0.019653528928756714
0.030200887471437454
0.11192270368337631
0.2708602249622345
0.21272093057632446
0.010937039740383625
0
0
0
0
0
0
0
0
0
0
0
0
-0.002915144432336092
-0.17089809477329254
-0.27647069096565247
-0.28703898191452026
-0.10351723432540894
-0.15303865075111389
0.10978799313306808
0.20325058698654175
0.32346236705780029
0.28262192010879517
0.068903349339962006
0
0
0
0
0
0
0
0
0
0
0
0
0.0011134435189887881
-0.06224234402179718
-0.16518531739711761
-0.26560157537460327
-0.15916182100772858
-0.10599677264690399
-0.2090703547000885
0.026186332106590271
0.18174088001251221
0.38734084367752075
0.15392068028450012
0
0
0
0
0
0
0
0
0
0
0
0
0.0002712234272621572
-0.016434876248240471
-0.17984263598918915
-0.20065169036388397
-0.1803625226020813
-0.032584577798843384
-0.085862904787063599
0.07954629510641098
0.12381540983915329
0.20759916305541992
0.18138763308525085
0.013124448247253895
0
0
0
0
0
0
0
0
0
0
0
0
-0.0024507606867700815
-0.10021422803401947
-0.19710351526737213
-0.21166817843914032
-0.068950273096561432
-0.057722028344869614
-0.10673635452985764
0.087141901254653931
0.16111361980438232
0.24391469359397888
0.038279641419649124
0
0
0
0
0
0
0
0
0
0
0
0
0
-0.03837614506483078
-0.18774092197418213
-0.20295311510562897
-0.18040002882480621
-0.045809559524059296
-0.11797311902046204
0.036671537905931473
0.0050360755994915962
0.17563983798027039
0.15063956379890442
0
0
0
0
0
0
0
0
0
0
0
0
0
0
-0.12327785044908524
-0.21241194009780884
-0.2477349191904068
-0.15923978388309479
-0.11952772736549377
0.023372402414679527
0.19914563000202179
0.24441622197628021
0.181977778673172
0.034651301801204681
0.019843930378556252
0.016105428338050842
0.0033475146628916264
0.0028631964232772589
0.0099350884556770325
0.015564633533358574
0.034778155386447906
0.069406375288963318
0.1536632776260376
0.16301991045475006
0
0
0
0
-0.12392721325159073
-0.12728209793567657
-0.13750861585140228
-0.044769160449504852
-0.14487121999263763
0.11635319888591766
0.26723706722259521
0.58747684955596924
0.3655814528465271
0.22382323443889618
0.2235073447227478
0.21007968485355377
0.14885564148426056
0.13473476469516754
0.12852390110492706
0.15471591055393219
0.070436522364616394
-0.002180266659706831
-0.078178562223911285
-0.048554122447967529
0
0
0
0
0.0087166335433721542
0.058400560170412064
0.042492248117923737
0.014675348997116089
-0.37003928422927856
-0.33870387077331543
-0.42716771364212036
-0.30839318037033081
-0.42604494094848633
-0.40650355815887451
-0.33835464715957642
-0.29290366172790527
-0.2117883712053299
-0.27692976593971252
-0.45063421130180359
-0.67254936695098877
-0.78069525957107544
-0.95096200704574585
-1.0607457160949707
-0.95426851511001587
0
0
0
0
0.10392968356609344
0.16149988770484924
0.16049259901046753
-0.042236447334289551
-0.76181936264038086
-1.0713958740234375
-1.5260815620422363
-1.7597074508666992
-1.7166935205459595
-1.5901892185211182
-1.4507173299789429
-1.4126143455505371
-1.3374588489532471
-1.4438543319702148
-1.5518645048141479
-1.6415891647338867
-1.6127923727035522
-1.5442428588867188
-1.4778667688369751
-1.2498403787612915
0
0
0
0
0.18728414177894592
0.27755787968635559
0.389688640832901
0.36992302536964417
-0.055605519562959671
-0.48758101463317871
-0.84837013483047485
-1.1523752212524414
-1.3072085380554199
-1.4392440319061279
-1.5638550519943237
-1.502772331237793
-1.3458880186080933
-1.1207561492919922
-0.877341628074646
-0.67087757587432861
-0.35574284195899963
-0.021622426807880402
0.11156626045703888
0.1632467657327652
0
0
0
0
0.25537359714508057
0.49661159515380859
0.72173941135406494
1.1133904457092285
1.2288918495178223
0.97151833772659302
0.87431108951568604
0.76461845636367798
0.58476841449737549
0.38425886631011963
0.2693411111831665
0.30763006210327148
0.44496980309486389
0.81985771656036377
1.1285924911499023
1.3144098520278931
1.4434883594512939
1.4442205429077148
1.2632001638412476
1.0266450643539429
0
0
0
0
0.12317648530006409
0.35973560810089111
0.61060690879821777
1.000240683555603
1.3587443828582764
1.4317473173141479
1.4924911260604858
1.562585711479187
1.6302827596664429
1.6074764728546143
1.5160125494003296
1.4425977468490601
1.3442409038543701
1.2948571443557739
1.2311302423477173
1.1117489337921143
1.0188111066818237
0.93280488252639771
0.73510909080505371
0.48821946978569031
0
0
0
0
0
0.083533473312854767
0.17286647856235504
0.26457563042640686
0.44441348314285278
0.61137282848358154
0.7096933126449585
0.80504250526428223
0.93415248394012451
1.0416473150253296
1.0428941249847412
0.94648212194442749
0.71829158067703247
0.47470748424530029
0.34869551658630371
0.19571492075920105
0.044841863214969635
0
0
0
0
0
0
0
0
0
0
0
0
0
0
0
0
0
0
0
0
0
0
0
0
0
0
0
0
0
0
0
0
-0.12908418476581573
-0.58973288536071777
-1.165995717048645
-1.6863381862640381
-1.9826867580413818
-2.0223219394683838
-1.9981496334075928
-1.7991089820861816
-1.2792568206787109
-0.64798653125762939
-0.20203876495361328
0.12426313757896423
0.014003886841237545
0
0
0
0
0
0
0
0
0
0
-0.12908418476581573
-0.65002012252807617
-1.4085539579391479
-2.0353238582611084
-2.229072093963623
-2.0230062007904053
-1.7280985116958618
-1.614905834197998
-1.5974524021148682
-1.3740221261978149
-0.86819535493850708
-0.32400369644165039
0.14440593123435974
0.077429197728633881
0
0
0
0
0
0
0
0
0
-0.039718210697174072
-0.46458622813224792
-1.2245985269546509
-1.7714536190032959
-1.8105915784835815
-1.0920858383178711
-0.17482934892177582
0.51492339372634888
0.25530266761779785
-0.32420352101325989
-0.74323838949203491
-0.72281521558761597
-0.18897217512130737
0.25443649291992188
0.17078489065170288
0
0
0
0
0
0
0
0
0
-0.11796323955059052
-0.70314127206802368
-1.2778390645980835
-1.1052229404449463
-0.35353270173072815
1.0417081117630005
2.1235079765319824
2.3251066207885742
1.6788629293441772
0.74091029167175293
-0.17390261590480804
-0.41068965196609497
0.15043658018112183
0.47909247875213623
0.24416474997997284
0
0
0
0
0
0
0
0
0
-0.098320633172988892
-0.32889577746391296
-0.086007699370384216
0.58731824159622192
1.3831093311309814
2.4071228504180908
2.5224456787109375
1.900356650352478
1.0912517309188843
0.39062127470970154
-0.1646074503660202
0.050814658403396606
0.42690569162368774
0.59956246614456177
0.28076416254043579
0
0
0
0
0
0
0
0
0
0.028392486274242401
0.41197401285171509
1.0538387298583984
1.5962893962860107
1.9414548873901367
1.9288243055343628
1.4350841045379639
0.50046807527542114
-0.29445242881774902
-0.44304156303405762
-0.15933267772197723
0.4483223557472229
0.73821818828582764
0.73967772722244263
0.1800982803106308
0
0
0
0
0
0
0
0
0
0.13183090090751648
0.71202147006988525
1.3188107013702393
1.5105551481246948
1.2701374292373657
0.83894222974777222
-0.0059117823839187622
-1.0822968482971191
-1.2005736827850342
-0.75488567352294922
0.16961592435836792
0.96867525577545166
1.0557752847671509
0.69097155332565308
0.060282289981842041
0
0
0
0
0
0
0
0
0
0.098105452954769135
0.44721746444702148
0.75861692428588867
0.77060306072235107
0.60336709022521973
0.042507275938987732
-0.83915543556213379
-1.2240579128265381
-0.99811249971389771
-0.11781954765319824
0.95975667238235474
1.3422448635101318
1.0729525089263916
0.43337556719779968
0.042632311582565308
0
0
0
0
0
0
0
0
0
0
0.039496999233961105
0.063603200018405914
0.063457667827606201
-0.073178380727767944
-0.61485743522644043
-1.2957403659820557
-1.3004789352416992
-0.48271998763084412
0.77250379323959351
1.6768444776535034
1.4612259864807129
0.90138447284698486
0.21581718325614929
-0.016416415572166443
0
0
0
0
0
0
0
0
0
0
0
0
-0.019095294177532196
-0.41806405782699585
-1.0841530561447144
-1.3400896787643433
-0.91863167285919189
0.40105035901069641
1.5188277959823608
1.7813675403594971
1.1761441230773926
0.51158100366592407
-0.0071447715163230896
-0.0039708083495497704
0
0
0
0
0
0
0
0
0
0
0
0
-0.17967210710048676
-0.84012138843536377
-1.4053936004638672
-1.2155776023864746
-0.16403870284557343
1.2299998998641968
1.7169438600540161
1.4314330816268921
0.70135009288787842
0.12986987829208374
-0.025016091763973236
0
0
0
0
0
0
0
0
0
0
0
0
-0.059577316045761108
-0.54190462827682495
-1.1700737476348877
-1.2687052488327026
-0.71830558776855469
0.62657618522644043
1.6302379369735718
1.5870897769927979
0.98275011777877808
0.2564179003238678
-0.04590703547000885
0
0
0
0
0
0
0
0
0
0
0
0
-0.014512423425912857
-0.27122804522514343
-0.94632840156555176
-1.2421729564666748
-0.90249216556549072
0.14085675776004791
1.2976490259170532
1.4935954809188843
1.1825263500213623
0.45509263873100281
-0.01550215482711792
-0.004764969926327467
0
0
0
0
0
0
0
0
0
0
0
0
-0.12396318465471268
-0.67277169227600098
-1.2445043325424194
-1.1413191556930542
-0.44471287727355957
0.84687644243240356
1.5968594551086426
1.3325002193450928
0.76678049564361572
0.091828614473342896
-0.013897829689085484
0
0
0
0
0
0
0
0
0
0
0
0
0
-0.34577149152755737
-1.0308628082275391
-1.2188968658447266
-0.82463818788528442
0.44415014982223511
1.4845952987670898
1.577918529510498
1.0452216863632202
0.36735829710960388
-0.044715791940689087
0
0
0
0
0
0
0
0
0
0
0
0
0
0
-0.4830019474029541
-0.97964739799499512
-0.91950106620788574
-0.45866009593009949
0.93319302797317505
1.3901680707931519
1.247516393661499
0.50016593933105469
-0.0046074194833636284
-0.063092790544033051
-0.029935736209154129
-0.020598016679286957
-0.052376840263605118
-0.098911270499229431
-0.22999176383018494
-0.42750680446624756
-0.6344294548034668
-0.77858543395996094
-0.61649930477142334
-0.38953539729118347
0
0
0
0
-0.38438430428504944
-0.59110033512115479
-0.55570220947265625
-0.39114069938659668
0.46633002161979675
0.097146868705749512
-0.26089060306549072
-1.0220929384231567
-1.259021520614624
-1.0358061790466309
-0.86345922946929932
-0.81704628467559814
-1.0267636775970459
-1.2495219707489014
-1.5184376239776611
-1.6361815929412842
-1.7359557151794434
-1.813200831413269
-1.4767940044403076
-0.97696179151535034
0
0
0
0
-0.084251821041107178
-0.082301527261734009
-0.15038910508155823
-0.50723725557327271
-0.50831115245819092
-1.0505530834197998
-1.5222686529159546
-2.0874745845794678
-1.9789810180664062
-1.8259294033050537
-1.7565951347351074
-1.8066391944885254
-1.991329550743103
-2.0885889530181885
-2.1527690887451172
-2.0234429836273193
-1.8339344263076782
-1.5901466608047485
-1.0932995080947876
-0.58506947755813599
0
0
0
0
0.27807307243347168
0.54468256235122681
0.64585435390472412
0.23674505949020386
-0.22376090288162231
-0.633750319480896
-1.1720752716064453
-1.524482250213623
-1.7315685749053955
-1.7678365707397461
-1.5811086893081665
-1.4033306837081909
-1.2134515047073364
-1.0231620073318481
-0.66712653636932373
-0.13348633050918579
0.12338283658027649
0.29067802429199219
0.47385275363922119
0.4307500422000885
0
0
0
0
0.49127182364463806
1.0365581512451172
1.3753584623336792
1.4731932878494263
1.3555879592895508
1.1441031694412231
0.7015378475189209
0.60410404205322266
0.42049452662467957
0.31278884410858154
0.45496463775634766
0.6361243724822998
0.91789251565933228
1.1236759424209595
1.4578461647033691
1.8166903257369995
1.9766254425048828
2.0653932094573975
1.7168536186218262
1.1670070886611938
0
0
0
0
0.46416494250297546
1.1052606105804443
1.6402910947799683
2.0892534255981445
2.2161805629730225
2.3676788806915283
2.348487377166748
2.3473963737487793
2.2659375667572021
2.1925275325775146
2.1618437767028809
2.1496598720550537
2.2830309867858887
2.3641188144683838
2.42067551612854
2.2915658950805664
2.0543005466461182
1.8962188959121704
1.6186180114746094
1.0576622486114502
0
0
0
0
0.22169283032417297
0.65111613273620605
1.1633442640304565
1.556541919708252
1.6329377889633179
1.7509598731994629
1.895596981048584
2.0543477535247803
2.1225347518920898
2.112924337387085
2.0173308849334717
1.9101488590240479
1.7785294055938721
1.5058830976486206
1.3565933704376221
1.1938483715057373
0.93159741163253784
0.72540664672851562
0.48621800541877747
0.30191221833229065
0
0
0
0
0
0.15034341812133789
0.31152021884918213
0.46974080801010132
0.62126058340072632
0.63533920049667358
0.8006126880645752
0.97001588344573975
1.1347067356109619
1.0997464656829834
0.89586132764816284
0.72792422771453857
0.46181854605674744
0.30156987905502319
0.15509627759456635
0.0015728771686553955
-0.016280313953757286
0
0
0
0
0
0
0
0
0
0
0
0
0
0
0
0
0
0
0
0
0
0
0
0
0
0
0
0
0
0
0
0
-0.063976459205150604
-0.075225375592708588
-0.081863701343536377
0.20797982811927795
0.6687888503074646
0.90423256158828735
0.96213585138320923
0.91580367088317871
0.76699525117874146
0.61781036853790283
0.52322185039520264
0.23109047114849091
0.025767592713236809
0
0
0
0
0
0
0
0
0
0
-0.063976459205150604
-0.033175908029079437
0.15743902325630188
0.69673639535903931
1.371782660484314
1.7626643180847168
2.0713503360748291
2.0677065849304199
1.77744460105896
1.3841664791107178
1.1257719993591309
0.83144223690032959
0.47546938061714172
0.10976322740316391
0
0
0
0
0
0
0
0
0
-0.019685063511133194
0.017447836697101593
0.26228001713752747
0.77136248350143433
1.7099243402481079
2.2312698364257812
2.4694364070892334
2.2793982028961182
2.0284852981567383
1.8639799356460571
1.5211002826690674
1.2455730438232422
1.0692899227142334
0.67264360189437866
0.16533257067203522
0
0
0
0
0
0
0
0
0
0.012107040733098984
0.24640935659408569
0.68707305192947388
1.3983141183853149
1.9509880542755127
2.1834163665771484
1.6867194175720215
1.1830861568450928
1.1807769536972046
1.4275997877120972
1.7040072679519653
1.7353024482727051
1.4231877326965332
0.71738028526306152
0.17092455923557281
0
0
0
0
0
0
0
0
0
0.099250718951225281
0.52300697565078735
1.1627490520477295
1.4908901453018188
1.4533098936080933
1.1269910335540771
0.72384011745452881
0.56605112552642822
0.66711521148681641
1.0985872745513916
1.6819502115249634
1.7611743211746216
1.4525545835494995
0.77326083183288574
0.16677144169807434
0
0
0
0
0
0
0
0
0
0.059774354100227356
0.36050510406494141
0.75056087970733643
0.81128984689712524
0.69528722763061523
0.52944201231002808
0.36405825614929199
0.30107203125953674
0.69829636812210083
1.3968658447265625
1.8539887666702271
1.8536123037338257
1.4046123027801514
0.70246630907058716
0.1179652214050293
0
0
0
0
0
0
0
0
0
0.0077723460271954536
0.08855053037405014
0.1889987587928772
0.21142254769802094
0.19599340856075287
0.24036359786987305
0.15042123198509216
0.3808235228061676
0.88830858469009399
1.7335457801818848
1.9472575187683105
1.684117317199707
1.0986993312835693
0.48617586493492126
0.13615082204341888
0
0
0
0
0
0
0
0
0
0.0043429094366729259
0.0032555940560996532
-0.01163804717361927
-0.0072361147031188011
0.11482147127389908
0.23267668485641479
0.35776910185813904
0.62370550632476807
1.3635654449462891
1.8935260772705078
1.943123459815979
1.4347639083862305
0.76806765794754028
0.3223036527633667
0.03506343811750412
0
0
0
0
0
0
0
0
0
0
0.0017484439304098487
-0.0041579580865800381
-0.0032794242724776268
-0.060482054948806763
0.015682227909564972
0.32733461260795593
1.1347019672393799
1.8824831247329712
2.0107693672180176
1.638522744178772
0.92275118827819824
0.48393604159355164
0.19068969786167145
0.043622322380542755
0
0
0
0
0
0
0
0
0
0
0
0
-0.009463973343372345
0.040478795766830444
0.26005882024765015
0.75441169738769531
1.6237342357635498
1.9497369527816772
1.7748473882675171
1.0782548189163208
0.57191002368927002
0.29891934990882874
0.12494957447052002
0.0071822572499513626
0
0
0
0
0
0
0
0
0
0
0
0
-0.055120013654232025
0.1601070761680603
0.56207692623138428
1.3935623168945312
1.8956736326217651
1.8892399072647095
1.3734807968139648
0.72252899408340454
0.35237956047058105
0.14456525444984436
0.045248217880725861
0
0
0
0
0
0
0
0
0
0
0
0
-0.02952759712934494
0.048561938107013702
0.36759048700332642
1.0644166469573975
1.8428266048431396
1.9632723331451416
1.5670299530029297
0.84172439575195312
0.45962327718734741
0.19634450972080231
0.09974968433380127
0
0
0
0
0
0
0
0
0
0
0
0
-0.0071926196105778217
-0.021864194422960281
0.2302042543888092
0.71205174922943115
1.5246683359146118
1.8765271902084351
1.8429323434829712
1.258601188659668
0.66485416889190674
0.27609887719154358
0.10592006891965866
0.0086187086999416351
0
0
0
0
0
0
0
0
0
0
0
0
-0.035652562975883484
0.082328058779239655
0.43730136752128601
1.233517050743103
1.8950403928756714
1.9646888971328735
1.5071195363998413
0.87272864580154419
0.40451127290725708
0.1412261426448822
0.025137899443507195
0
0
0
0
0
0
0
0
0
0
0
0
0
0.026374198496341705
0.30854666233062744
0.79220187664031982
1.662738561630249
2.0007727146148682
1.8576321601867676
1.1313580274581909
0.54936736822128296
0.2763480544090271
0.097595006227493286
0
0
0
0
0
0
0
0
0
0
0
0
0
0
0.20240664482116699
0.62760037183761597
1.1781860589981079
1.6977357864379883
1.8193600177764893
1.4515807628631592
0.83952802419662476
0.38176512718200684
0.11966572701931
0.031575080007314682
0.031470529735088348
0.012229581363499165
-0.014500104822218418
-0.028785048052668571
-0.060246463865041733
-0.10455653071403503
-0.1509169340133667
-0.028118006885051727
0.12207142263650894
0.18546299636363983
0
0
0
0
0.29436445236206055
0.84390318393707275
1.3258019685745239
1.6082804203033447
1.5448383092880249
1.0223665237426758
0.70206373929977417
0.38250929117202759
0.31340372562408447
0.24236533045768738
0.27331915497779846
0.16048321127891541
0.027419328689575195
0.01410338282585144
0.23833784461021423
0.44690653681755066
0.59090346097946167
0.70201021432876587
0.65828961133956909
0.61249840259552002
0
0
0
0
0.33602893352508545
0.92503732442855835
1.3661971092224121
1.7750277519226074
1.8898974657058716
1.776310920715332
1.5757739543914795
1.3640146255493164
1.1560969352722168
1.020809531211853
0.89904946088790894
0.88658052682876587
0.97223770618438721
1.1177760362625122
1.3227623701095581
1.5369008779525757
1.7160327434539795
1.8257530927658081
1.6894900798797607
1.2113958597183228
0
0
0
0
0.34961739182472229
0.95724278688430786
1.4842900037765503
1.8866021633148193
2.3276703357696533
2.4124283790588379
2.2292649745941162
2.0544939041137695
1.9729082584381104
1.9956601858139038
2.0105023384094238
2.1140396595001221
2.1349339485168457
2.1547951698303223
2.2507853507995605
2.2620329856872559
2.0478537082672119
1.9148931503295898
1.5919444561004639
1.0901229381561279
0
0
0
0
0.15726360678672791
0.6294478178024292
1.0645817518234253
1.487313985824585
1.9157751798629761
2.047565221786499
2.1176106929779053
2.096947193145752
2.2143988609313965
2.1803948879241943
2.0533695220947266
1.8891574144363403
1.7425867319107056
1.5972944498062134
1.4916008710861206
1.26951003074646
1.0785270929336548
0.95263528823852539
0.89233201742172241
0.63425064086914062
0
0
0
0
0.024923501536250114
0.17617052793502808
0.38449171185493469
0.65299195051193237
0.85363197326660156
0.96386134624481201
1.0856531858444214
1.2426912784576416
1.3484776020050049
1.3514748811721802
1.283661961555481
1.1178280115127563
0.91082155704498291
0.67069685459136963
0.53373903036117554
0.51854616403579712
0.390053391456604
0.32017910480499268
0.27201059460639954
0.25044992566108704
0
0
0
0
0.0098138470202684402
-0.0073506874032318592
0.046585995703935623
0.093848735094070435
0.28491398692131042
0.31032311916351318
0.33916819095611572
0.39309251308441162
0.41831281781196594
0.43556797504425049
0.35014668107032776
0.3235684335231781
0.2743552029132843
0.24138897657394409
0.22107917070388794
0.17803958058357239
0.19271466135978699
0.2132049947977066
0.19442065060138702
0.13462172448635101
0
0
0
0
0
0.0066553670912981033
-0.012754098512232304
-0.01463769469410181
0.0093151023611426353
0.09750782698392868
0.098830170929431915
0.083929546177387238
0.091900736093521118
0.13494998216629028
0.21198470890522003
0.21819615364074707
0.19392582774162292
0.128403440117836
0.11299128830432892
0.09667978435754776
0.029447253793478012
0
0
0
0
0
0
0
0
0
0
0
0
0
0
0
0
0
0
0
0
0
0
0
0
0
0
0
0
0
0
0
0
0.089111782610416412
0.078604057431221008
0.10847005248069763
0.17164918780326843
-0.053973644971847534
-0.11323872208595276
-0.11671631038188934
-0.084153108298778534
-0.10081860423088074
-0.016764296218752861
-0.17707225680351257
-0.18388763070106506
-0.03323834016919136
0
0
0
0
0
0
0
0
0
0
0.089111782610416412
0.078630626201629639
-0.088546395301818848
-0.075141310691833496
-0.19997455179691315
-0.20878252387046814
-0.12931734323501587
0.1969255805015564
0.40123414993286133
0.40477430820465088
0.21272532641887665
-0.055083803832530975
-0.20099411904811859
-0.1173044741153717
0
0
0
0
0
0
0
0
0
0.027419010177254677
0.11502746492624283
-0.23995749652385712
-0.43656304478645325
-0.19555073976516724
0.073861002922058105
-0.054376639425754547
0.023745359852910042
0.46387583017349243
0.33029428124427795
0.53837347030639648
0.48591804504394531
0.014983750879764557
-0.28704440593719482
-0.099532783031463623
0
0
0
0
0
0
0
0
0
0.04062730073928833
-0.16940127313137054
-0.60759782791137695
-0.13495369255542755
0.3715285062789917
0.40896707773208618
0.38516467809677124
0.55066776275634766
0.19776137173175812
0.14367854595184326
0.58512580394744873
0.5452691912651062
-4.3556094169616699e-05
-0.26641657948493958
-0.075223609805107117
0
0
0
0
0
0
0
0
0
-0.078655242919921875
-0.58744609355926514
-0.38392156362533569
0.32404384016990662
0.96745938062667847
0.82091617584228516
0.53472155332565308
0.18939009308815002
-0.24338974058628082
-0.098018944263458252
0.43698105216026306
0.80729639530181885
0.13597093522548676
-0.2679961621761322
-0.17538395524024963
0
0
0
0
0
0
0
0
0
-0.17538966238498688
-0.49569618701934814
-0.03265019878745079
0.89024114608764648
1.0786377191543579
0.30522078275680542
-0.021430525928735733
-0.029047638177871704
-0.37348878383636475
0.08311665803194046
0.75211668014526367
0.91589564085006714
0.046973194926977158
-0.32777872681617737
-0.05950918048620224
0
0
0
0
0
0
0
0
0
-0.054432608187198639
-0.087847337126731873
0.24568897485733032
0.65703260898590088
0.17426331341266632
-0.052023544907569885
-0.012647300958633423
-0.36167889833450317
-0.28978618979454041
0.096949681639671326
0.88537514209747314
0.61508750915527344
-0.016348846256732941
-0.16874659061431885
-0.033879667520523071
0
0
0
0
0
0
0
0
0
0.048463776707649231
0.10704082250595093
0.14753800630569458
0.15580005943775177
0.078045643866062164
0.062722936272621155
-0.081424117088317871
-0.50271546840667725
-0.060532823204994202
0.47931873798370361
0.95365488529205322
0.45460048317909241
-0.10209573805332184
-0.19341927766799927
-0.026925494894385338
0
0
0
0
0
0
0
0
0
0
0.0195113904774189
0.0049490104429423809
0.015833739191293716
0.095896162092685699
-0.039558500051498413
-0.39595282077789307
-0.21141056716442108
0.15480822324752808
0.81917506456375122
0.70254820585250854
0.21181836724281311
-0.17638425529003143
-0.10906042158603668
0.01021683681756258
0
0
0
0
0
0
0
0
0
0
0
0
0.013182216323912144
0.11535868048667908
-0.27824997901916504
-0.41036084294319153
-0.032334230840206146
0.59306180477142334
0.92073565721511841
0.33277902007102966
-0.004498705267906189
-0.22093021869659424
0.0098529383540153503
0.0024516007397323847
0
0
0
0
0
0
0
0
0
0
0
0
0.10441568493843079
-0.20725570619106293
-0.40051460266113281
-0.044666357338428497
0.41551283001899719
0.98470425605773926
0.53184914588928223
0.014053270220756531
-0.2271183580160141
-0.049312829971313477
0.015445084311068058
0
0
0
0
0
0
0
0
0
0
0
0
0.04112851619720459
0.067714139819145203
-0.5340847373008728
-0.2563825249671936
0.21085672080516815
0.89824134111404419
0.70378768444061279
0.075332857668399811
-0.14408592879772186
-0.092795141041278839
0.028440769761800766
0
0
0
0
0
0
0
0
0
0
0
0
0.01001848466694355
0.099329352378845215
-0.27930223941802979
-0.4400755763053894
0.087418802082538605
0.67773324251174927
0.97835564613342285
0.30490297079086304
-0.15473055839538574
-0.19554167985916138
0.015771334990859032
0.0029419208876788616
0
0
0
0
0
0
0
0
0
0
0
0
0.070666208863258362
-0.035752758383750916
-0.53501564264297485
-0.097318135201931
0.33822342753410339
0.97119438648223877
0.51474535465240479
0.0059152194298803806
-0.21112947165966034
-0.039653975516557693
0.0085806027054786682
0
0
0
0
0
0
0
0
0
0
0
0
0
0.10208124667406082
-0.39346927404403687
-0.31838899850845337
0.12164906412363052
0.74024069309234619
0.82951980829238892
0.22994266450405121
-0.03925444558262825
-0.1623225212097168
0.027705289423465729
0
0
0
0
0
0
0
0
0
0
0
0
0
0
-0.093403428792953491
-0.59180337190628052
0.039909183979034424
0.5784909725189209
1.0327000617980957
0.51620852947235107
-0.076976858079433441
-0.29033222794532776
-0.056486397981643677
-0.0069929207675158978
-0.014928927645087242
-0.012858889997005463
0.001598479226231575
0.025732912123203278
0.0753902867436409
0.032578185200691223
0.10357091575860977
0.091679878532886505
-0.10478261113166809
-0.067435413599014282
0
0
0
0
-0.38414204120635986
-0.44130384922027588
0.36249065399169922
1.1998944282531738
0.94203448295593262
0.23072771728038788
-0.16757337749004364
-0.1348256915807724
-0.071331433951854706
-0.078535869717597961
-0.10898587107658386
-0.091140210628509521
-0.026701703667640686
0.052592530846595764
0.026407569646835327
-0.1066322922706604
-0.10829493403434753
-0.12373952567577362
-0.12384624779224396
-0.090906888246536255
0
0
0
0
-0.47982454299926758
-0.26466095447540283
0.46304976940155029
1.233472466468811
0.61970537900924683
0.0015542656183242798
-0.28195041418075562
-0.032893791794776917
-0.019129037857055664
0.020881295204162598
-0.001652643084526062
-0.041557863354682922
-0.1140771359205246
-0.12519785761833191
-0.2893989086151123
-0.26834961771965027
-0.066120326519012451
0.038617972284555435
0.11215297877788544
0.25509598851203918
0
0
0
0
-0.49985834956169128
-0.27276167273521423
0.40140342712402344
0.66578316688537598
0.33776423335075378
-0.050661057233810425
0.10244912654161453
0.1824127584695816
0.39196509122848511
0.32879769802093506
0.056152146309614182
-0.27837708592414856
-0.26621121168136597
0.019401531666517258
-0.0043566860258579254
0.061207965016365051
0.25459042191505432
0.25891295075416565
0.55895835161209106
0.57957792282104492
0
0
0
0
-0.38795819878578186
-0.26009282469749451
0.30894929170608521
0.34022709727287292
0.25575843453407288
0.15070787072181702
0.17765997350215912
0.09778306633234024
0.17087279260158539
0.098412930965423584
0.064255483448505402
0.036433424800634384
0.24825254082679749
0.31934133172035217
0.31987211108207703
0.38896936178207397
0.49911695718765259
0.32737475633621216
0.32910752296447754
0.39554291963577271
0
0
0
0
-0.040870979428291321
-0.13860520720481873
0.23053902387619019
0.3311944305896759
0.4069308340549469
0.23690769076347351
0.099923998117446899
0.16308405995368958
0.30037042498588562
0.5329059362411499
0.50352370738983154
0.4068886935710907
0.34672620892524719
0.46976035833358765
0.33733093738555908
0.28155854344367981
0.242118239402771
0.14348495006561279
0.12770071625709534
0.13542354106903076
0
0
0
0
0.10951554775238037
-0.010145239531993866
0.2255503237247467
0.32290250062942505
0.29268449544906616
0.19354425370693207
0.14611706137657166
0.28712156414985657
0.33146652579307556
0.3768455982208252
0.24044522643089294
0.12756568193435669
0.24025459587574005
0.25452768802642822
0.15843288600444794
0.11731374263763428
0.16638706624507904
0.15088406205177307
0.1011078804731369
0.072299577295780182
0
0
0
0
0
0.074269160628318787
0.053130298852920532
0.126473069190979
0.098215505480766296
0.15287768840789795
0.20001132786273956
0.20920725166797638
0.25259512662887573
0.17829841375350952
0.19965614378452301
0.14447569847106934
0.098781660199165344
0.07434488832950592
0.023255949839949608
0.019241422414779663
0.010051563382148743
0
0
0
0
0
0
0
0
0
0
0
0
0
0
0
0
0
0
0
0
0
0
0
0
0
0
0
0
0
0
0
0
0.11568643152713776
0.29480665922164917
0.46802449226379395
0.71327972412109375
0.89308226108551025
1.1921285390853882
1.3803712129592896
1.3494843244552612
1.1101738214492798
0.66502398252487183
0.39851528406143188
0.14768879115581512
0.0035867816768586636
0
0
0
0
0
0
0
0
0
0
0.11568643152713776
0.27215525507926941
0.46984347701072693
0.92860120534896851
1.3438276052474976
1.4854657649993896
1.6146129369735718
1.8006561994552612
1.7741937637329102
1.5585663318634033
1.0639797449111938
0.58419215679168701
0.36438849568367004
0.046461723744869232
0
0
0
0
0
0
0
0
0
0.035595826804637909
0.15158142149448395
0.49671763181686401
0.872611403465271
1.4821796417236328
1.7825610637664795
1.8762348890304565
1.6862943172454834
1.6962195634841919
1.7550265789031982
1.5258466005325317
1.1876921653747559
0.625110924243927
0.41673004627227783
0.14413189888000488
0
0
0
0
0
0
0
0
0
0.030485197901725769
0.19486153125762939
0.75044262409210205
1.4824986457824707
2.0706524848937988
2.0834386348724365
1.6772655248641968
1.455689549446106
1.2613909244537354
1.5059522390365601
1.5988782644271851
1.1019231081008911
0.62807059288024902
0.24470864236354828
0.13662165403366089
0
0
0
0
0
0
0
0
0
-0.03627125546336174
0.084811098873615265
0.92415696382522583
1.9017008543014526
1.9075039625167847
1.6188564300537109
1.0067119598388672
0.73982638120651245
1.0732574462890625
1.5961040258407593
2.1133971214294434
1.4699182510375977
0.65753716230392456
0.09605744481086731
0.0080291135236620903
0
0
0
0
0
0
0
0
0
0.019047398120164871
0.26981130242347717
0.98124289512634277
1.4931447505950928
1.1391028165817261
0.43092113733291626
0.20953083038330078
0.3195246160030365
0.88965791463851929
1.8295044898986816
2.3536739349365234
1.719106912612915
0.59932267665863037
0.059090573340654373
-0.043564833700656891
0
0
0
0
0
0
0
0
0
0.062954992055892944
0.39567354321479797
0.8812595009803772
0.95280915498733521
0.40920889377593994
-0.079648919403553009
0.049219280481338501
0.38369807600975037
1.1728174686431885
2.2216587066650391
2.3132827281951904
1.5533679723739624
0.34035021066665649
-0.020487753674387932
-0.084779880940914154
0
0
0
0
0
0
0
0
0
0.040539052337408066
0.21254411339759827
0.39924523234367371
0.33460134267807007
0.099798962473869324
-0.034432306885719299
0.17932263016700745
0.84986180067062378
1.8031549453735352
2.4820654392242432
2.1646761894226074
1.0743796825408936
0.065122567117214203
-0.17534393072128296
-0.055351514369249344
0
0
0
0
0
0
0
0
0
0
0.016320915892720222
0.036077775061130524
0.024514487013220787
0.13190543651580811
0.27577725052833557
0.47146329283714294
1.3375879526138306
2.1981101036071777
2.3368918895721436
1.7283632755279541
0.47331559658050537
-0.089438453316688538
-0.18842734396457672
-0.034771058708429337
0
0
0
0
0
0
0
0
0
0
0
0
0.017113378271460533
0.11028633266687393
0.53741878271102905
1.0866117477416992
2.0091218948364258
2.4313039779663086
2.0022835731506348
0.89235293865203857
0.00085837952792644501
-0.18515817821025848
-0.11566552519798279
-0.0047945398837327957
0
0
0
0
0
0
0
0
0
0
0
0
0.12485333532094955
0.2925715446472168
0.71696758270263672
1.7367819547653198
2.3410525321960449
2.2506513595581055
1.3200507164001465
0.23696461319923401
-0.18238848447799683
-0.15105956792831421
-0.030205599963665009
0
0
0
0
0
0
0
0
0
0
0
0
0.053393740206956863
0.16253936290740967
0.6070898175239563
1.3381129503250122
2.2345178127288818
2.3426141738891602
1.6945174932479858
0.51166683435440063
-0.046124771237373352
-0.15736433863639832
-0.073369234800338745
0
0
0
0
0
0
0
0
0
0
0
0
0.013006167486310005
0.12281788885593414
0.35735401511192322
0.95820450782775879
2.0916411876678467
2.4722123146057129
2.0261638164520264
0.89519959688186646
0.010928009636700153
-0.1817760169506073
-0.08647097647190094
-0.0057534477673470974
0
0
0
0
0
0
0
0
0
0
0
0
0.083607405424118042
0.241360142827034
0.66175037622451782
1.5679126977920532
2.3874461650848389
2.3455259799957275
1.5085068941116333
0.30335399508476257
-0.077170401811599731
-0.15650179982185364
-0.01678089052438736
0
0
0
0
0
0
0
0
0
0
0
0
0
0.11126648634672165
0.50708299875259399
1.1251852512359619
2.1786062717437744
2.385307788848877
1.9451799392700195
0.69110184907913208
-0.042166367173194885
-0.16392123699188232
-0.071930870413780212
0
0
0
0
0
0
0
0
0
0
0
0
0
0
0.063887014985084534
0.80005002021789551
1.7232966423034668
2.5428364276885986
2.2517130374908447
1.3497875928878784
0.26459288597106934
-0.167540043592453
-0.10439556837081909
0.011210732161998749
0.019596301019191742
0.024948667734861374
0.033123567700386047
0.043690264225006104
0.1502668559551239
0.26168417930603027
0.24240975081920624
0.328309565782547
0.24499949812889099
0.10022891312837601
0
0
0
0
0.11965417116880417
1.0974951982498169
2.1659882068634033
2.6716303825378418
2.343867301940918
1.1481254100799561
0.71110183000564575
0.51592141389846802
0.53004330396652222
0.48277285695075989
0.46990785002708435
0.48010545969009399
0.5383574366569519
0.53759461641311646
0.59238588809967041
0.77713876962661743
0.9321979284286499
1.0143358707427979
1.1003382205963135
0.71935951709747314
0
0
0
0
0.1822177916765213
1.3052568435668945
2.3686246871948242
2.4073324203491211
2.0628128051757812
1.3208321332931519
1.3316468000411987
1.4474391937255859
1.5702725648880005
1.4797574281692505
1.3080915212631226
1.2164613008499146
1.2578489780426025
1.369141697883606
1.4351605176925659
1.5281746387481689
1.5602529048919678
1.5028421878814697
1.4723678827285767
1.1738686561584473
0
0
0
0
0.15475398302078247
1.0450131893157959
2.1304564476013184
1.9911758899688721
1.5722689628601074
1.390643835067749
1.5039092302322388
1.7689443826675415
1.7956957817077637
1.7526334524154663
1.499950647354126
1.4976294040679932
1.4799267053604126
1.4640194177627563
1.4807699918746948
1.6167958974838257
1.5932761430740356
1.3708218336105347
1.1863563060760498
0.79964721202850342
0
0
0
0
0.23390421271324158
0.7890745997428894
1.4950872659683228
1.5671752691268921
1.2066673040390015
1.2251940965652466
1.1968013048171997
1.4534237384796143
1.5532827377319336
1.5457258224487305
1.4274226427078247
1.3529987335205078
1.4934840202331543
1.3837845325469971
1.2206223011016846
1.1888445615768433
1.0955963134765625
0.94368928670883179
0.7061302661895752
0.35046446323394775
0
0
0
0
0.21096430718898773
0.69359320402145386
1.0707875490188599
1.2847027778625488
1.0528340339660645
1.0092446804046631
1.0164158344268799
1.1011091470718384
1.1640437841415405
1.0613300800323486
0.99269980192184448
0.89193511009216309
0.99160468578338623
1.0193082094192505
0.898368239402771
0.78366261720657349
0.67044800519943237
0.53291821479797363
0.42080411314964294
0.18462538719177246
0
0
0
0
0.091607727110385895
0.33703130483627319
0.61964976787567139
0.7902148962020874
0.68043029308319092
0.61789166927337646
0.71518111228942871
0.87297433614730835
0.93417847156524658
0.83906543254852295
0.65867877006530762
0.52679836750030518
0.49671611189842224
0.40894576907157898
0.28776904940605164
0.24083641171455383
0.19379714131355286
0.14210370182991028
0.079799525439739227
0.025365930050611496
0
0
0
0
0
0.062124777585268021
0.16601303219795227
0.20482303202152252
0.22973945736885071
0.19679638743400574
0.27710127830505371
0.36433517932891846
0.39833265542984009
0.34341317415237427
0.20075942575931549
0.14463149011135101
0.072620287537574768
0.021296471357345581
-0.022531230002641678
-0.05082365870475769
-0.019657613709568977
0
0
0
0
0
0
0
0
0
0
0
0
0
0
0
0
0
0
0
0
0
0
0
0
0
0
0
0
0
0
0
0
0.15375779569149017
0.34240269660949707
0.56776666641235352
0.56804943084716797
0.46735680103302002
0.36862605810165405
0.30142414569854736
0.052573412656784058
-0.27013242244720459
-0.43574240803718567
-0.33173754811286926
-0.1908813863992691
-0.011436241678893566
0
0
0
0
0
0
0
0
0
0
0.15375779569149017
0.34431502223014832
0.74113810062408447
0.90956974029541016
0.67544651031494141
0.34665921330451965
0.095263436436653137
-0.016058847308158875
-0.20986685156822205
-0.54741001129150391
-0.92743992805480957
-0.80196940898895264
-0.51279836893081665
-0.080826379358768463
0
0
0
0
0
0
0
0
0
0.047310091555118561
0.26679185032844543
0.75382030010223389
1.1780401468276978
0.90333694219589233
0.27783837914466858
-0.11961998790502548
-0.34848177433013916
-0.178895503282547
-0.011745944619178772
-0.33477586507797241
-0.97137540578842163
-1.164889931678772
-0.88995593786239624
-0.2383723258972168
0
0
0
0
0
0
0
0
0
0.07193157821893692
0.50723445415496826
1.2092568874359131
1.2515989542007446
0.6991729736328125
-0.033218685537576675
-0.22723856568336487
0.11726847290992737
0.7365347146987915
1.0854487419128418
0.3994452953338623
-0.66703373193740845
-1.3466862440109253
-1.1236807107925415
-0.39057394862174988
0
0
0
0
0
0
0
0
0
0.054656609892845154
0.59769898653030396
1.2088507413864136
1.0044331550598145
0.41599595546722412
-0.28046682476997375
-0.25747144222259521
0.35150611400604248
1.3109766244888306
1.7740952968597412
1.0743610858917236
-0.39418813586235046
-1.3750733137130737
-1.1387028694152832
-0.40558406710624695
0
0
0
0
0
0
0
0
0
0.13508942723274231
0.7366679310798645
1.0854414701461792
0.8305700421333313
0.24261805415153503
-0.29205647110939026
0.0031479150056838989
0.58681392669677734
1.538072943687439
1.8673511743545532
0.96148777008056641
-0.58946341276168823
-1.3016312122344971
-1.0889097452163696
-0.31294932961463928
0
0
0
0
0
0
0
0
0
0.12011488527059555
0.54885381460189819
0.75379890203475952
0.60250949859619141
0.25242096185684204
0.016869980841875076
0.040562942624092102
0.81304311752319336
1.578260064125061
1.3952395915985107
0.47110843658447266
-0.90394657850265503
-1.1966335773468018
-0.95121663808822632
-0.19984051585197449
0
0
0
0
0
0
0
0
0
0.05009596049785614
0.24408283829689026
0.41730201244354248
0.42618599534034729
0.20014338195323944
0.017813339829444885
0.43013158440589905
1.3227300643920898
1.5674358606338501
1.035382866859436
-0.19158391654491425
-1.1185107231140137
-1.0906422138214111
-0.63509178161621094
-0.081113666296005249
0
0
0
0
0
0
0
0
0
0
0.020168501883745193
0.030248485505580902
0.048258394002914429
0.1770763099193573
0.40405213832855225
1.0191804170608521
1.5199427604675293
1.1677255630493164
0.41037890315055847
-0.77075475454330444
-1.0056341886520386
-0.75206631422042847
-0.3224835991859436
-0.027735479176044464
0
0
0
0
0
0
0
0
0
0
0
0
0.022745236754417419
0.23522736132144928
0.78576910495758057
1.4162670373916626
1.3464230298995972
0.6272423267364502
-0.30966135859489441
-0.96723091602325439
-0.72794514894485474
-0.48204714059829712
-0.10865998268127441
-0.0031975768506526947
0
0
0
0
0
0
0
0
0
0
0
0
0.1810443103313446
0.56579864025115967
1.2827494144439697
1.5020997524261475
0.98693925142288208
-0.13673581182956696
-0.83831942081451416
-0.85335755348205566
-0.4824238121509552
-0.20193532109260559
-0.020144734531641006
0
0
0
0
0
0
0
0
0
0
0
0
0.07096514105796814
0.30758094787597656
1.0735770463943481
1.5224593877792358
1.1348373889923096
0.26407516002655029
-0.77316504716873169
-0.9085007905960083
-0.64512598514556885
-0.26493385434150696
-0.054386578500270844
0
0
0
0
0
0
0
0
0
0
0
0
0.017286380752921104
0.19692225754261017
0.67678534984588623
1.5064395666122437
1.554964542388916
0.87879848480224609
-0.42718809843063354
-1.0474468469619751
-0.83042788505554199
-0.47483551502227783
-0.077037036418914795
-0.0038370923139154911
0
0
0
0
0
0
0
0
0
0
0
0
0.12260002642869949
0.41988560557365417
1.1925289630889893
1.5884662866592407
1.0811465978622437
0.19525030255317688
-0.94091814756393433
-0.98934006690979004
-0.68834942579269409
-0.19613483548164368
-0.011191518977284431
0
0
0
0
0
0
0
0
0
0
0
0
0
0.24942323565483093
0.83514642715454102
1.567241907119751
1.3971344232559204
0.65483969449996948
-0.56133520603179932
-1.0558563470840454
-0.79320996999740601
-0.45960068702697754
-0.053427308797836304
0
0
0
0
0
0
0
0
0
0
0
0
0
0
0.38955825567245483
1.2987817525863647
1.6797249317169189
1.2165026664733887
-0.044258579611778259
-0.93647670745849609
-0.96565639972686768
-0.52760970592498779
-0.16316157579421997
-0.0026481200475245714
-0.0023654750548303127
0.013536821119487286
0.030711134895682335
0.052759595215320587
0.16383492946624756
0.23591499030590057
0.27209523320198059
0.2576528787612915
0.088014692068099976
-0.0096438657492399216
0
0
0
0
0.64451831579208374
1.6108080148696899
1.6990330219268799
1.232730507850647
-0.30184546113014221
-0.58272600173950195
-0.4411064088344574
0.060193523764610291
0.21425500512123108
0.1754123866558075
0.15161114931106567
0.25829154253005981
0.38927334547042847
0.42523995041847229
0.41758039593696594
0.47590619325637817
0.43505474925041199
0.33844408392906189
0.082956127822399139
-0.24870195984840393
0
0
0
0
0.77975600957870483
1.7302953004837036
1.7819919586181641
1.1080403327941895
-0.37170127034187317
-0.48056337237358093
-0.54597651958465576
-0.022253543138504028
0.065276727080345154
-0.034684568643569946
-0.030205100774765015
0.09140525758266449
0.3200017511844635
0.3213314414024353
0.34306776523590088
0.23958617448806763
0.088090971112251282
-0.072374455630779266
-0.45546132326126099
-0.7743525505065918
0
0
0
0
0.6929471492767334
1.4903759956359863
1.6775369644165039
1.036674976348877
-0.14607557654380798
-0.44153279066085815
-0.35193833708763123
-0.063122540712356567
-0.11427983641624451
-0.33568954467773438
-0.41419574618339539
-0.27478897571563721
-0.12969541549682617
-0.18137584626674652
-0.17978248000144958
-0.27767071127891541
-0.37885880470275879
-0.390083909034729
-0.68903088569641113
-0.94656127691268921
0
0
0
0
0.61284208297729492
1.1405813694000244
1.4248678684234619
1.1217037439346313
0.33263349533081055
-0.19669274985790253
-0.15141257643699646
-0.0047803400084376335
-0.15428192913532257
-0.35394886136054993
-0.51127994060516357
-0.3980618417263031
-0.21851721405982971
-0.17104491591453552
-0.076835580170154572
-0.061854779720306396
0.082505986094474792
0.09382195770740509
-0.1672406792640686
-0.42586201429367065
0
0
0
0
0.3563271164894104
0.81111574172973633
1.1672157049179077
1.0755709409713745
0.80805730819702148
0.61245310306549072
0.72856664657592773
0.78613913059234619
0.66825377941131592
0.38149601221084595
0.030927568674087524
0.095706865191459656
0.19696830213069916
0.3602013885974884
0.38627302646636963
0.34130677580833435
0.39297664165496826
0.47101175785064697
0.3358883261680603
0.12680958211421967
0
0
0
0
0.11320385336875916
0.40087872743606567
0.72994744777679443
0.73537349700927734
0.68331319093704224
0.62500286102294922
0.74298429489135742
0.76748025417327881
0.7257269024848938
0.59977424144744873
0.44881671667098999
0.48567008972167969
0.39354643225669861
0.36126768589019775
0.40038555860519409
0.35775944590568542
0.32939368486404419
0.23309656977653503
0.14329737424850464
0.10336208343505859
0
0
0
0
0
0.07677043229341507
0.15058644115924835
0.29629755020141602
0.28399348258972168
0.27346014976501465
0.35417690873146057
0.45821073651313782
0.55674993991851807
0.46571147441864014
0.35847026109695435
0.22080340981483459
0.14399154484272003
0.10459470748901367
-0.0088698156177997589
-0.04570658877491951
-0.013110064901411533
0
0
0
0
0
0
0
0
0
0
0
0
0
0
0
0
0
0
0
0
0
0
0
0
0
0
0
