5.7154207229614258
-1.1852558851242065
-1.9057787656784058
3.9993360042572021
7.184715747833252
5.8938007354736328
0.84904974699020386
4.8502411842346191
0.92426842451095581
-14.700531959533691
3.5941629409790039
-0.12164793908596039
-5.6221694946289062
-5.5997438430786133
5.8704309463500977
-2.0005178451538086
7.1465716361999512
3.1609814167022705
0.41972985863685608
3.0944349765777588
8.1099672317504883
8.5661735534667969
6.7020435333251953
6.2305970191955566
1.98404860496521
-3.4164702892303467
3.9760274887084961
-6.7807102203369141
-3.7025699615478516
0.68821263313293457
1.1802551746368408
4.272613525390625
-2.7557156085968018
4.3194632530212402
3.3115804195404053
-3.1120374202728271
0.16661739349365234
4.3101367950439453
5.9841098785400391
0.28197589516639709
5.2544798851013184
-2.2829241752624512
-0.91107553243637085
-4.9839825630187988
-0.97189235687255859
0.48750150203704834
4.6377439498901367
-0.94732928276062012
-3.5939095020294189
0.39572077989578247
5.897061824798584
0.40322041511535645
0.64668458700180054
-5.5701532363891602
-8.4077873229980469
-4.474754810333252
-8.9082460403442383
-3.8134036064147949
-2.4681167602539062
-4.7079424858093262
-4.8243246078491211
-4.4585847854614258
0.434684157371521
5.6150240898132324
3.9742181301116943
4.0806183815002441
2.3252367973327637
-4.3310256004333496
-3.2546505928039551
-9.7430620193481445
3.7131795883178711
5.2145051956176758
6.627932071685791
-0.19043868780136108
-4.0146293640136719
3.8168697357177734
-8.0684680938720703
0.046451419591903687
-4.3966841697692871
2.441753625869751
4.0473008155822754
-3.3617720603942871
6.0374641418457031
-7.1591334342956543
-3.3044655323028564
0.61396181583404541
0.58868205547332764
-8.3285045623779297
-6.4474987983703613
-0.98082828521728516
-0.42668527364730835
-3.6486599445343018
4.0759820938110352
-1.096078634262085
-3.7013137340545654
1.2709822654724121
-2.026580810546875
3.8190793991088867
-1.1330567598342896
7.8037052154541016
2.3664951324462891
0.58379143476486206
-2.3993120193481445
4.858405590057373
-7.9880819320678711
6.9517102241516113
7.2145528793334961
-2.1706957817077637
-2.9663436412811279
0.22501309216022491
-2.8495059013366699
0.012924909591674805
1.4836043119430542
-5.1515064239501953
-7.0982255935668945
3.7913305759429932
0.22821179032325745
-5.6586451530456543
-0.3010939359664917
-0.59156769514083862
