-8.0033159255981445
10.007804870605469
-4.3849716186523438
3.3180487155914307
4.6547651290893555
5.6304793357849121
6.9756550788879395
1.1103448867797852
8.1205730438232422
0.37383460998535156
1.6927247047424316
11.696910858154297
-1.1477478742599487
-4.6623225212097168
10.88667106628418
6.1472744941711426
1.1353594064712524
-3.8382387161254883
5.0473318099975586
-3.228661060333252
4.5522174835205078
-2.2695612907409668
-5.4360885620117188
-0.47168624401092529
6.0061521530151367
8.3857250213623047
-0.94960308074951172
-0.69292747974395752
3.2482662200927734
-3.837590217590332
6.6352043151855469
-2.2935707569122314
5.3714199066162109
-6.3855204582214355
10.919690132141113
-2.2382616996765137
8.9482336044311523
-2.0124638080596924
1.9579442739486694
-3.1549408435821533
-1.5456929206848145
-5.1217055320739746
6.7938270568847656
1.9362138509750366
1.4581607580184937
6.5102486610412598
11.518520355224609
5.8158707618713379
14.051034927368164
1.6505142450332642
-4.9702458381652832
-6.5712642669677734
4.4298372268676758
-3.226787805557251
-5.3026924133300781
0.56187468767166138
-0.14439265429973602
-0.83748453855514526
-0.049333170056343079
4.7809019088745117
-2.6166555881500244
1.0123690366744995
3.7700910568237305
14.614933013916016
-7.7543959617614746
-3.3249499797821045
-5.6399717330932617
-13.108989715576172
9.0485782623291016
1.1984736919403076
-1.3907924890518188
1.9305756092071533
2.1637680530548096
-11.10169506072998
-6.0807995796203613
-2.0735046863555908
4.1081714630126953
7.2030177116394043
0.67931854724884033
-4.7438654899597168
4.1147985458374023
0.82620882987976074
-5.6594557762145996
-0.35674425959587097
