0.73093092441558838
2.6551532745361328
1.2538985013961792
1.04063880443573
1.4089254140853882
0.4819563627243042
0.38130667805671692
0.8258674144744873
3.2820441722869873
0
0.29215854406356812
0
2.448660135269165
0
0
0
0
0
1.8472520112991333
1.6942211389541626
0.04969218373298645
0.55418473482131958
1.0571844577789307
0
0.35540297627449036
0.4228610098361969
1.4122089147567749
2.9786174297332764
1.4457439184188843
3.0014503002166748
4.2057023048400879
4.9192147254943848
3.1561722755432129
2.1982381343841553
0
0.17394468188285828
0
0
0
0.5414508581161499
0
0
0
0
2.0989120006561279
2.6180431842803955
2.1730437278747559
3.9801206588745117
1.458227276802063
0
1.5249537229537964
0
0
1.9753663539886475
0
0
3.6171250343322754
3.5301287174224854
0
0
3.6760826110839844
0
0
0
0
1.8301880359649658
3.3163940906524658
1.1784870624542236
0.25006461143493652
1.4027760028839111
1.2136013507843018
1.034860372543335
0.89719372987747192
1.765445351600647
1.6844040155410767
0.46808940172195435
1.6548644304275513
2.0128090381622314
1.0666124820709229
0.32493028044700623
3.294539213180542
3.8378641605377197
2.120347261428833
1.2397456169128418
0.15054640173912048
2.502544641494751
4.006922721862793
0
0.08707745373249054
3.4816880226135254
1.2273337841033936
0
1.6972224712371826
2.175260066986084
1.8897466659545898
2.7170708179473877
1.8831924200057983
4.6329774856567383
1.8419207334518433
0
3.6999139785766602
4.7951250076293945
0
0.2111237496137619
4.5458955764770508
2.7500600814819336
0.68645346164703369
0.66695523262023926
3.9182913303375244
0
1.03062903881073
1.226530909538269
1.1457774639129639
1.1478191614151001
1.0309159755706787
0.068827524781227112
0
0
0
0.23691143095493317
1.1889966726303101
0.10464346408843994
0
0
3.640148401260376
4.4374346733093262
3.869713306427002
2.0157456398010254
0
2.4212262630462646
0
1.9864088296890259
1.3869878053665161
1.0955325365066528
3.1239228248596191
2.7549643516540527
1.230170726776123
1.0291558504104614
2.8945291042327881
0.65717852115631104
0.87217968702316284
2.0529720783233643
1.0601071119308472
0
0.57537221908569336
1.2802643775939941
1.6007034778594971
0.19736219942569733
0.60415154695510864
2.5155453681945801
2.2940514087677002
0
2.9054956436157227
4.5105686187744141
1.0655299425125122
0.36290279030799866
2.2232732772827148
3.5625
0
0
0
0.83967012166976929
0
0.92709779739379883
1.7447009086608887
1.6639370918273926
0.79280751943588257
2.6260824203491211
1.277219295501709
0
3.5328695774078369
2.5399231910705566
0
0
0.1660730242729187
0
0
1.0835866928100586
0.40340045094490051
0.98956513404846191
1.2494664192199707
0.64710032939910889
0
0
0.85935872793197632
0.73845821619033813
1.4091697931289673
2.1193726062774658
1.8617995977401733
5.0193438529968262
4.812809944152832
4.4369616508483887
0.52136820554733276
0
4.4757652282714844
3.6647367477416992
0.074457868933677673
3.479881763458252
4.2967681884765625
0.31042477488517761
0
4.2678403854370117
2.2798149585723877
0
0
1.4881448745727539
0
0
0
0
3.8230400085449219
2.0526013374328613
0
0
1.057974100112915
1.2210029363632202
0
1.2466392517089844
0.13687248528003693
0.05131160095334053
0.34019693732261658
2.413975715637207
0.91892731189727783
0.079738669097423553
2.6258277893066406
0.02379782497882843
3.4263339042663574
0.59319150447845459
0
4.1502685546875
3.8820300102233887
0
1.3638228178024292
2.7875444889068604
0
0
2.6371786594390869
1.7385931015014648
1.9437897205352783
2.3936655521392822
0.314583420753479
0.72883445024490356
0.37592130899429321
0
0.88537979125976562
0.47556596994400024
0
0
0.29420635104179382
0.26554659008979797
0
0.43702083826065063
1.622004508972168
4.3637237548828125
4.9775896072387695
4.4235653877258301
