0
0
0
0
0
0
0
0
0
0
0
0
0
0
0
0
0
0
0
0
0
0
0
0
0
0
0
0
0
0
0
0
0
0
0
0
0
0
0
0
0
0
0
0
0
0
0
0
0
0
0
0
0
0
0
0
0
0
0
0
0
0
0
0
0
0
0
0
0
0
0
0
0
0
0
0
0
0
0
0
0
0
0
0
0
0
0
0
0
0
0
0
0
0
0.45490196347236633
0.49019607901573181
0.67058825492858887
1
1
0.58823531866073608
0.364705890417099
0
0
0
0
0
0
0
0
0
0
0
0
0
0
0
0
0
0
0
0
0.66274511814117432
0.99215686321258545
0.99215686321258545
0.99215686321258545
0.99215686321258545
0.99215686321258545
0.99215686321258545
0.85490196943283081
0.11764705926179886
0
0
0
0
0
0
0
0
0
0
0
0
0
0
0
0
0
0
0.66274511814117432
0.99215686321258545
0.99215686321258545
0.99215686321258545
0.83529412746429443
0.55686277151107788
0.69019609689712524
0.99215686321258545
0.99215686321258545
0.47843137383460999
0
0
0
0
0
0
0
0
0
0
0
0
0
0
0
0
0
0.20392157137393951
0.98039215803146362
0.99215686321258545
0.82352942228317261
0.12549020349979401
0.047058824449777603
0
0.023529412224888802
0.80784314870834351
0.99215686321258545
0.54901963472366333
0
0
0
0
0
0
0
0
0
0
0
0
0
0
0
0
0
0.30196079611778259
0.9843137264251709
0.82352942228317261
0.098039217293262482
0
0
0
0.47843137383460999
0.97254902124404907
0.99215686321258545
0.25490197539329529
0
0
0
0
0
0
0
0
0
0
0
0
0
0
0
0
0
0
0.12156862765550613
0.070588238537311554
0
0
0
0
0.81960785388946533
0.99215686321258545
0.99215686321258545
0.25490197539329529
0
0
0
0
0
0
0
0
0
0
0
0
0
0
0
0
0
0
0
0
0
0
0
0.45882353186607361
0.9686274528503418
0.99215686321258545
0.7764706015586853
0.039215687662363052
0
0
0
0
0
0
0
0
0
0
0
0
0
0
0
0
0
0
0
0
0
0
0.29803922772407532
0.9686274528503418
0.99215686321258545
0.90588235855102539
0.24705882370471954
0
0
0
0
0
0
0
0
0
0
0
0
0
0
0
0
0
0
0
0
0
0
0
0.50196081399917603
0.99215686321258545
0.99215686321258545
0.56470590829849243
0
0
0
0
0
0
0
0
0
0
0
0
0
0
0
0
0
0
0
0
0
0
0
0.69019609689712524
0.96470588445663452
0.99215686321258545
0.62352943420410156
0.047058824449777603
0
0
0
0
0
0
0
0
0
0
0
0
0
0
0
0
0
0
0
0
0
0
0.098039217293262482
0.91764706373214722
0.99215686321258545
0.91372549533843994
0.13725490868091583
0
0
0
0
0
0
0
0
0
0
0
0
0
0
0
0
0
0
0
0
0
0
0
0.7764706015586853
0.99215686321258545
0.99215686321258545
0.55294120311737061
0
0
0
0
0
0
0
0
0
0
0
0
0
0
0
0
0
0
0
0
0
0
0
0.30588236451148987
0.97254902124404907
0.99215686321258545
0.74117648601531982
0.047058824449777603
0
0
0
0
0
0
0
0
0
0
0
0
0
0
0
0
0
0
0
0
0
0
0.074509806931018829
0.78431373834609985
0.99215686321258545
0.99215686321258545
0.55294120311737061
0
0
0
0
0
0
0
0
0
0
0
0
0
0
0
0
0
0
0
0
0
0
0
0.52549022436141968
0.99215686321258545
0.99215686321258545
0.67843139171600342
0.047058824449777603
0
0
0
0
0
0
0
0
0
0
0
0
0
0
0
0
0
0
0
0
0
0
0
0.97254902124404907
0.99215686321258545
0.99215686321258545
0.098039217293262482
0
0
0
0
0
0
0
0
0
0
0
0
0
0
0
0
0
0
0
0
0
0
0
0
0.97254902124404907
0.99215686321258545
0.99215686321258545
0.16862745583057404
0.078431375324726105
0.078431375324726105
0.078431375324726105
0.078431375324726105
0.019607843831181526
0
0.019607843831181526
0.078431375324726105
0.078431375324726105
0.14509804546833038
0.58823531866073608
0.58823531866073608
0.58823531866073608
0.57647061347961426
0.039215687662363052
0
0
0
0
0
0
0
0
0
0.97254902124404907
0.99215686321258545
0.99215686321258545
0.99215686321258545
0.99215686321258545
0.99215686321258545
0.99215686321258545
0.99215686321258545
0.65882354974746704
0.56078433990478516
0.65098041296005249
0.99215686321258545
0.99215686321258545
0.99215686321258545
0.99215686321258545
0.99215686321258545
0.99215686321258545
0.99215686321258545
0.48235294222831726
0
0
0
0
0
0
0
0
0
0.68235296010971069
0.99215686321258545
0.99215686321258545
0.99215686321258545
0.99215686321258545
0.99215686321258545
0.99215686321258545
0.99215686321258545
0.99215686321258545
0.99215686321258545
0.99215686321258545
0.99215686321258545
0.97647058963775635
0.9686274528503418
0.9686274528503418
0.66274511814117432
0.45882353186607361
0.45882353186607361
0.22352941334247589
0
0
0
0
0
0
0
0
0
0
0.46274510025978088
0.48235294222831726
0.48235294222831726
0.48235294222831726
0.65098041296005249
0.99215686321258545
0.99215686321258545
0.99215686321258545
0.60784316062927246
0.48235294222831726
0.48235294222831726
0.16078431904315948
0
0
0
0
0
0
0
0
0
0
0
0
0
0
0
0
0
0
0
0
0
0
0
0
0
0
0
0
0
0
0
0
0
0
0
0
0
0
0
0
0
0
0
0
0
0
0
0
0
0
0
0
0
0
0
0
0
0
0
0
0
0
0
0
0
0
0
0
0
0
0
0
0
0
0
0
0
0
0
0
0
0
0
0
0
0
0
0
0
0
0
0
0
0
0
0
0
0
0
0
0
0
0
0
0
0
0
0
0
0
0
0
0
0
0
0
0
0
0
0
0
0
0
0
0
0
0
0
0
0
0
0
0
0
0
0
0
0
0
0
0
0
0
0
0
0
0
