0
0
0.0024124609772115946
0
0
0
0
0.050793211907148361
0.084439165890216827
0
0
0
0
0.00074229569872841239
0
0
0
0.093204833567142487
0.18899783492088318
0
0
0
0
0
0
0
0.16752812266349792
0.51153016090393066
0.71708172559738159
1.2253080606460571
1.0141603946685791
0.34289562702178955
0
0
0
0
0
0.072130344808101654
0.63346183300018311
0.95591616630554199
0.7887846827507019
0.14123697578907013
0
0
0.034093711525201797
0
0
0
0
0
0.035281352698802948
0.062212485820055008
0
0
0.030200887471437454
0.2708602249622345
0.21272093057632446
0
0
0
0
0
0.0011134435189887881
0
0
0
0.20325058698654175
0.38734084367752075
0.068903349339962006
0
0
0
0
0
0.0002712234272621572
0
0
0.087141901254653931
0.24391469359397888
0.18138763308525085
0
0
0
0
0
0
0
0
0.023372402414679527
0.24441622197628021
0.181977778673172
0.019843930378556252
0.0033475146628916264
0.015564633533358574
0.069406375288963318
0.16301991045475006
0
0
0.058400560170412064
0.042492248117923737
0.11635319888591766
0.58747684955596924
0.3655814528465271
0.2235073447227478
0.14885564148426056
0.15471591055393219
0.070436522364616394
0
0
0
0.27755787968635559
0.389688640832901
0
0
0
0
0
0
0
0.1632467657327652
0
0
0.49661159515380859
1.1133904457092285
1.4317473173141479
1.562585711479187
1.6302827596664429
1.5160125494003296
1.3442409038543701
1.3144098520278931
1.4442205429077148
1.2632001638412476
0
0
0.083533473312854767
0.26457563042640686
0.61137282848358154
0.80504250526428223
1.0416473150253296
1.0428941249847412
0.71829158067703247
0.34869551658630371
0.044841863214969635
0
0
0
0
0
0
0
0
0
0.14440593123435974
0
0
0
0
0
0
0
2.1235079765319824
2.3251066207885742
0.74091029167175293
0.15043658018112183
0.47909247875213623
0
0
0
0
0.028392486274242401
1.0538387298583984
1.9414548873901367
2.5224456787109375
1.900356650352478
0.39062127470970154
0.73821818828582764
0.73967772722244263
0
0
0
0
0.13183090090751648
1.3188107013702393
1.5105551481246948
0.83894222974777222
0
0.95975667238235474
1.3422448635101318
0.69097155332565308
0
0
0
0
0
0.063603200018405914
0.063457667827606201
0
0.40105035901069641
1.7813675403594971
1.4612259864807129
0.21581718325614929
0
0
0
0
0
0
0
0
1.6302379369735718
1.7169438600540161
0.70135009288787842
0
0
0
0
0
0
0
0
0.84687644243240356
1.5968594551086426
1.1825263500213623
0
0
0
0
0
0
0
0
0
1.4845952987670898
1.577918529510498
0.36735829710960388
0
0
0
0
0
0
0
0
0
0.46633002161979675
0
0
0
0
0
0
0
0
0
1.0365581512451172
1.4731932878494263
1.3555879592895508
0.7015378475189209
0.42049452662467957
0.6361243724822998
1.1236759424209595
1.8166903257369995
2.0653932094573975
1.7168536186218262
0
0
1.1052606105804443
2.0892534255981445
2.3676788806915283
2.348487377166748
2.2659375667572021
2.1618437767028809
2.3641188144683838
2.42067551612854
2.0543005466461182
1.6186180114746094
0
0
0.15034341812133789
0.46974080801010132
0.63533920049667358
0.97001588344573975
1.1347067356109619
0.89586132764816284
0.46181854605674744
0.15509627759456635
0
0
0
0
0
0.69673639535903931
1.7626643180847168
2.0713503360748291
1.77744460105896
1.1257719993591309
0.47546938061714172
0
0
0
0
0.012107040733098984
0.68707305192947388
1.9509880542755127
2.4694364070892334
2.2793982028961182
1.8639799356460571
1.7353024482727051
0.71738028526306152
0
0
0
0
0.099250718951225281
1.1627490520477295
1.4908901453018188
1.1269910335540771
0.69829636812210083
1.8539887666702271
1.8536123037338257
0.77326083183288574
0
0
0
0
0.0077723460271954536
0.1889987587928772
0.21142254769802094
0.35776910185813904
1.3635654449462891
1.9472575187683105
1.684117317199707
0.48617586493492126
0
0
0
0
0
0.0017484439304098487
0.040478795766830444
0.75441169738769531
1.9497369527816772
2.0107693672180176
0.92275118827819824
0.19068969786167145
0
0
0
0
0
0
0.36759048700332642
1.8428266048431396
1.9632723331451416
1.3734807968139648
0.35237956047058105
0.045248217880725861
0
0
0
0
0
0.082328058779239655
1.233517050743103
1.9646888971328735
1.8429323434829712
0.66485416889190674
0.10592006891965866
0
0
0
0
0
0
0.62760037183761597
1.6977357864379883
2.0007727146148682
1.1313580274581909
0.2763480544090271
0.031470529735088348
0
0
0
0.18546299636363983
0
0
0.92503732442855835
1.7750277519226074
1.8898974657058716
1.5757739543914795
1.1560969352722168
0.89904946088790894
1.1177760362625122
1.5369008779525757
1.8257530927658081
1.6894900798797607
0
0
0.95724278688430786
1.8866021633148193
2.4124283790588379
2.2292649745941162
2.2143988609313965
2.1140396595001221
2.1547951698303223
2.2620329856872559
2.0478537082672119
1.5919444561004639
0
0
0.17617052793502808
0.65299195051193237
0.96386134624481201
1.2426912784576416
1.3514748811721802
1.283661961555481
0.91082155704498291
0.53373903036117554
0.390053391456604
0.27201059460639954
0
0
0.0066553670912981033
0
0.09750782698392868
0.098830170929431915
0.13494998216629028
0.21819615364074707
0.19392582774162292
0.11299128830432892
0.029447253793478012
0
0
0
0.089111782610416412
0.10847005248069763
0.17164918780326843
0.1969255805015564
0.40477430820465088
0.21272532641887665
0
0
0
0
0
0.04062730073928833
0.11502746492624283
0.3715285062789917
0.40896707773208618
0.55066776275634766
0.58512580394744873
0.5452691912651062
0
0
0
0
0
0
0
1.0786377191543579
0.82091617584228516
0.18939009308815002
0.75211668014526367
0.91589564085006714
0
0
0
0
0
0.048463776707649231
0.24568897485733032
0.65703260898590088
0.062722936272621155
0
0.95365488529205322
0.61508750915527344
0
0
0
0
0
0
0.0195113904774189
0.11535868048667908
0
0.59306180477142334
0.92073565721511841
0.21181836724281311
0.01021683681756258
0
0
0
0
0
0.04112851619720459
0.10441568493843079
0.21085672080516815
0.98470425605773926
0.53184914588928223
0.028440769761800766
0.015445084311068058
0
0
0
0
0
0.099329352378845215
0
0.97119438648223877
0.97835564613342285
0
0.015771334990859032
0
0
0
0
0
0
0.10208124667406082
0.5784909725189209
1.0327000617980957
0.22994266450405121
0.027705289423465729
0
0.025732912123203278
0.0753902867436409
0.10357091575860977
0
0
0
0
1.233472466468811
0.94203448295593262
0
0.020881295204162598
0
0.052592530846595764
0.026407569646835327
0.038617972284555435
0.25509598851203918
0
0
0
0.66578316688537598
0.33776423335075378
0.1824127584695816
0.39196509122848511
0.064255483448505402
0.31934133172035217
0.38896936178207397
0.49911695718765259
0.57957792282104492
0
0
0.10951554775238037
0.3311944305896759
0.4069308340549469
0.28712156414985657
0.5329059362411499
0.50352370738983154
0.46976035833358765
0.33733093738555908
0.242118239402771
0.13542354106903076
0
0
0.074269160628318787
0.126473069190979
0.15287768840789795
0.20920725166797638
0.25259512662887573
0.19965614378452301
0.098781660199165344
0.023255949839949608
0.010051563382148743
0
0
0
0.27215525507926941
0.92860120534896851
1.4854657649993896
1.8006561994552612
1.7741937637329102
1.0639797449111938
0.36438849568367004
0
0
0
0
0.035595826804637909
0.75044262409210205
2.0706524848937988
2.0834386348724365
1.6962195634841919
1.7550265789031982
1.1876921653747559
0.41673004627227783
0
0
0
0
0.019047398120164871
0.98124289512634277
1.9075039625167847
1.6188564300537109
1.0732574462890625
2.3536739349365234
1.719106912612915
0.09605744481086731
0
0
0
0
0.062954992055892944
0.8812595009803772
0.95280915498733521
0.17932263016700745
1.8031549453735352
2.4820654392242432
1.5533679723739624
0
0
0
0
0
0
0.036077775061130524
0.13190543651580811
1.0866117477416992
2.4313039779663086
2.3368918895721436
0.47331559658050537
0
0
0
0
0
0
0.053393740206956863
0.6070898175239563
2.2345178127288818
2.3426141738891602
1.3200507164001465
0
0
0
0
0
0
0
0.241360142827034
1.5679126977920532
2.4722123146057129
2.0261638164520264
0.010928009636700153
0
0
0
0
0
0
0
0.80005002021789551
2.5428364276885986
2.385307788848877
0.69110184907913208
0.011210732161998749
0.024948667734861374
0.043690264225006104
0.26168417930603027
0.328309565782547
0.24499949812889099
0
0
1.3052568435668945
2.6716303825378418
2.343867301940918
1.4474391937255859
1.5702725648880005
1.3080915212631226
1.369141697883606
1.5281746387481689
1.5602529048919678
1.4723678827285767
0
0
1.0450131893157959
2.1304564476013184
1.5722689628601074
1.7689443826675415
1.7956957817077637
1.499950647354126
1.4934840202331543
1.6167958974838257
1.5932761430740356
1.1863563060760498
0
0
0.69359320402145386
1.2847027778625488
1.0528340339660645
1.1011091470718384
1.1640437841415405
0.99269980192184448
1.0193082094192505
0.898368239402771
0.67044800519943237
0.42080411314964294
0
0
0.062124777585268021
0.20482303202152252
0.22973945736885071
0.36433517932891846
0.39833265542984009
0.20075942575931549
0.072620287537574768
0
0
0
0
0
0.34431502223014832
0.90956974029541016
0.67544651031494141
0.36862605810165405
0.052573412656784058
0
0
0
0
0
0
0.07193157821893692
1.2092568874359131
1.2515989542007446
0.27783837914466858
0.7365347146987915
1.0854487419128418
0
0
0
0
0
0
0.13508942723274231
1.2088507413864136
1.0044331550598145
0.0031479150056838989
1.538072943687439
1.8673511743545532
0
0
0
0
0
0
0.12011488527059555
0.75379890203475952
0.60250949859619141
0.43013158440589905
1.578260064125061
1.3952395915985107
0
0
0
0
0
0
0
0.030248485505580902
0.23522736132144928
1.4162670373916626
1.5199427604675293
0.41037890315055847
0
0
0
0
0
0
0
0.07096514105796814
1.0735770463943481
1.5224593877792358
0.98693925142288208
0
0
0
0
0
0
0
0
0.41988560557365417
1.5884662866592407
1.554964542388916
0
0
0
0
0
0
0
0
0
1.2987817525863647
1.6797249317169189
0.65483969449996948
0
0
0.013536821119487286
0.052759595215320587
0.23591499030590057
0.27209523320198059
0.088014692068099976
0
0
1.7302953004837036
1.7819919586181641
0
0.060193523764610291
0.21425500512123108
0.25829154253005981
0.42523995041847229
0.47590619325637817
0.43505474925041199
0.082956127822399139
0
0
1.4903759956359863
1.6775369644165039
0.33263349533081055
0
0
0
0
0
0.09382195770740509
0
0
0
0.81111574172973633
1.1672157049179077
0.80805730819702148
0.78613913059234619
0.7257269024848938
0.48567008972167969
0.39354643225669861
0.40038555860519409
0.47101175785064697
0.3358883261680603
0
0
0.07677043229341507
0.29629755020141602
0.28399348258972168
0.45821073651313782
0.55674993991851807
0.35847026109695435
0.14399154484272003
0
0
0
