0.73093092441558838
0
0
2.6551532745361328
1.2538985013961792
0
0
0.70849168300628662
0.24052202701568604
0
0.46284708380699158
0.8638496994972229
0
0
0
1.04063880443573
0
0
0.039899364113807678
0
0
0
0.80137127637863159
0.8258674144744873
0.070409223437309265
1.4089254140853882
0.4819563627243042
0
0
0.38130667805671692
0.81573861837387085
0.22782799601554871
2.2745463848114014
2.6120436191558838
0
0
0
0.29215854406356812
0
0
3.2820441722869873
1.5712903738021851
0
0
0
0
0
0
2.448660135269165
0
0
0
0
0
0
0
0.8420412540435791
0
0
0
0
0
0
0
0
0
0
0
0
1.8472520112991333
1.6942211389541626
0.35876548290252686
0
0
0
0
0.040703102946281433
1.3705922365188599
0.21622133255004883
0
0
0
0
0
1.0571844577789307
0.098341278731822968
0
0
0
0.04969218373298645
0.17857533693313599
0.55418473482131958
0.041155233979225159
0
0
0
0
0.35540297627449036
0
0.28039208054542542
0
0
0
0.40967601537704468
0
0
0.064594492316246033
0.4228610098361969
0.31827250123023987
1.4122089147567749
2.8285222053527832
2.9786174297332764
0.73469829559326172
0.64906483888626099
1.3295587301254272
1.368842601776123
2.317497730255127
4.1480679512023926
4.8232431411743164
4.9192147254943848
0.33399420976638794
1.4457439184188843
2.4544234275817871
3.0014503002166748
3.9559426307678223
4.2057023048400879
3.7043285369873047
3.3364548683166504
3.1561722755432129
2.9500834941864014
2.1982381343841553
0.74309712648391724
0
0
0
0
0.7936745285987854
0
0
0
0
0
0
0.17394468188285828
0
0
0
0
0
0
0.34552621841430664
0.40948393940925598
0
0
0
0
0
0
0.5414508581161499
0
0
0
0
0
0
0
0
0
0
0
0
0
0
0
0
0
0
0
0
0
0
0
0
0
2.0989120006561279
1.9894986152648926
2.4802858829498291
2.6180431842803955
2.1730437278747559
2.1527256965637207
3.1976068019866943
3.9801206588745117
1.458227276802063
0.36037090420722961
0
0
1.5249537229537964
0
0
0
0.34339639544487
0
0
0
0
0
0
0
0
0
0
0
0
0
0
0
0
0
1.9753663539886475
1.2443372011184692
0
0
0
0
0
2.4762721061706543
3.5301287174224854
0
0
0
0
0
1.1431219577789307
3.6171250343322754
1.0118492841720581
0
0
0
0
0
2.7098915576934814
3.6760826110839844
0
0
0
0
0
0
2.2807815074920654
1.5456304550170898
0
0
0
0
0
0
0
0
0
1.2680245637893677
3.3163940906524658
2.8444616794586182
1.1784870624542236
0.28570890426635742
0
0
0.72080528736114502
1.8301880359649658
2.5401296615600586
1.1412695646286011
0.71077644824981689
0.49739032983779907
0
0.25006461143493652
0.69591426849365234
1.4027760028839111
0.97011011838912964
0.85026252269744873
0.9825701117515564
0.64941030740737915
0
0
0.64791065454483032
1.2047090530395508
1.1362305879592896
1.2136013507843018
1.034860372543335
0.20870932936668396
0
0.26931831240653992
1.4151444435119629
1.5231430530548096
1.3488062620162964
1.1738988161087036
0.46808940172195435
0
0
0.89719372987747192
1.6828430891036987
1.765445351600647
1.6844040155410767
1.1142617464065552
0.18763470649719238
0.30687719583511353
0.26788890361785889
1.6548644304275513
2.0128090381622314
1.7487012147903442
1.0666124820709229
0.14980806410312653
0.061469830572605133
0.32493028044700623
0.057794872671365738
1.4782971143722534
1.8769799470901489
1.5140671730041504
0.46671813726425171
0
0
0
0.72081089019775391
3.294539213180542
3.8378641605377197
0
0
0
1.2397456169128418
0.32436436414718628
2.2708535194396973
1.9554826021194458
0
0
0
2.120347261428833
1.1939648389816284
0
0.15054640173912048
0
0
0
3.0788228511810303
2.9461584091186523
0
0
0
0
0
2.502544641494751
4.006922721862793
0.48557001352310181
0
0
0
0
1.0549747943878174
3.4816880226135254
1.2273337841033936
0
0
0
0
0.08707745373249054
2.4004759788513184
1.6681889295578003
0
0
0
0
0
1.1306194067001343
2.175260066986084
0
0
0
0.085961267352104187
0.15670961141586304
0.55424374341964722
1.6972224712371826
1.3253540992736816
0.19176429510116577
0.7093232274055481
1.8897466659545898
2.2443532943725586
2.7170708179473877
1.8831924200057983
0
0
1.1406480073928833
1.5998153686523438
0
0
0
0.31499791145324707
0
1.7417291402816772
4.6329774856567383
1.8419207334518433
0
0
0
0
1.1215524673461914
4.6619329452514648
4.0175857543945312
0
0
0
0.15146097540855408
0.24134233593940735
3.6999139785766602
4.7951250076293945
0.8659854531288147
0
0
0.15742984414100647
0.2111237496137619
2.1464276313781738
4.5458955764770508
2.7500600814819336
0
0
0.10059115290641785
0.32737848162651062
0.10699325799942017
3.5735001564025879
3.4569756984710693
0.073127575218677521
0
0.059739656746387482
0.68645346164703369
0.57937365770339966
0.66695523262023926
3.9182913303375244
1.3270138502120972
0
0
0.61497318744659424
1.03062903881073
1.1463553905487061
1.226530909538269
2.7802226543426514
0
0
0
0
0
0
0
0.12683004140853882
1.1457774639129639
1.1478191614151001
0.4297926127910614
0.54476428031921387
1.0309159755706787
0
0
0
0
0
0
0
0
0.068827524781227112
0.042432293295860291
0
0
0
0
0
0
0.070871971547603607
0.23691143095493317
0
0
0
0
0
0
0
0.065931543707847595
0
0
0
0
0
0
0
0
0.81190323829650879
1.1889966726303101
0.10464346408843994
0
0
0
0
0
1.5169168710708618
3.640148401260376
4.1700491905212402
2.7633202075958252
1.6129004955291748
1.0223807096481323
1.0706467628479004
1.6417919397354126
0
1.3003454208374023
3.9549543857574463
4.4374346733093262
3.869713306427002
2.9557733535766602
2.0157456398010254
1.7678811550140381
0
0
0.47369551658630371
1.9315494298934937
0
0
1.2774730920791626
1.3765000104904175
0
0
2.4212262630462646
0.94712948799133301
0
0
1.9864088296890259
1.4371006488800049
0.45151102542877197
1.1346848011016846
1.0955325365066528
0
0
1.2999464273452759
2.7549643516540527
1.0396803617477417
1.3869878053665161
1.1638612747192383
0
0
0.048035919666290283
3.1239228248596191
2.0010244846343994
0.23614175617694855
1.1680173873901367
0
0
0
2.6529302597045898
2.8945291042327881
0.65717852115631104
0
1.230170726776123
0
0
1.0291558504104614
2.6685786247253418
1.0335005521774292
0
0
0.87217968702316284
0
0
2.0529720783233643
1.0601071119308472
0
0
0
0
0
0
1.4089246988296509
0
0
0
0
0
0.2755800187587738
1.2802643775939941
0
0
0.2790464460849762
0.19736219942569733
0
0.11740501970052719
0.57537221908569336
0.48236769437789917
0
0.073400355875492096
1.6007034778594971
0.18614436686038971
0
0.36861670017242432
0.36430442333221436
0.21746334433555603
0.78530752658843994
1.936740517616272
1.2247937917709351
0
0
0.35805001854896545
0.60415154695510864
1.3653697967529297
2.5155453681945801
2.2940514087677002
0
0
0
0.70734453201293945
1.6523261070251465
2.7907264232635498
3.2549371719360352
1.0655299425125122
0
0
0
0.85329824686050415
2.9054956436157227
4.5105686187744141
3.3547124862670898
0.063221514225006104
0
0
0.36290279030799866
0.25994646549224854
2.2232732772827148
3.5625
1.4478391408920288
0
0
0
0
0
0.10641920566558838
0.19324721395969391
0
0
0
0
0
0
0
0
0
0
0
0
0
0
0
0.83967012166976929
0
0
0
0
0.92709779739379883
0
0.7658156156539917
1.6639370918273926
0
0
0
1.9046401977539062
1.5423629283905029
1.7447009086608887
1.1370574235916138
0
0
0
0.79280751943588257
2.6260824203491211
1.2258409261703491
1.277219295501709
0
0
0
0
3.4605526924133301
2.5399231910705566
1.3673206567764282
0.15326905250549316
0
0
0
3.3634042739868164
3.5328695774078369
2.1279401779174805
1.1369763612747192
0
0
0
0
0.1660730242729187
0
0
0
0
0
0
0
0
0
0
0
0
0
0
0
0
0.40340045094490051
0.98956513404846191
0.55464154481887817
0
0
0.16806422173976898
1.0835866928100586
0
0
0.10130247473716736
0.38900169730186462
0.53650772571563721
1.1364843845367432
0.64710032939910889
0
0
0
0
0
1.1465741395950317
1.2494664192199707
0.056436315178871155
0
0
0
0
0
0.76620942354202271
0.27792584896087646
0
0
0
0
0
0
0.85935872793197632
0.44088813662528992
0.60325002670288086
0.73845821619033813
1.3647019863128662
1.4091697931289673
1.5290188789367676
2.1193726062774658
0.76891869306564331
1.8617995977401733
3.8071680068969727
5.0193438529968262
4.812809944152832
4.5741763114929199
4.3420910835266113
4.4369616508483887
0
0
0.42874568700790405
2.5316092967987061
2.5667514801025391
2.0572347640991211
1.4138189554214478
0.36930572986602783
0
0.52136820554733276
0
0
0
4.3481183052062988
3.6647367477416992
0.67139595746994019
0.22692784667015076
0.025951780378818512
0
0
2.2152633666992188
4.4757652282714844
2.2322483062744141
0.088004529476165771
0.074457868933677673
0
0
0.12967692315578461
4.0233287811279297
2.7452120780944824
0.31042477488517761
0
0
0
0
3.479881763458252
4.2967681884765625
1.4438600540161133
0
0
0
0
0.67780441045761108
4.2678403854370117
2.2798149585723877
0
0
0
0
0
1.8570202589035034
2.5382242202758789
0.11766400933265686
0
0
0
0
0
1.4881448745727539
0.82027679681777954
0
0
0
0
0
0
0.84267842769622803
0.18918497860431671
0
0
0
0
0
0
0
0
2.2710342407226562
3.8230400085449219
1.8790421485900879
0.40818339586257935
0
0
0
0
0.54657948017120361
2.9746921062469482
2.0526013374328613
0.42528811097145081
0
0
0
0
0
1.057974100112915
1.2210029363632202
0.31818190217018127
0
0
0
0
0.16689515113830566
0.4817008376121521
0.27496299147605896
0.28321978449821472
0
0
0
0.35926854610443115
0.097675472497940063
0
0
0
0
0
1.2466392517089844
0.92138487100601196
0.13687248528003693
0
0
0.05131160095334053
0
0.34019693732261658
2.413975715637207
1.8928974866867065
0.91892731189727783
0.41218620538711548
0
0.079738669097423553
0
0
0
0
0
0
0
0
2.6258277893066406
1.7038238048553467
0
0
0
0.94098669290542603
0.59319150447845459
0
0.51490604877471924
0
0
0.02379782497882843
3.4263339042663574
2.7785487174987793
0.35571414232254028
0
0
0
0
4.1502685546875
3.8820300102233887
1.1675240993499756
0
0
0
0
2.5251317024230957
4.0938873291015625
1.4718927145004272
0
0
0
0
0.39771127700805664
2.7875444889068604
1.0399148464202881
0
0
0
0
0
1.3638228178024292
0.86894267797470093
0
0
0
0
0
1.5297824144363403
2.4271636009216309
1.0168871879577637
0
0
0.15947763621807098
0.3994966447353363
1.2875304222106934
2.6371786594390869
2.2039291858673096
1.7385931015014648
1.4860224723815918
1.5325318574905396
1.9437897205352783
2.33064866065979
2.3936655521392822
0.314583420753479
0
0
0.08668942004442215
0
0
0
0
0
0
0
0.72883445024490356
0.37592130899429321
0
0
0
0
0.88537979125976562
0.47556596994400024
0
0
0
0
0
0
0.034808944910764694
0
0
0
0
0
0
0
0
0
0
0
0
0
0
0.16346922516822815
0.29420635104179382
0.26554659008979797
0.23652760684490204
0
0
0
0.43702083826065063
0.27217203378677368
1.622004508972168
3.2145876884460449
4.1736111640930176
3.4323439598083496
2.966397762298584
3.1319727897644043
3.5521116256713867
0.24115443229675293
1.5081965923309326
3.0180437564849854
4.3637237548828125
4.87933349609375
4.9775896072387695
4.4235653877258301
3.4971990585327148
