5.7154207229614258
0
0
3.9993360042572021
7.184715747833252
5.8938007354736328
0.84904974699020386
4.8502411842346191
0.92426842451095581
0
3.5941629409790039
0
0
0
5.8704309463500977
0
7.1465716361999512
3.1609814167022705
0.41972985863685608
3.0944349765777588
8.1099672317504883
8.5661735534667969
6.7020435333251953
6.2305970191955566
1.98404860496521
0
3.9760274887084961
0
0
0.68821263313293457
1.1802551746368408
4.272613525390625
0
4.3194632530212402
3.3115804195404053
0
0.16661739349365234
4.3101367950439453
5.9841098785400391
0.28197589516639709
5.2544798851013184
0
0
0
0
0.48750150203704834
4.6377439498901367
0
0
0.39572077989578247
5.897061824798584
0.40322041511535645
0.64668458700180054
0
0
0
0
0
0
0
0
0
0.434684157371521
5.6150240898132324
3.9742181301116943
4.0806183815002441
2.3252367973327637
0
0
0
3.7131795883178711
5.2145051956176758
6.627932071685791
0
0
3.8168697357177734
0
0.046451419591903687
0
2.441753625869751
4.0473008155822754
0
6.0374641418457031
0
0
0.61396181583404541
0.58868205547332764
0
0
0
0
0
4.0759820938110352
0
0
1.2709822654724121
0
3.8190793991088867
0
7.8037052154541016
2.3664951324462891
0.58379143476486206
0
4.858405590057373
0
6.9517102241516113
7.2145528793334961
0
0
0.22501309216022491
0
0.012924909591674805
1.4836043119430542
0
0
3.7913305759429932
0.22821179032325745
0
0
0
