0
10.007804870605469
0
3.3180487155914307
4.6547651290893555
5.6304793357849121
6.9756550788879395
1.1103448867797852
8.1205730438232422
0.37383460998535156
1.6927247047424316
11.696910858154297
0
0
10.88667106628418
6.1472744941711426
1.1353594064712524
0
5.0473318099975586
0
4.5522174835205078
0
0
0
6.0061521530151367
8.3857250213623047
0
0
3.2482662200927734
0
6.6352043151855469
0
5.3714199066162109
0
10.919690132141113
0
8.9482336044311523
0
1.9579442739486694
0
0
0
6.7938270568847656
1.9362138509750366
1.4581607580184937
6.5102486610412598
11.518520355224609
5.8158707618713379
14.051034927368164
1.6505142450332642
0
0
4.4298372268676758
0
0
0.56187468767166138
0
0
0
4.7809019088745117
0
1.0123690366744995
3.7700910568237305
14.614933013916016
0
0
0
0
9.0485782623291016
1.1984736919403076
0
1.9305756092071533
2.1637680530548096
0
0
0
4.1081714630126953
7.2030177116394043
0.67931854724884033
0
4.1147985458374023
0.82620882987976074
0
0
