0.113274299
-0.138970599
-0.272324353
-0.294632196
-0.2994093
-0.121239997
-0.181388184
-0.192194223
-0.274380058
-0.386894017
-0.0384118296
0.0512259938
-0.140977696
-0.375672162
-0.412161142
0.18808122
0.0471873395
-0.305636019
-0.493634969
-0.405761212
0.119431764
-0.256400615
-0.326529324
-0.357653052
-0.104048267
-0.00223292643
-0.10420388
-0.116223462
-0.248039156
-0.0803424791
0.0316922963
0.0887061656
-0.139956728
-0.244150862
0.0826660767
0.120002545
0.0676556602
-0.171750918
-0.278868616
0.149104536
0.130376413
-0.00375434849
-0.177624419
-0.164711386
-0.0367157198
-0.121650986
-0.127558276
-0.206652686
-0.0640036911
-0.0856575593
-0.0120312572
0.00777553255
-0.0316661038
0.0971507505
0.100478992
0.124009103
0.115475744
-0.0861932933
0.0306455772
0.0282006618
0.0574172437
-0.0397461727
-0.00557039678
-0.0175661873
0.0264700074
0.0565248244
-0.0245518219
-0.0662497655
0.00999902934
0.00151544146
-0.0297442786
-0.0484104753
-0.085552156
-0.00160674378
-0.015145462
0.00512224715
-0.0731785446
0.110092081
0.0862351954
0.0681487918
0.0972065628
0.00695283106
0.0471608527
0.0825082287
0.132396877
0.0720608309
0.00193021598
0.0603789687
0.107678056
-0.00141296268
0.104827128
-0.163664371
0.00980240293
0.11267665
0.00946362317
0.0143534783
-0.0669137165
-0.0766299143
0.094083406
-0.0223369673
-0.0355994664
0.0163114201
0.0570903905
0.081421636
0.0548180304
0.0227941126
0.00839150604
0.102510884
0.0801540762
0.0127095124
0.0474832095
-0.095185712
0.110376537
0.131205991
0.0391027294
-0.022012895
-0.0126766749
0.0474387631
0.120770872
-0.142207533
-0.0508176275
-0.00766391214
-0.0333628617
0.0829699114
-0.0869693458
-0.0769640133
0.155382976
0.111269422
0.00613264041
0.0329039954
-0.0378533825
0.0916201249
0.168272123
0.136263162
0.0387547016
0.0171012003
-0.0169289447
0.187812656
0.178008288
-0.156643197
-0.101385735
-0.0868104622
0.162070647
0.160811007
-0.0791092813
-0.132982269
-0.136389285
0.147898659
0.307346582
0.237630427
0.0390429348
0.0760313123
0.157443941
0.072665453
-0.0666347072
0.0937267616
0.157023981
0.12282832
0.0419492759
0.0626854375
0.173317015
0.320006698
0.183051765
0.113749333
-0.0893936157
0.072810255
0.0918145552
0.253933042
0.246157423
0.255777001
-0.176170632
-0.139973283
0.0521150716
0.0665903538
0.237551168
-0.00578626944
-0.0137931406
-0.164464235
-0.0539270602
0.0734252706
-0.0195911955
-0.209637076
-0.149194375
-0.320590287
-0.218472824
0.0437797122
0.0549002402
0.120310277
-0.0680899769
-0.16079703
0.0966109633
0.115373157
0.0619488843
0.180997819
0.14558129
0.0680052787
0.0459697209
0.08666493
0.0405836776
0.192914486
-0.0864306837
-0.0781154707
-0.111906335
-0.106519192
-0.131325111
-0.0831522495
-0.0851365253
-0.05855662
-0.0375942402
-0.123585567
-0.0287587587
0.131743714
0.115078114
0.117015719
0.0359639078
0.171392128
0.115689903
0.156215861
0.0298430603
0.163175628
0.150648862
-0.00696093543
0.0663044155
0.0410453826
0.0545396246
-0.0405627377
-0.149120122
-0.0358505994
-0.0180677474
-0.0449266732
-0.0750566646
-0.0972395539
-0.125238433
-0.14300561
-0.0570956729
-0.141308576
-0.012345043
-0.132012695
-0.111053877
0.0064415778
0.144595236
0.0792320892
0.0929698423
0.117814273
0.0683829188
0.14049603
0.0422397777
0.0272489116
-0.00717515452
-0.0433401689
-0.0362444818
-0.158225611
-0.123268329
-0.0732510835
-0.125319079
-0.150293693
0.0527177379
-0.0324128531
-0.0276776776
0.0160421636
-0.0493339151
-0.0196785815
0.0882117823
0.0995596722
0.0784146488
0.140913829
0.0935682654
0.0947774053
0.0236063451
0.0178705081
0.143962204
-0.000177546157
0.00497508654
-0.0327797644
0.00175985787
-0.0783808827
-0.0791950002
-0.0949803069
0.0644893423
-0.0908405781
-0.0670851767
-0.0093124127
-0.105084658
0.031971734
-0.0922095552
0.0264299251
-0.0237969439
-0.174067453
-0.0932013616
-0.235375762
0.0889814198
0.047778897
0.0511303395
-0.0417049117
-0.0436985008
-0.0396662578
-0.132550627
0.00774299353
-0.21740599
-0.0410584547
-0.290877223
-0.292417496
-0.138721466
-0.0732862949
-0.0426626168
-0.183144391
-0.165509254
-0.0290642921
0.00423819246
-0.0744895041
0.212862596
0.262654394
0.204505488
0.230495453
0.261778593
0.127768114
0.250457823
0.352791071
0.337960094
0.350711644
-0.0831791684
-0.0952689871
0.00308020902
0.00768259307
-0.258527994
-0.249505445
-0.182392284
-0.134450123
-0.261988193
-0.192358688
-0.0191281382
-0.0822180137
0.0557328239
0.0226571541
-0.0117041832
0.12866798
0.160385787
0.0864835531
0.223497033
0.285418242
0.0594187044
0.115891196
0.190341994
0.246872932
0.101597808
-0.229825139
-0.0533763655
-0.0718339235
-0.277360052
-0.188381195
-0.052824609
-0.0398911834
-0.0490278378
-0.0274805371
-0.0498272814
0.0681662261
0.146294877
0.0412514359
0.0825203583
0.0782585219
0.051173117
-0.0549469739
0.0536684245
0.140545532
0.0536503196
-0.137966752
-0.121872336
-0.186719805
-0.13646321
-0.10103935
0.00475305878
-0.0815267637
-0.136725113
0.0650246888
-0.0573187098
0.158026725
0.0355994217
0.030735109
-0.0706453025
-0.00120133604
0.00297866855
0.00408660807
-0.0209815744
0.0237605609
0.0866926536
-0.0400908552
0.00885107461
-0.00792555325
-0.0119585451
0.135975108
-0.0742627531
-0.145602375
-0.13004303
0.030987082
-0.0278030653
0.00673855422
-0.105266877
-0.158399194
-0.0966334939
-0.0765623301
0.174057677
-0.0458441153
0.0747242644
-0.00889519043
0.024346238
0.0313077383
0.0908551291
0.0389763936
0.0383226164
0.0554311424
-0.0648108795
-0.163151786
-0.0709402412
0.0233933087
-0.0106743006
-0.162284061
-0.221703723
-0.206733599
-0.051714424
-0.0917634889
0.0239999983
-0.162346452
-0.0550179593
-0.0105530191
-0.00892577227
0.169991449
-0.0490390472
-0.0144400271
-0.10904143
-0.171498403
0.0100710988
-0.0422220826
-0.0318398066
-0.0899153352
-0.0367510952
0.0327375717
0.0131975366
-0.0957070291
-0.019990135
-0.000750111125
-0.044065211
-0.0415879674
0.0410201587
-0.0196442679
0.0746334493
-0.147489503
-0.0685284659
0.0500528216
0.074978739
-0.0124515491
-0.292502552
-0.377967626
-0.43039465
-0.475650012
-0.527726054
-0.291607946
-0.396752685
-0.438810647
-0.522415996
-0.333329141
-0.0200781487
-0.149532199
-0.285153806
-0.501505673
-0.234086633
0.262842119
-0.00471823383
-0.195408374
-0.208077431
-0.0917557403
0.0788538978
-0.175770387
-0.16685456
-0.0263896622
0.099286966
-0.243721291
-0.125441104
-0.334040165
-0.130217999
0.0675069988
-0.142961189
-0.16634886
-0.280618846
-0.125420094
0.120500021
0.152362555
-0.169586509
-0.110306397
0.072195217
0.026733363
0.0711564273
-0.0719651282
0.0349234976
0.110166773
-0.0848344117
-0.182690486
-0.0734472945
0.0590572841
0.0412861779
0.104921833
-0.0284180734
-0.108570538
-0.0365552679
0.0677738041
0.127990946
0.129790962
-0.00756593095
-0.0456726365
0.101499543
0.0220348705
-0.0310415551
0.0019451197
-0.00307822437
0.00552783115
-0.0276208278
-0.0934298262
0.00745699368
0.0190033894
0.0289500598
-0.0765924156
-0.0328917429
-0.02724717
-0.00620820047
-0.0827107579
-0.0170021765
-0.0876155794
-0.082300052
0.049407836
0.157747552
0.00106078328
-0.00343967346
-0.0262742452
0.0863197073
0.119606242
0.00074919709
0.0770841986
-0.0672895163
0.0454969406
0.0655835792
-0.00153962988
-0.0418486483
-0.0297520608
0.0551779456
0.0750527829
-0.0538513511
-0.0277143456
-0.0421425663
-0.0540297851
-0.0103314333
0.0771581456
-0.0606609359
-0.0252357405
0.0286061261
0.106237516
0.0652246848
0.0412019156
-0.0793996528
0.13544786
0.165817305
-0.0998451784
-0.0267496109
-0.0469222926
0.0399451219
0.0332892202
-0.147211403
-0.0820262358
-0.0425757617
0.136306375
0.00888882019
-0.116120785
-0.0137863932
0.100839607
0.0746216252
-0.104559951
-0.0901154354
0.0283529107
0.0780589208
0.19958277
0.117197163
-0.0293290745
-0.172288835
0.0159605686
0.241378874
0.100696288
-0.146634802
-0.196716309
0.0956870392
0.123055376
-0.0277576931
-0.153004616
-0.0610769242
0.0643505305
0.146551982
0.112231582
-0.109699436
0.120187432
0.0507997274
0.0828460306
0.141564086
0.0572934896
-0.0740212351
-0.143573985
-0.116698943
0.00710882852
0.146058336
-0.0637647659
-0.108849958
-0.0623053238
-0.165369853
-0.10878057
0.150904074
0.113088802
-0.05300349
-0.097181201
-0.219226226
0.00744268531
0.0236034654
-0.126948193
-0.0525678396
-0.122896008
0.0424634889
-0.0542552732
-0.0798168629
0.0138380406
0.0855750516
-0.0922319293
-0.108252086
-0.0422298238
0.106606968
0.114788055
-0.00868569501
-0.0464594774
-0.184751555
-0.0660670251
-0.0100181047
0.145659953
-0.115124024
-0.167452678
-0.103607319
-0.0339020975
-0.0578680299
-0.103772372
0.0877796859
-0.0470929295
0.0536388941
-0.0783277154
0.0792151242
-0.0437881164
-0.0176811703
-0.026985215
0.0246549118
0.141471162
0.0874500424
-0.012298082
0.0618687831
0.0875558034
0.0719422773
0.011518633
0.0327421091
0.0462659821
0.0245660786
-0.00521658873
-0.019452149
0.0900498331
0.0295271799
-0.116560951
0.0651471466
0.063186273
0.0574985929
0.00490201404
0.0686408356
-0.0131673124
-0.0204273518
-0.0179269686
0.0450686254
0.0621964931
0.167154372
0.0636371598
0.090234749
0.0321868546
0.0450807959
0.0500678122
0.00921715982
0.015147388
0.0317691676
0.0670705214
0.0848767832
0.037565235
0.0500830784
0.0254597664
0.0220670663
0.0803044811
0.0899645686
0.0893367007
-0.0201636609
-0.0367558524
0.0219258182
0.040955469
-0.00817635749
-0.0265497733
0.0214198064
0.140197143
0.0420325734
0.0912092775
-0.0721589103
0.132060394
0.0499588922
0.0562955178
0.0248470381
-0.115305565
-0.0823095739
0.00335525931
0.0131461704
0.0436025597
-0.111487895
0.0201231502
-0.00556342443
0.0288934484
0.0447173417
0.0117794666
0.0623169951
0.0793056712
-0.0135365808
-0.0692376345
-0.0306207482
0.0670983195
0.0942636281
0.0214452837
-0.119124427
-0.00332500553
-0.0235152114
0.0287917331
0.00762969814
-0.106233925
-0.0848337635
0.0361238308
0.0699717477
0.134228975
-0.0722503811
-0.00571297714
0.00547984103
-0.00263534999
0.122147307
0.0130076716
-0.0818049684
-0.0279001109
-0.093612127
-0.0820173994
-0.0179725252
-0.139713258
0.173544303
0.108892307
0.0999743044
0.000275972445
-0.169510245
-0.00876995735
-0.0193553437
-0.111272402
-0.0361004621
0.16548948
-0.101702824
-0.047757715
0.0426765569
0.104613505
0.233397841
-0.119861804
0.00334946043
0.201603055
0.0939270556
-0.0491761267
0.0161158312
0.10461022
0.156639308
-0.00741551397
0.0544799902
0.0930919424
-0.0930590928
-0.141481653
-0.0498333909
-0.0728913248
-0.0646073595
-0.178599879
0.0830635652
0.21886161
0.0924395472
-0.060418155
0.100944743
0.18470639
0.131237909
0.0936076716
0.0662877038
0.0726006255
-0.0395367071
0.00287438207
0.00186275772
0.149452329
0.0447344929
-0.110201128
0.00821239594
0.0626439601
-0.0607856885
-0.100489564
-0.00100093009
0.090233542
0.0901877433
-0.064741388
-0.0109233717
0.122051835
0.143170774
-0.0560131595
0.0462481491
0.154940277
0.0376353674
0.00230255583
0.0798238441
0.00189219927
0.0278421417
-0.0732829943
-0.107734203
-0.0768970102
0.0269719418
-0.125339493
-0.0840069875
-0.0479242913
0.0511140302
-0.0701747984
-0.0580499619
-0.0605640858
0.0609256923
-0.00711967656
0.0226998497
0.0689887032
0.0982199833
0.0496016033
0.0564937294
0.0105474032
0.223979086
0.118724436
0.0121940905
-0.0212923139
0.110283546
0.159490824
0.0668875426
-0.0538927689
0.0208293144
0.0614608005
-0.0947611332
-0.0832329616
-0.0479322225
0.0280719325
-0.121503107
-0.12411119
0.0123586617
0.0826587677
-0.00950158853
-0.12997359
0.101599336
0.0747451782
0.0257642139
0.0605169684
0.0820300877
0.156768858
0.0986619219
-0.104623035
-0.077070117
0.0602174401
-0.0276759248
-0.162085161
-0.0544356108
-0.0130363628
-0.0231485013
-0.129096702
0.0177704431
0.0140444422
0.0718521401
-0.0910453945
0.0259441268
0.146302
0.0592445433
-0.132358387
0.0191207994
-0.00140062592
-0.0246133972
-0.0639029592
-0.0464984439
0.088777408
-0.0171264578
-0.255025446
-0.181912497
-0.0462747626
-0.01182146
-0.135034099
-0.129169941
-0.137114197
-0.035628859
-0.080304414
0.00430639228
0.0673713014
-0.0566897765
-0.195643634
-0.220455259
-0.13177076
-0.0549505502
-0.140168518
-0.248583883
0.0453609601
-0.0410182476
-0.0763846263
-0.137467831
-0.431658536
0.220779985
-0.0510447957
-0.250736058
-0.26923272
-0.358651131
0.158846438
-0.142949179
-0.395935386
-0.382861972
-0.0215460099
0.0572028123
0.0416933671
-0.106280886
-0.0532041863
0.00841834862
-0.0445979983
0.11423365
0.126377255
-0.0257264972
-0.049791079
0.00737129105
0.00916976295
-0.106612973
0.0325204916
0.0460560247
0.00917834323
-0.0574138947
-0.113593891
-0.0701242164
0.0792865753
0.0348905027
-0.156986088
0.0434331112
0.146209791
-0.00862252712
0.0844724029
-0.00337341498
-0.0249809548
0.0548222661
-0.01836567
0.0476882234
0.0096237883
0.0199937411
0.00815260876
0.0936020836
-0.0608216114
-0.0514502935
-0.182132155
0.0862974375
0.126335174
-0.0741928667
-0.163874254
-0.0130889891
0.152782217
-0.0407763496
0.0326348171
0.0861348361
0.0181498062
0.0506028347
0.0173735395
-0.0257367399
0.0780057982
0.0441528372
0.0168156382
-0.0900009796
0.0343223587
-0.00855290517
0.10591238
-0.0172376484
0.136012748
-0.0175140705
0.00924360193
0.0383527875
0.122579657
0.145571396
-0.00126207201
-0.139803812
-0.14059408
0.0935954824
0.220112592
0.0223307684
-0.0780218467
0.0997298658
0.142035991
0.0314726904
-0.0215534363
0.139418915
0.0538792349
-0.00573797105
-0.0111798123
0.0314819254
-0.0611327142
0.0142040923
0.107110873
0.117168896
0.0727898031
-0.0526578054
-0.0960444584
0.135186002
0.132308289
-0.0772558004
-0.0988159701
0.0673404709
0.158724353
-0.0521326661
0.0259990674
-0.0501385443
0.023760492
0.0573404543
-0.0291706938
0.0131347068
0.119157925
0.0512361526
0.00477773091
-0.0550080091
0.0430637039
0.0707067922
0.00783879776
0.0412556827
0.175335288
0.134714991
-0.0630188808
-0.00204718346
0.145579875
0.104240395
-0.0274264328
-0.0602338947
0.0564030483
0.189750299
-0.0904276818
0.011178636
0.0775749534
0.001234825
-0.0284091439
-0.0622878112
-0.0434275828
-0.027222624
-0.155410603
0.104879767
-0.0990177318
-0.0540614948
-0.0729269981
-0.0398144461
-0.0537088402
0.0672475398
-0.00540192472
-0.103768125
-0.154917598
0.0457909815
0.145676658
0.0841116235
0.0462832786
-0.0197380595
0.0473584235
0.116832174
0.010725271
0.125871867
0.27268824
0.2152825
-0.0287308767
-0.131580606
0.0881156921
0.318248868
0.270099401
0.293939471
-0.0502184629
-0.135249346
-0.0583714396
-0.0313630588
0.010061604
-0.0657330826
-0.236531198
-0.0555005819
-0.0144390725
0.0765813142
0.111577891
-0.015226665
-0.145260528
-0.079238534
-0.0624322221
-0.0500429347
0.0990281478
0.109346882
-0.00682260096
-0.126942903
-0.178349376
0.0934050903
0.114370294
0.0692896619
0.0871593133
0.000914814358
-0.0342896357
-0.112012856
-0.0500307679
0.0363085009
0.122948088
0.0668128654
0.0961399749
-0.0401669368
-0.0302904714
0.00283652171
0.138909116
0.141977921
0.11255689
0.00538674649
-0.0892716944
0.0974881202
0.0516724326
0.119645149
0.0677249283
-0.235736355
-0.232487321
-0.0782247409
0.0545396321
0.0815714747
0.049539458
0.0339832231
-0.0437721498
0.0983620733
0.038475167
0.084816128
0.127631366
0.126655281
0.0441950336
0.0369821712
0.0492110141
0.137257427
0.111813374
0.0954361185
-0.0265099797
-0.0881477967
-0.0775537342
0.076933153
0.107749708
-0.0193953197
-0.107535526
-0.135967702
0.00817566272
0.00960522704
0.0303255618
0.0205666125
-0.00818881486
-0.0786032602
-0.0960446224
0.0346261151
0.121715799
0.134034723
-0.00901023112
-0.0615237691
-0.00484340079
-0.0378153101
0.137924135
0.0723251775
0.0964529961
-0.0141518693
-0.158186376
-0.0327981822
0.0103007955
0.0368271582
0.0278016143
-0.22071135
-0.14024739
-0.128391102
-0.0558223501
0.0021063406
-0.0240885243
-0.146131918
-0.0850953832
-0.0952112749
0.0051288791
0.0487672538
-0.0257541556
-0.257318735
-0.0980403125
-0.0494942553
0.0786915123
0.135503158
-0.146277443
-0.102580667
-0.15085499
0.154995903
0.136694834
0.0419528112
-0.0857130587
-0.150996909
-0.044224482
-0.0139955971
0.01230588
0.0662430599
0.0221903995
-0.0924501196
-0.112378068
-0.0776811391
0.0875348225
-0.0104969405
-0.360286504
-0.282424748
-0.207957253
-0.12153329
-0.226929784
0.010043554
-0.195069507
-0.105927005
-0.277232051
-0.362161458
0.166359767
0.0294403918
0.00731376931
-0.11010623
-0.239253193
0.0904495195
-0.0327371582
-0.103565052
0.0474947654
0.0627864599
-0.122189723
0.0869550183
0.1276256
-0.00591726601
-0.180016473
-0.0590493791
0.0850130469
0.0780926049
-0.0376444682
-0.256187111
0.0878531486
0.176954702
-0.0614580624
-0.261700422
-0.182628945
0.102928296
0.107317448
-0.051866252
-0.0795217529
-0.0288284086
-0.0747609213
-0.0142548541
0.00780793559
0.0300036427
0.0456020124
0.0484455414
0.0613602176
-0.0162470397
0.0232924595
0.0414090343
0.0803611651
0.0188121721
-0.0743371472
-0.0668496713
0.0621141121
0.0476535484
0.0284732208
-0.166344672
-0.0445786752
-0.0538147017
0.0669842586
-0.0156512018
-0.116257638
-0.00387718971
0.0379165858
-0.0728293136
0.0577416904
-0.0826135129
0.0255651865
0.0617490783
-0.00874934532
0.040271692
-0.0125458045
0.0669563636
0.176776037
0.110029429
0.118110463
0.045570828
-0.0982890204
0.182510406
0.197699592
0.000705169397
-0.141539678
0.00789866131
0.152652815
0.108350702
0.0330539159
-0.103973866
0.0646609515
0.0734697357
0.00355480728
0.0470865518
-0.0472844169
-0.0633637458
-0.099125959
0.114187434
0.0859565139
0.0786578357
0.0343660153
0.00502974261
0.109715246
0.00973047223
-0.146583095
0.0404370986
0.0931912735
0.0381690748
-0.0848865733
-0.172581613
0.0108222403
0.0538952388
-0.00879633054
-0.0600951798
-0.0907611772
0.0174219944
-0.0546439961
-0.0116462624
-0.0654028058
-0.0145855537
-0.0142260119
0.00644472567
0.103667669
0.0879729837
0.0847486556
0.27018553
0.0582557172
0.170211568
0.00967222266
-0.112332314
0.249492198
0.0999419987
0.0522040427
-0.0833749324
-0.133120924
0.209564015
0.0772206485
0.0405156799
-0.0973409563
-0.0211554728
0.0764062628
0.0435901545
0.0784640908
0.0896796808
-0.0688560158
0.0505554043
0.114142329
-0.0337702893
-0.115964234
-0.122267999
-0.162977964
-0.14446415
0.0531769469
-0.251506776
-0.309784889
-0.112115011
-0.0140394801
-0.29906112
-0.482681632
-0.482577682
-0.188029885
0.0080915587
-0.432257801
-0.422264546
-0.282355547
-0.272505641
0.0416564532
-0.210657254
-0.168805793
-0.131971061
-0.0168896038
0.113855012
0.0438787267
-0.0259385817
-0.0164657775
0.0536970533
-0.0281604026
-0.119989231
-0.097764425
0.0267085694
0.0803874806
-0.0119146565
-0.152990714
-0.264453292
-0.109564871
-0.0112072583
0.0913967192
-0.130488753
-0.18852286
-0.322944432
-0.154487357
-0.00376651087
-0.164305195
-0.0687848032
0.0208682213
-0.0498588085
0.050083261
-0.0939942598
-0.0920829177
-0.00637855334
0.00763840508
-0.118497446
-0.0875302628
0.0868073627
0.156874418
0.0560144186
0.0266361926
0.0343826786
0.0791548043
0.105521716
-0.0944459662
0.0315529965
0.0241609011
0.0689246282
-0.0316179208
0.00407688832
0.0364964493
-0.110841446
-0.00190155837
0.0737791583
0.0849347487
0.0679585263
0.034287788
-0.0746876225
0.0538336784
0.0686379373
0.0923139676
0.0092559699
0.144550338
0.176708698
0.104551189
0.038155444
0.120616458
0.204756811
0.0836408958
0.0758360177
0.0831767768
0.0492648743
0.117226414
0.122053973
-0.00598242646
0.0879905149
-0.0823214203
-0.109167993
0.0774509236
0.0728266463
0.058187902
-0.0392737016
0.00661501242
-0.0289596133
0.0427864417
-0.0521866344
0.0144042326
0.143427581
0.120801479
0.0804246366
-0.0421230979
0.145701483
0.18064183
0.114171661
0.0299266484
-0.0269692447
0.144528523
0.105845504
-0.0299873967
0.0478828512
0.0906320438
-0.103077196
-0.0304885544
0.00959090889
-0.00440672506
-0.0082865255
-0.0274814703
0.103594922
-0.00407299818
0.0832302049
-0.0118996017
0.211885154
0.162094221
-0.0492353439
0.0428288989
-0.031230662
0.159792081
0.185432047
0.00505621219
-0.0134833474
0.053072419
0.0839631408
0.0717456415
-0.0405946113
-0.0907659456
-0.0618721582
-0.0112705771
0.0721796006
0.0201341249
-0.0865199268
-0.02191112
-0.0301531609
-0.183518887
-0.340061277
-0.0286308751
0.0514341667
-0.19432053
-0.258073449
-0.247338757
-0.289024085
-0.303008676
0.137008503
0.0417321883
-0.251255959
-0.506992698
-0.590967715
0.206375137
-0.0172738489
-0.419547409
-0.259206623
-0.242837742
-0.218768343
-0.475435078
-0.216826349
0.0468011796
0.0615322441
0.157097578
0.0482872091
0.0689793378
0.0681634471
0.0880289227
0.107955948
0.139338478
-0.0477092117
-0.255794287
-0.0564560518
0.136910975
0.133148193
-0.305963635
-0.238771275
-0.0173400305
-0.120104045
-0.152170077
-0.314505279
0.0370852724
0.0627892241
-0.269920141
-0.179226682
0.00434196461
0.0981892794
0.174055681
0.142384201
0.0301861092
0.0122759426
-0.11606469
-0.107153893
0.0844435617
-0.00404182356
-0.108190663
-0.286877573
-0.109351091
0.0334259756
-0.0982904062
-0.22403039
-0.123495474
0.123495445
-0.125326574
-0.0990777761
0.00612826785
0.0220118612
0.0761950985
-0.0867217481
0.144033805
0.0258763507
0.0416222699
0.114447497
0.0500410572
0.173657715
-0.0450831652
-0.0611341521
0.0706434026
0.114565052
0.0453887209
-0.0980995297
-0.0699660107
0.00446909852
0.160581678
-0.0679061115
-0.137602657
-0.00102445122
0.0034394511
-0.0576064363
-0.174911648
-0.0138253067
-0.0262465943
0.0100999065
-0.0113662919
-0.0416856818
0.0691064149
-0.0122038471
-0.0298546143
0.0737600476
0.16198945
-0.0975420922
-0.103781275
-0.0734812245
0.164185673
0.0266740099
-0.354774445
-0.0529994257
-0.0748692229
0.031121308
-0.218981385
-0.241100982
-0.0441666953
0.0286280625
-0.0558405407
-0.146822453
0.00548858661
0.0583181232
0.145553946
0.0409247726
0.101707295
0.170880213
0.100886688
-0.00363123068
0.171128616
0.280795395
-0.236471057
0.0442292392
0.00147913862
0.249381661
0.0404866599
-0.410625428
-0.0642508194
0.0186242741
0.0690457299
-0.287672698
0.0193878133
0.108193651
0.010364187
0.0155553874
-0.0446667485
0.0270381663
0.035046529
0.0864609927
0.0461481251
0.0710622445
0.103233121
-0.0279223602
0.150115132
-0.271973938
-0.0292196069
0.0473298542
0.143029869
0.0740851164
-0.19355607
-0.120384574
0.186246753
0.228266835
0.280178368
0.0267910659
-0.0254029986
-0.126419812
0.0931829438
0.122394286
0.102508254
0.179191306
0.133301631
-0.101053454
-0.134168252
0.172359601
0.244285241
0.293893903
0.184207231
0.0570228957
-0.15967609
0.0648921654
0.082914792
0.0737539455
-0.0109707825
-0.167029202
-0.136926532
0.0554741733
0.122168809
-0.0128749013
-0.0974834785
-0.195795015
-0.226430237
-0.0207983293
-0.0421361215
0.0265238602
0.0700653419
0.0554540902
0.0639975965
0.0076526748
0.0296844076
0.178427815
0.20202288
0.102463685
0.198093414
0.0122243362
-0.0700501651
-0.0246865861
-0.123645008
-0.117425114
0.0774978027
-0.0470101349
-0.155577153
-0.0568540655
-0.0753635541
0.0420577377
-0.0603516363
0.0210120734
-0.0452007763
0.0519713312
0.0252689924
0.080671005
0.122279949
0.108327709
0.0556990504
-0.0759773999
-0.0170004107
0.0824267268
-0.00852879602
0.0551293604
0.0635964498
-0.0388280563
-0.00543584768
0.0124258408
-0.050649561
0.161368266
0.0988408402
0.0167264268
-0.0222938713
-0.0492182784
0.122282609
0.0818540603
0.0449774601
0.0555243753
0.0169234034
-0.0569312721
0.0793535113
-0.0395454057
-0.00633050967
0.0237122439
-0.0279527996
-0.0231205299
0.0851489678
0.04968163
0.121150218
0.0576903969
-0.047196582
0.0138754733
-0.0851655528
0.0112575404
0.0767044127
-0.0458282009
-0.117856219
-0.0695836022
-0.0731066316
0.0892390609
-0.0377801396
-0.0537862293
-0.00898584817
0.10828355
0.0519493744
0.10092517
0.0846363008
0.161748707
0.0253427085
-0.107141152
0.0357990526
-0.0910524055
0.0213716552
-0.0518247597
-0.0869706199
-0.0862101838
-0.00154108997
0.00212559826
-0.0967877358
-0.0643115193
-0.150232762
0.00995420665
0.0703661591
-0.0259384271
0.149116933
-0.048241552
-0.0726768225
-0.00421212381
0.065778479
0.0281570312
0.0698041543
-0.0198958237
-0.0782731324
-0.0889587253
0.0725506023
-0.0278041344
0.024416931
-0.0358398855
-0.235971898
-0.072552219
-0.010681469
0.0240454134
-0.0162891299
0.0827429444
0.167603686
0.0573402792
0.121595889
0.164987758
0.150082856
-0.0404992998
-0.238161117
-0.214553162
0.014094511
0.122795753
-0.201493442
-0.251498938
-0.140311643
-0.0120903319
-0.0138071431
-0.394614041
-0.198447376
-0.0643120185
0.0040578316
-0.0231358055
-0.263410985
-0.0963187143
0.0780274048
0.0756518617
-0.0405746698
-0.0937568694
-0.0459079482
0.0746312961
0.173857331
0.0886462852
-0.229724556
-0.077859059
0.106678367
0.133599833
-0.10453438
-0.121477567
0.00630105659
0.162819043
0.0181225184
0.0369103514
-0.0637856945
0.117988713
0.0833833814
-0.0206507612
0.0257633403
0.091726467
0.0989218131
0.121607505
-0.0102845076
0.041874025
0.144714221
0.066472441
0.00958728604
-0.0147774285
-0.0129292915
-0.0118371407
0.177968264
0.044738885
-0.120126918
-0.0703322813
0.0850854442
0.0712501332
0.0384159312
-0.155725881
-0.129987702
0.0846901685
0.0963085219
-0.108907878
-0.184534594
-0.032166373
0.000426123675
-0.081567362
-0.0777387246
-0.0774105713
0.0445540622
0.00376767456
-0.0249331445
-0.00386948977
0.00739883538
-0.0443755388
0.0275272746
0.0960499123
0.0248019435
-0.186727226
-0.034743879
0.0789723918
0.155641302
-0.0692526326
-0.127475306
-0.0498526692
0.132446676
0.129135296
-0.127022594
-0.201758251
-0.0705229267
0.052735772
-0.0182548724
0.0635041222
-0.00512632076
0.0390453562
0.0590519272
0.0200575516
-0.0620107539
-0.0293840319
-0.0627851114
0.0723586455
0.0325347409
0.0103588961
-0.115872785
-0.0291457884
0.0570191815
0.0636751428
-0.0432040393
-0.234755471
-0.0119566042
0.132245749
0.030666858
-0.249087378
-0.173704237
-0.0191132277
-0.0714869946
-0.0974032357
-0.0765698999
-0.0410359502
0.0915794522
0.0467503741
0.118705094
-0.0702230111
-0.0353408307
0.156578958
0.217599079
0.183801815
-0.195817977
0.0774246603
0.128009185
0.257513434
0.273638129
-0.0815887973
0.0238356497
0.118838154
0.106177703
0.0516984314
-0.109902337
-0.0129605187
0.0758616477
0.101573355
-0.187399015
-0.0774358958
0.00637823483
-0.0541257784
0.222068265
0.0450934619
-0.263643593
-0.18578136
-0.0467195287
0.078558445
-0.14968352
-0.373007685
-0.44559586
-0.378880799
-0.202252567
-0.0784896612
-0.17896764
-0.427586615
-0.43756336
-0.00456335535
-0.0334187411
-0.0299920756
-0.0498627983
-0.00960564241
-0.0730134919
-0.213760138
-0.16869548
-0.115155257
0.00381903932
-0.0198198222
-0.260184735
-0.330896795
-0.10096319
0.0477052219
0.0893008634
-0.1278494
-0.289819747
-0.211607426
-0.142923996
0.00308916625
0.00843379553
-0.16528368
-0.192841783
0.024037201
0.0535479374
-0.0540237129
0.113001212
0.0591197014
0.0036327492
0.045236662
0.0628277212
0.0340759754
-0.118988596
-0.0879309997
-0.0149863819
0.112461105
0.171912387
0.0326718986
-0.19316645
-0.00354676484
0.0848343968
0.181011871
0.0249501523
-0.141983777
0.0208520591
0.0805083886
0.110061467
0.0728416443
-0.0333527401
-0.168412194
-0.121078208
0.0310192276
-0.0405942425
0.0625126511
0.154063717
-0.00929394271
0.00942739006
-0.178432807
0.00999960024
-0.0198906045
0.0319113247
0.130033314
-0.00129679299
-0.210608318
0.00164446991
0.136729687
0.182302877
0.050129436
-0.278274775
0.0353708491
0.121547915
0.0844887644
0.100730427
-0.179862201
-0.088879846
-0.0879164189
0.076454401
0.0224364661
-0.0866598785
0.128994629
0.0458264723
-0.0383385122
-0.100651488
-0.057793431
0.100090742
0.201720059
0.0629781634
-0.0909580439
-0.0993626714
0.018226536
0.175715208
0.143286467
-0.0291585904
-0.144751832
0.0493490957
0.0457312129
0.0986191481
-0.00920878351
-0.12172579
-0.17739962
0.0636387691
0.153743342
0.0263778437
-0.117810979
0.0378254242
-0.117915392
-0.272474587
-0.11251241
0.111789986
0.257140994
0.157710239
-0.14396216
-0.317173988
0.104835734
0.21632576
0.312452614
0.00781090837
-0.210158363
-0.0326879174
0.0865819827
0.239060923
0.229080334
-0.179528072
0.00934072863
0.00512186484
0.0802847892
0.122741103
-0.0413920917
-0.0302945375
0.0173606426
-0.00570102036
0.0746596977
0.0641240999
-0.0910340548
0.12859337
0.0716644302
0.0359635241
-0.143400252
-0.316665441
-0.0702400804
-0.236609042
-0.350754917
-0.342681736
-0.212728932
-0.211625382
-0.148692578
-0.0358052328
-0.0209068544
-0.0470900387
0.0899098292
0.257232428
0.238439366
0.105270468
0.0691593289
0.0261785518
0.125073805
-0.0460143238
-0.185977682
-0.139579371
-0.00819220953
-0.135613635
-0.176812202
0.013509036
0.14109467
-0.175974473
-0.271193147
0.0612538829
0.173144728
0.0205044467
0.010405425
0.104723044
0.165137678
0.0652860031
-0.0659554601
0.135119483
0.00617816579
0.0583620928
-0.0899389535
-0.0667381212
0.0449871719
0.100514129
0.0803524777
0.108098753
0.101197928
-0.0772286132
-0.123962209
0.0435377993
0.178811267
0.0827395692
-0.0680170581
0.0583913736
0.158738166
0.0627597719
0.0547551401
0.0336532146
0.0466065519
-0.0244209524
-0.0749719366
0.0485248119
0.0423378125
-0.193248734
-0.151782259
-0.149230212
-0.123483509
0.0353808887
0.102058955
0.117947772
0.0572926328
0.0919162482
0.0040019853
0.0664862245
0.0473886617
0.0306075495
0.0858740434
0.0209086444
0.0123876333
0.0293133594
0.117913678
-0.0303581059
-0.0906661004
0.140329748
0.048463773
-0.0300343297
-0.0935139135
0.0711447075
0.0213550422
-0.111672334
-0.132583514
-0.107665248
0.0190961696
0.066189535
0.0184925646
0.0294718482
0.0689306036
-0.0095274644
-0.0798949823
0.0973241851
0.174311444
0.0767932162
-0.136428013
0.13178511
0.0327082239
0.155418769
0.0315956175
0.00673458027
0.112817362
0.0144684715
-0.135935709
-0.195609748
-0.0292859841
-0.124552652
-0.157363296
-0.0603822395
-0.126561195
0.0788575411
-0.00200477662
0.0269360021
0.119145848
0.0292025935
0.0589426644
0.0876354948
0.0752653256
0.244140729
-0.0813700408
0.0267141201
0.032974951
0.021632608
-0.103692792
-0.193847105
0.0858806595
0.0475529246
-0.211971894
-0.191961974
-0.158747032
-0.0779206902
-0.0884013101
-0.0884064212
-0.0930881724
-0.0468533412
0.140611306
-0.0293603837
0.0170329902
-0.00501016015
0.134122252
-0.0653103068
0.164031565
0.298622042
0.340289593
0.23497732
-0.183743417
-0.0800085738
0.0955825448
0.194580004
0.298914552
0.287125707
0.229442582
0.392492086
0.299080014
0.281910866
0.171206519
0.38169083
0.281246811
0.218720123
0.117258087
0.0185425878
0.0288856849
0.128821939
0.123110898
-0.053142
-0.0384899378
0.110665925
0.0566651337
-0.124134049
-0.165590301
-0.130175292
-0.205084503
-0.218096823
-0.00773996161
0.119115628
0.00720041897
0.0531819314
0.249994054
0.0224690847
-0.063852407
-0.0105641363
0.147098899
0.0646395907
0.0819288269
-0.0029186781
-0.0468530133
0.0585511178
-0.0178426374
-0.00746411551
-0.118216962
0.0477933362
-0.0612187311
-0.0816532746
-0.0916509256
-0.0673288777
0.0684103966
-0.0150321107
0.109456778
0.0484616496
0.0839770436
0.0362059996
0.129787773
0.0230566151
0.122106843
-0.0467911325
-0.174660981
-0.135738656
-0.0550317094
0.13359268
0.0727377981
-0.0671748072
-0.0592454113
0.0348324627
0.0983161405
-0.0389705114
0.120582111
0.195793197
0.0459135696
0.0750470832
-0.0531318933
0.11679963
0.0672203004
0.028520843
0.142922819
0.0223232973
-0.0830980465
0.0203576759
0.000580149586
0.0503178462
-0.0384041034
-0.131753862
0.0173888188
0.0190385003
0.0617924258
0.0574017577
-0.0702700689
-0.112264164
-0.133561432
-0.0557360947
-0.0519025512
-0.046778705
0.103524305
-0.000475589681
0.0909385979
-0.0139083825
-0.010980227
0.0651942194
0.0792003423
0.0689392239
-0.0132215172
-0.0370100364
-0.0190896615
0.0980427116
0.0349949412
0.0512161851
-0.142292023
-0.0606891327
-0.0576727986
0.0361924618
-0.0409382097
-0.0513253137
0.00175943656
-0.043642249
-0.0924195796
-0.13381198
-0.0396015607
0.00140182488
-0.105510488
-0.0577441305
-0.0782026649
-0.0457292721
-0.119290732
-0.0619750582
-0.036644157
-0.0306649748
0.0204585996
-0.145220399
-0.142927676
-0.103565134
-0.185960427
0.0533933267
-0.0543591678
0.0496629663
-0.0540407673
-0.198957711
