0.278894514
0.380567849
0.19032903
0.185401097
0.180517256
-0.0759199336
0.102431729
0.147794902
0.132401869
0.11696545
-0.449945241
-0.300738394
-0.202138498
-0.221605256
-0.149530187
-0.239187896
-0.129440546
-0.170714632
-0.0328699239
-0.0585640967
0.194060132
0.0490450822
0.0359794833
-0.018469194
0.00364010385
-0.101255611
0.31354934
0.327741981
0.334539086
0.324894667
0.239542887
0.0980686843
0.151387945
0.390479922
0.217173457
0.188256547
0.0527048297
0.052617006
-0.0292044003
-0.0526355244
0.174080521
-0.208204076
-0.193831235
-0.351297796
-0.290061206
0.119033039
-0.348386347
-0.414537162
-0.39915663
-0.19477199
0.18314755
0.0518584736
-0.00226736232
-0.0425536074
0.0143823614
-0.0780898556
0.107224815
0.0209253021
0.147711664
0.0160268229
0.211242601
0.0777262077
0.285698265
0.319077134
0.187130705
0.0422876179
0.249737158
0.287377834
0.253186882
0.202313453
0.219024539
0.241599187
-0.140965372
-0.107858598
-0.0965325236
0.0625158176
-0.0678751916
0.160718784
-0.0524821579
0.16049692
-0.145823509
-0.120066136
0.18931967
0.319717318
-0.288651347
-0.145100102
0.313435107
0.404282272
-0.01469348
-0.385902524
0.151850581
-0.0576941818
0.004927631
-0.103601269
0.000127854713
-0.282525897
0.0192398448
0.157310352
-0.0827741101
0.134458601
-0.122260764
0.050683938
0.0745971948
0.21881561
0.134252697
-0.091966942
-0.100604303
0.229115471
0.349256337
0.117823154
-0.018983474
-0.0578857996
0.344240189
0.0780972391
-0.016489841
0.270941556
0.141701221
0.328594327
0.308047146
-0.108983099
0.0304876436
0.193892315
-0.0726650059
0.258313328
0.174556449
-0.0815382078
-0.039658051
0.308422834
0.152487889
0.165902197
-0.177256331
0.0403118618
-0.142304659
0.142132998
0.285745203
-0.386233896
-0.166374847
-0.101206586
0.218768537
0.254403293
-0.291711479
-0.173885152
-0.0660271496
0.255117774
0.0092008356
-0.0972080529
-0.0118076131
0.0834220648
0.163012043
0.232001409
