-0.013394786
-0.0174997486
-0.0526077859
0.141291127
0.00468224939
0.0710498542
-0.0865344405
0.105516508
0.0105929049
-0.136887059
0.028146036
0.0890770257
0.0239416827
-0.127498493
0.0663537681
-0.183635354
-0.0107461922
-0.0169129968
-0.24813731
0.0856423452
0.0831456631
-0.179635897
-0.0619035885
-0.0136144478
0.111027375
0.0426753908
0.0860685855
-0.13464047
0.0163013991
-0.146129027
0.127869308
0.0630699843
-0.17391564
-0.0458839312
0.00666431477
0.0843933597
0.15104574
-0.156431183
-0.155932561
0.127545223
0.103769876
0.0538374484
0.0424451157
0.00613322761
0.0129867997
-0.149789035
0.00414653262
-0.107990444
-0.0408397801
0.078861393
-0.265142024
-0.0356557891
0.113430612
-0.120212816
0.106156893
0.0705821142
-0.0771345869
-0.0457526632
-0.0579095483
-0.1729137
-0.179023236
-0.0573485233
0.148809433
0.0721152648
-0.0497827195
-0.082747668
-0.150030375
-0.153982803
0.0510059446
-0.0843008012
-0.0885038748
0.142682612
-0.105955221
-0.184820682
0.0269356035
-0.0527686253
-0.144182801
0.0280113053
-0.0686794892
-0.0329493992
0.107992567
0.0327569656
-0.022493612
-0.080696255
-0.00901525002
0.0699485838
-0.0519723333
-0.0369995795
0.18466793
-0.119068839
0.0631402284
0.0436707847
-0.151114404
0.0980364159
-0.10073033
0.169544294
0.0115623381
-0.0958871096
-0.0618164577
0.0118714655
-0.00370879634
-0.0496300012
0.104524188
-0.170991585
0.116478734
0.0789931715
-0.0735700801
0.128630757
-0.0967315063
-0.00511126872
-0.0139741236
-0.0359197706
0.161802068
-0.119890377
-0.0492288135
-0.0748626441
0.0981486887
-0.0159094129
0.122128427
-0.0746728331
0.0766464174
0.0366745852
0.115449995
0.0528590903
-0.142788008
0.0666270182
-0.157249868
-0.134185031
-0.174905077
0.0714894384
0.0145405494
0.121807352
-0.134588361
-0.143335804
-0.0181438401
-0.156447172
-0.162218124
-0.060281381
-0.0188772529
0.0905559584
-0.128183216
-0.000180082308
0.0523344353
0.0908007771
0.140369728
0.106037244
-0.170229957
0.144090191
-0.0307133906
-0.0341426097
0.104511835
-0.043806389
-0.130896136
-0.0515285172
-0.165747821
0.0462524816
0.116080463
-0.0445855185
-0.151594162
0.017240392
-0.199763
0.135885909
-0.0352318175
-0.152778611
-0.118708581
-0.152864724
-0.0609332621
0.237072468
-0.00929691363
0.048235517
0.0864621997
0.0536287092
-0.116103247
0.0930490345
0.048310075
-0.157522485
0.0620336272
0.0289262999
-0.0691731125
0.186958119
-0.0716276392
-0.199177086
0.104000278
0.0463949405
0.0493218303
-0.0409005359
0.147559687
-0.145372793
0.0791309774
-0.170573041
0.0614145584
-0.0427562222
0.138920233
0.0986520201
-0.229742855
-0.009222853
-0.0944937244
0.175308138
0.115198627
0.064506568
0.0438633375
-0.00528578693
0.160838678
-0.118292406
-0.0457012355
-0.136253536
-0.0782388002
0.0519074313
-0.100733601
-0.0403588116
0.108192094
-0.0672185048
0.0416870825
-0.0367022045
0.126223892
0.0688178539
0.142212316
0.0448889285
0.0915525854
0.052816771
-0.0281398371
0.0451602153
-0.168993324
-0.176059872
-0.00762389041
-0.0491337106
-0.252299875
0.157368928
-0.298883319
-0.167562798
-0.124993213
0.0393848382
-0.0980282351
-0.092150107
-0.0811038464
-0.104063302
0.113612659
-0.0180264618
-0.206643537
-0.0854848027
0.0326915346
-0.148630783
0.0452333204
-0.0199354291
0.0570017286
0.0969680995
-0.102071784
-0.0759545788
-0.122737184
-0.127566084
0.0147829978
-0.0307681896
0.00907373149
-0.0515314378
-0.00670602173
-0.0232137274
0.0435166694
-0.0230479259
-0.0946997479
-0.00569283916
-0.0963867307
-0.0149925211
0.0632857755
-0.278204888
0.00651611108
0.0584975891
-0.150748432
0.178362429
0.0485258177
0.00539168995
0.16805397
0.0599832237
-0.105236582
0.0634388179
-0.0958634615
-0.11232499
-0.0431829356
0.093955487
-0.103473909
-0.156550556
-0.143982261
-0.0312479027
-0.128185719
0.0400854088
0.00130867842
-0.0295384172
0.0770616159
0.0777994543
-0.0768910423
-0.0298564918
0.122810654
-0.10080155
0.0843642876
-0.0745784417
-0.122147918
-0.0412403643
-0.0459854305
-0.0279434212
-0.0236456431
0.104579531
-0.122598805
0.0994348899
0.0252011362
-0.0422256663
0.0733437538
-0.108897313
-0.191028953
0.0218484048
0.000998938107
-0.142413616
0.0509655476
-0.00591556309
0.163469329
-0.161224559
0.123672746
0.00601139897
0.176449567
0.0677535608
-0.165940806
0.110639729
0.160137817
-0.220540285
0.0747839883
0.135021865
0.124472387
-0.133225098
0.129047692
0.0907819346
0.117861785
-0.201853335
-0.00808162242
0.0278784614
0.0684149116
-0.0167242084
-0.0841829181
0.0652361959
0.0749479011
0.0431577489
0.0475973673
0.0143112075
-0.0711450055
0.130943686
-0.147379845
-0.151348934
-0.139480844
0.0823615417
-0.176617205
-0.034821257
-0.00878334511
0.104903936
-0.163630858
-0.0258040819
-0.173586845
-0.0845294893
-0.113172561
0.0928312764
0.184188917
0.0562429987
0.0768119469
0.0551923253
0.0126047414
-0.211715713
-0.0452590659
0.136211365
0.142132699
0.165612668
-0.0421381108
-0.100551344
-0.00997160561
0.0585651658
0.0466844328
-0.0276238509
0.110260755
-0.12816304
0.0870285779
-0.185505569
-0.0388711691
-0.0912650749
0.067464754
-0.0171833038
-0.120984383
-0.029940445
-0.138667509
-0.129722804
-0.177357674
0.0341592021
-0.00548989465
0.15060021
-0.0121227829
0.0866860673
0.132345438
-0.0917895809
0.110428743
0.0527764075
-0.274095714
-0.161924765
-0.0538025089
0.00542665506
-0.0612518303
-0.12928538
-0.0303229429
0.025590159
0.0687996596
0.161370724
-0.0475823246
0.12309435
-0.0149583025
-0.240416884
0.0537664071
0.137124777
0.0526769459
0.0477254689
0.0013525805
0.100279801
-0.0899455026
-0.162534729
0.0627315342
-0.0484694727
-0.000510263606
-0.0133270947
0.0791853741
-0.165222526
-0.104068018
0.069045566
0.0290387925
-0.172388613
-0.169581681
0.0776227191
-0.144049391
-0.167775229
-0.00134055782
0.0593262501
0.0786884725
0.0114181861
0.0508132689
-0.108602658
-0.213406816
-0.0203672834
0.152129889
0.101213515
-0.0822758153
0.0958983675
0.0712687746
-0.0593966916
-0.0288517326
-0.0209292024
0.0608341135
0.0409704149
-0.132528499
0.103856884
0.0195967201
0.0114948675
0.0378926806
-0.0519424528
-0.101687096
0.0593899973
-0.0643348992
0.0316739269
0.026505392
0.152061746
0.0292285569
0.0626511723
-0.0701953396
0.0749856234
0.0983403251
0.0590458252
0.0474901982
0.0575354248
0.0356364474
0.0447330773
0.0754038393
0.0526195094
-0.0725199133
-0.118142813
0.03262043
-0.0996236503
-0.0189605542
0.176103622
-0.0560636222
-0.115644418
0.124791592
0.113498017
0.0225674696
-0.164840832
0.185671285
-0.0524588786
0.00473610451
0.0238122456
-0.189659044
0.144744903
0.138077453
-0.0684099793
-0.271713823
-0.124286771
0.181534812
-0.0973854885
0.0463511162
-0.143183678
-0.163227662
0.166660413
-0.0610986501
-0.0452926271
-0.0210378952
0.0736041218
-0.0836136267
0.0215042084
-0.0910388231
-0.11214745
-0.0950521976
-0.137363613
-0.0675899386
0.0909390152
0.127997711
-0.157319158
0.0612142123
0.0518323183
-0.0564592779
-0.0340788811
-0.0850807875
-0.247806787
0.0850251243
0.10976176
-0.0445351191
-0.0470489003
0.00440313527
-0.0349429511
0.0249903481
0.121471271
-0.037550766
-0.264149606
0.121322408
-0.11448992
-0.0884159878
0.0858266801
-0.125759974
0.0503381602
-0.0255108066
-0.107893169
0.0353860706
-0.0605626106
0.0769347027
-0.0765977502
-0.0663461909
-0.0962194577
-0.110486895
0.0666987225
0.164625674
0.13356337
0.107434697
-0.00346135744
0.0429808609
-0.0885846838
0.0973645225
-0.132200718
0.0603725091
-0.0258962177
0.0595888868
0.185976431
0.0497866124
-0.00394236017
-0.0813651085
-0.137775645
0.0333169959
0.0649740398
-0.165826425
-0.111243278
-0.0681087524
0.028116541
0.0682714581
-0.0945428684
-0.109306388
-0.100155167
0.0402242132
0.128254309
0.214967251
0.0458035581
-0.00192276877
-0.102631092
-0.0743265897
-0.0155909639
-0.0254133232
-0.228139922
-0.21364221
-0.105861604
0.0489482246
0.163913071
0.0535769537
-0.0695932582
-0.00369101157
0.133940175
-0.0741634741
0.0846466348
-0.130381137
0.0160544757
0.0870957896
-0.164606154
-0.0366764218
0.185704783
0.031849876
-0.0804271922
0.0137632117
-0.0778075382
-0.0422527678
-0.110562377
0.171389461
0.0740278736
-0.0196734946
0.0302309822
-0.0699655637
0.163978517
0.0586286001
-0.238539532
0.0877107605
0.11134544
0.203030258
0.00121924514
0.0255764294
-0.205513045
0.0525278449
-0.0269586388
-0.0702629909
0.0613537878
-0.0392077751
-0.0471702069
-0.307663798
0.00271929451
0.0749690756
-0.0474791713
0.0297904164
-0.0589577854
-0.198615566
-0.16661939
0.0819690824
-0.049982395
-0.0643578321
-0.0325395912
-0.0785018429
0.0654690191
-0.062494576
-0.0690866858
-0.13809295
0.0387242772
0.0377826132
-0.0168769713
-0.195590436
0.115001447
0.29283005
0.114922613
-0.163048789
0.074816227
-0.116246417
-0.0396331996
0.0744263232
-0.0244133398
-0.168575019
0.0569752343
0.0449483022
-0.134051338
-0.00308562699
-0.0389818549
0.0498824529
0.19902049
-0.0471995585
-0.0375346392
0.131903231
0.068245694
0.0260369424
-0.131422311
-0.125238046
-0.110020369
-0.017595809
-0.069178015
-0.0161401369
0.111569852
-0.0545572452
-0.150933281
-0.0464901291
0.0213031825
0.0520591363
-0.0820509046
0.145910516
-0.197876498
0.0717095137
-0.105539821
-0.0976038948
0.00140501186
0.0125599662
-0.0377839021
-0.191524908
0.0913343355
-0.0280634109
0.101613715
0.0887446478
0.114867263
-0.0648021251
-0.111116439
-0.104114987
-0.0689060763
-0.192739666
0.179403037
-0.0268801302
-0.0796300769
-0.146125838
0.0304012429
0.10962221
-0.0793733746
-0.0206762496
0.0296769179
-0.11413008
0.0296389535
-0.0617372841
-0.213719398
-0.0893163979
-0.00856509991
-0.110374697
0.0392837115
-0.0351217613
0.148412228
0.144032314
0.116540544
0.165889367
0.0807207078
-0.1936474
-0.0385677069
-0.0526057184
-0.0698857829
-0.141717255
-0.0659446269
0.155492157
-0.126950607
0.100154206
-0.0537300073
-0.0562668666
0.0207885951
0.151805133
-0.101847552
-0.0820723325
0.0216824356
-0.0308100972
-0.24748528
0.117063604
0.0570071638
0.0359638855
0.0231418349
0.0638195798
-0.169848055
-0.00828532036
0.0401759744
0.10749384
-0.125069827
0.112627342
-0.0674311221
0.119554713
-0.0703815594
-0.087544553
-0.071828723
0.0838111639
-0.0753704607
0.000680447731
-0.132992193
-0.142489597
0.12479154
0.109268114
0.0435921848
0.0692984909
-0.0437898599
0.0356805585
-0.0788862407
-0.00890552159
0.0536114313
-0.0790142938
-0.0743396357
-0.113563105
0.0320585668
-0.117007159
0.120576315
-0.177353159
0.0283894613
0.0956497639
-0.0998646542
-0.0197783187
-0.000943445892
-0.1436041
-0.0523921065
-0.025521256
0.133406714
0.00485715875
-0.0799501315
-0.00725746155
0.0459996834
-0.208748966
-0.0866234377
-0.0636962503
0.134264439
-0.149582073
0.00739239482
-0.0223284047
-0.00168440409
-0.0524881929
0.0228765942
-0.021395402
-0.13482374
-0.0284714513
0.0393797047
-0.156619683
0.109263152
0.155185968
0.113826945
-0.00116491923
-0.118016511
0.125717267
0.0908044577
0.179918706
-0.114852026
-0.317446142
-0.102082595
0.0326154158
0.0229970962
0.0509852171
-0.222167313
-0.120996743
-0.0997243822
0.197007
0.176626265
0.00703437859
-0.0147770597
-0.0377831906
0.00563020678
0.0424528867
-0.0133602265
-0.189675197
-0.110668704
-0.0620851815
0.0669875741
0.115881547
0.0470069312
-0.20978789
0.12521778
0.0430753268
0.0201352797
