0
0
0
0
0
0
0
0
0
0
0
0
0.000542446855
0.000873556768
-0.0114791505
0.0352523886
0.0931509808
0.214263484
0.0829511955
0
0
0
0
0
0
0
0
0
0
0
0
0
0
0
0
0
-0.00748528168
-0.0659366697
-0.0880201459
-0.157034501
-0.111302048
-0.0860309675
-0.0398374461
0
0
0
0
0
0
0
0
0
0
0
0
0
0
0
0
0
-0.0403365083
-0.257394433
-0.422742277
-0.504356146
-0.568343341
-0.671323717
-0.269244879
0
0
0
0
0
0
0
0
0
0
0
0
0
0
0
0
0.000642371306
-0.0643667504
-0.169072732
-0.2213687
-0.282081276
-0.396244854
-0.685100496
-0.177140325
0
0
0
0
0
0
0
0
0
0
0
0
0
0
0
0
-0.00913574826
-0.0766530931
0.00788542442
0.0345299318
0.0540498495
0.0028142822
-0.119609885
0.0948002711
0
0
0
0
0
0
0
0
0
0
0
0
0
0
0
0
-0.0427958481
-0.139284909
-0.00432758406
-0.0185509138
0.0336543918
-0.116785184
0.0108443592
0.0896837264
0
0
0
0
0
0
0
0
0
0
0
0
0
0
0
0.000456797366
-0.0736998692
-0.0791416094
0.0259137787
0.00863699336
-0.0199983548
-0.0779233649
0.0974430144
0
0
0
0
0
0
0
0
0
0
0
0
0
0
0
0
-0.00599310361
-0.113779716
-0.0467224866
-0.00787369255
-0.00744829047
-0.106373787
-0.0202501658
0.12588951
0
0
0
0
0
0
0
0
0
0
0
0
0
0
0
0
-0.0385840833
-0.101727791
-0.063379392
-0.083135888
-0.132721946
-0.278267324
-0.195590615
0.0656283721
0
0
0
0
0
0
0
0
0
0
0
0
0
0
0
0.000813670282
-0.0739274025
-0.0379600525
0.0293660518
-0.0236637369
-0.0190386325
-0.224852934
-0.214208975
0.012030744
0
0
0
0
0
0
0
0
0
0
0
0
0
0
0
-0.0113207093
-0.0829850584
-0.0161094274
0.0930064619
0.102288224
0.0485092625
-0.00690068863
0.0348138884
0
0
0
0
0
0
0
0
0
0
0
0
0
0
0
0
-0.0594616123
-0.14034985
-0.0801702589
0.011962994
0.00123306306
-0.0468616709
0.0598497875
0.176231503
0
0
0
0
0
0
0
0
0
0
0
0
0
0
0
0.00034259801
-0.0842663944
-0.110603414
-0.028978033
-0.0517909452
-0.120272994
-0.15419881
-0.032221131
0.0818334073
0
0
0
0
0
0
0
0
0
0
0
0
0
0
0
-0.00379892532
-0.0644859895
-0.00152867113
0.0883373991
0.104936533
-0.0323484875
-0.0628903285
0.0441002697
0.00874963216
0
0
0
0
0
0
0
0
0
0
0
0
0
0
0
-0.0394774936
-0.0717969835
-0.0154075939
0.0669917911
0.102790371
-0.0238681957
0.0616177805
0.156345427
0
0
0
0
0
0
0
0
0
0
0
0
0
0
0
0
-0.0907830819
-0.103985265
-0.0236995332
-0.0457500964
-0.056956023
-0.0961893275
-0.0288454574
0.0885900259
0
0
0
0
0
0
0
0
0
0
0
0
0
0
0
0.00087076996
-0.0697112158
-0.0133413449
0.0186107829
-0.0280916989
-0.124937497
-0.118552573
-0.0744298249
0
0
0
0
0
0
0
0
0
0
0
0
0
0
0
0
-0.0119966874
-0.051581379
-0.0122208558
0.0324115865
0.0599628203
-0.161213562
-0.14467068
-0.0444588661
0
0
0
0
0
0
0
0
0
0
0
0
0
0
0
0.000142749181
-0.0658076406
-0.0757654831
-0.0495697521
-0.0308384839
-0.0403787494
-0.199898064
-0.187132224
0.016385708
0
0
0
0
0
0
0
0
0
0
0
0
0
0
0
-0.00222525652
-0.102903739
-0.0671373978
-0.0181992855
-0.052002728
-0.0971371457
-0.112881407
-0.143955335
0.0472411253
0
0
0
0
0
0
0
0
0
0
0
0
0
0
0
-0.00701224478
-0.0730251074
-0.00125134725
0.0814772844
0.0194275547
-0.197290912
-0.0497262739
0.0935887992
0.0712912902
0
0
0
0
0
0
0
0
0
0
0
0
0
0
0
0.00165491598
0.0831745863
0.237022221
0.429382384
0.454071432
0.231762975
0.236625209
0.175016925
0.00328111206
0
0
0
0
0
0
0
0
0
0
0
0
0
0
0
0.0093725482
0.252887785
0.530025005
0.658465981
0.794611573
0.722079098
0.410001278
0.129360929
0
0
0
0
0
0
0
0
0
0
0
0
0
0
0
0
0.00353955408
0.143801659
0.272282749
0.290289223
0.439603239
0.486683697
0.207416132
0.0109370397
0
0
0
0
0
0
0
0
0
0
0
0
0
0
0
0
0
0
0
0
0
0
-0.0290248469
-0.253490359
-0.542620957
-0.6354478
-0.506476164
-0.0303518418
0.0508807898
0
0
0
0
0
0
0
0
0
0
0
0
0
0
0
0
0
-0.109676428
-0.669937372
-1.10131526
-1.03113794
-0.70127809
0.0900033489
0.112688184
0
0
0
0
0
0
0
0
0
0
0
0
0
0
0
0
0
-0.209920377
-0.858681262
-1.14702117
-0.903988361
-0.371890992
0.427625537
0.136449277
0
0
0
0
0
0
0
0
0
0
0
0
0
0
0
0
-0.0343715288
-0.395966202
-0.817250133
-0.65105623
-0.456704855
0.135677233
0.718055665
0.16293025
0
0
0
0
0
0
0
0
0
0
0
0
0
0
0
0
-0.11534746
-0.570393264
-0.467130721
-0.0265758242
0.209697947
0.890716136
0.611158371
0.0337476693
0
0
0
0
0
0
0
0
0
0
0
0
0
0
0
0
-0.259128183
-0.720868111
-0.373716623
0.0343953781
0.421851069
1.02237213
0.386036813
-0.0325606279
0
0
0
0
0
0
0
0
0
0
0
0
0
0
0
-0.0244419761
-0.452886432
-0.759872258
-0.280504972
-0.0887141153
0.599342585
0.974247336
0.0992309079
0
0
0
0
0
0
0
0
0
0
0
0
0
0
0
0
-0.108961955
-0.588543475
-0.67521137
-0.289306074
-0.0376026258
0.735617876
0.755772829
0.00773992669
0
0
0
0
0
0
0
0
0
0
0
0
0
0
0
0
-0.221600905
-0.609986842
-0.46194616
-0.237475157
0.16240631
0.901697099
0.518847704
-0.0146828685
0
0
0
0
0
0
0
0
0
0
0
0
0
0
0
-0.0435372703
-0.421852112
-0.642635047
-0.242778018
0.0533469245
0.615480244
0.952916801
0.328144312
-0.00436788937
0
0
0
0
0
0
0
0
0
0
0
0
0
0
0
-0.159549862
-0.644202471
-0.670844376
-0.115544699
0.327463418
0.933603942
0.892203093
0.159717843
0
0
0
0
0
0
0
0
0
0
0
0
0
0
0
0
-0.283426762
-0.737742722
-0.549424112
-0.0187399834
0.50624007
1.06638598
0.71057874
0.000807886303
0
0
0
0
0
0
0
0
0
0
0
0
0
0
0
-0.0183314811
-0.3863343
-0.690224946
-0.27755934
0.0544189364
0.718898296
1.09189999
0.366580635
-0.0230601542
0
0
0
0
0
0
0
0
0
0
0
0
0
0
0
-0.118957289
-0.535876095
-0.584749222
-0.0784110054
0.298099786
0.934892416
0.896496236
0.143232748
-0.00317664677
0
0
0
0
0
0
0
0
0
0
0
0
0
0
0
-0.256788909
-0.631626546
-0.473771691
-0.0597823411
0.3936041
0.966639698
0.704939544
0.0105717536
0
0
0
0
0
0
0
0
0
0
0
0
0
0
0
0
-0.350240618
-0.661813796
-0.381445557
-0.148302525
0.496167153
0.955381334
0.445838034
-0.0321635492
0
0
0
0
0
0
0
0
0
0
0
0
0
0
0
-0.046592515
-0.444940984
-0.631661773
-0.360176831
-0.183292717
0.611097515
0.836767614
0.244687408
0
0
0
0
0
0
0
0
0
0
0
0
0
0
0
0
-0.177084655
-0.549835503
-0.614409268
-0.300419599
0.134446681
0.77470845
0.800126791
0.165438399
0
0
0
0
0
0
0
0
0
0
0
0
0
0
0
-0.00763811776
-0.352850765
-0.702207863
-0.524881899
-0.174982294
0.465277731
0.994325638
0.732870936
0.0563870892
0
0
0
0
0
0
0
0
0
0
0
0
0
0
0
-0.0151940081
-0.394552171
-0.516117275
-0.0536716506
0.287018329
0.980760932
1.05286956
0.483515859
0.0380067863
0
0
0
0
0
0
0
0
0
0
0
0
0
0
0
-0.00775161292
-0.0798323676
0.280298352
0.962499082
1.12097919
1.27394438
0.941215932
0.270179152
-0.023389183
0
0
0
0
0
0
0
0
0
0
0
0
0
0
0
0.00748453755
0.336625069
1.00211442
1.41879344
1.28054225
1.07984841
0.572205186
0.0433352999
-0.00119124248
0
0
0
0
0
0
0
0
0
0
0
0
0
0
0
0.0169992708
0.463335246
1.07459247
1.17351592
0.946237743
0.642085552
0.217101097
-0.0386529416
0
0
0
0
0
0
0
0
0
0
0
0
0
0
0
0
0.0063704839
0.258830756
0.490427107
0.504268587
0.48080188
0.150641143
-0.0575901754
-0.00397080835
0
0
0
0
0
0
0
0
0
0
0
0
0
0
0
0
0
0
0
0
0
0
-0.0143852392
-0.112227008
-0.169705153
-0.150513813
0.213034913
0.321437418
0.0936222523
0
0
0
0
0
0
0
0
0
0
0
0
0
0
0
0
0
-0.00278595462
0.107054219
0.195772469
0.34012866
0.646052241
0.443010688
0.0885073096
0
0
0
0
0
0
0
0
0
0
0
0
0
0
0
0
0
0.0458052829
0.371926039
0.677136421
0.877848089
0.928950071
0.572735786
0.103894234
0
0
0
0
0
0
0
0
0
0
0
0
0
0
0
0
-0.0170351509
0.0619377978
0.472146958
0.865805626
1.10214388
0.954973638
0.37060535
0.0345494114
0
0
0
0
0
0
0
0
0
0
0
0
0
0
0
0
0.0039034239
0.213262841
0.654264987
0.955012739
1.09664989
0.814544082
0.440537274
0.0531753562
0
0
0
0
0
0
0
0
0
0
0
0
0
0
0
0
0.0231985953
0.363821119
0.745538056
1.08178675
1.07040894
0.726635218
0.268022358
0.0588945076
0
0
0
0
0
0
0
0
0
0
0
0
0
0
0
-0.012113886
0.115046136
0.51111573
0.860028028
1.08222759
1.03113806
0.597221673
0.181170702
0
0
0
0
0
0
0
0
0
0
0
0
0
0
0
0
-0.0105747413
0.253010303
0.71313858
1.03792298
1.11173213
1.07107389
0.545855343
0.097553499
0
0
0
0
0
0
0
0
0
0
0
0
0
0
0
0
0.0458564982
0.384345531
0.943512738
1.20403612
1.26246071
0.944707513
0.408985794
0.0418796353
0
0
0
0
0
0
0
0
0
0
0
0
0
0
0
-0.0215778593
0.0689725876
0.482327223
1.01387691
1.33517361
1.27870572
0.774419248
0.277433693
0.00790048297
0
0
0
0
0
0
0
0
0
0
0
0
0
0
0
-0.0017182969
0.20615986
0.664883912
1.10741401
1.30297542
1.07053983
0.648005366
0.160534635
0
0
0
0
0
0
0
0
0
0
0
0
0
0
0
0
0.0754755139
0.416350901
0.897599041
1.23650181
1.26698387
0.954974115
0.445875913
0.12310116
0
0
0
0
0
0
0
0
0
0
0
0
0
0
0
-0.009085414
0.13227132
0.576615989
1.03761804
1.30904949
1.25370276
0.733455122
0.288793296
0.0528535023
0
0
0
0
0
0
0
0
0
0
0
0
0
0
0
-0.0263858046
0.197479948
0.686089277
1.113078
1.31174111
1.09644592
0.610455573
0.165435076
0.0057458058
0
0
0
0
0
0
0
0
0
0
0
0
0
0
0
0.0556562357
0.378667861
0.852585554
1.17240953
1.20625925
1.00880313
0.499419749
0.0937022269
0
0
0
0
0
0
0
0
0
0
0
0
0
0
0
0
0.123059787
0.533533156
0.981182039
1.25725508
1.31564689
0.913877308
0.345014632
0.0581762828
0
0
0
0
0
0
0
0
0
0
0
0
0
0
0
-0.0230920948
0.17977868
0.661753118
1.07950735
1.33558083
1.28791881
0.840580225
0.290994078
0
0
0
0
0
0
0
0
0
0
0
0
0
0
0
0
-0.00498025957
0.287488192
0.825917363
1.30817032
1.45374584
1.32438254
0.712902665
0.138908908
0
0
0
0
0
0
0
0
0
0
0
0
0
0
0
-0.00378558924
0.0710121319
0.432265997
1.01709688
1.45130074
1.51847982
1.13961768
0.532670975
0.13694863
0
0
0
0
0
0
0
0
0
0
0
0
0
0
0
0.00604106672
0.210743532
0.699919283
1.18621993
1.45208359
1.35875571
0.84770906
0.345212221
0.0296766087
0
0
0
0
0
0
0
0
0
0
0
0
0
0
0
0.0113053899
0.34464699
0.910106599
1.2047565
1.08339846
0.771336734
0.526282251
0.236229897
0.046484191
0
0
0
0
0
0
0
0
0
0
0
0
0
0
0
0.00429773238
0.178815931
0.514634907
0.595431566
0.444847226
0.430368483
0.346035331
0.119075991
0.00215467717
0
0
0
0
0
0
0
0
0
0
0
0
0
0
0
0.000878265651
0.0257981997
0.104524232
0.0854886547
0.130416408
0.219190046
0.157344282
0.083842963
0
0
0
0
0
0
0
0
0
0
0
0
0
0
0
0
0.000282007095
0.0103330966
-0.023159435
-0.0295500271
0.040624015
0.177912295
0.128441393
0.00718225725
0
0
0
0
0
0
0
0
0
0
0
0
0
0
0
0
0
0
0
0
0
0
0.0200369693
0.121596344
-0.00153271738
0.124178685
0.0443049595
-0.273193866
-0.120765977
0
0
0
0
0
0
0
0
0
0
0
0
0
0
0
0
0
0.0458931662
0.0893248916
-0.0872980654
0.087432541
-0.0595245212
-0.146421477
-0.0259427838
0
0
0
0
0
0
0
0
0
0
0
0
0
0
0
0
0
0.0137205431
-0.338543802
-0.214952111
0.553854465
0.328381985
-0.146056145
-0.0131927971
0
0
0
0
0
0
0
0
0
0
0
0
0
0
0
0
0.0237279888
-0.0605566688
-0.653327286
0.232532844
0.844287276
0.0966903344
-0.261854202
-0.108992048
0
0
0
0
0
0
0
0
0
0
0
0
0
0
0
0
0.0443148091
-0.190360934
-0.492221266
0.604322731
0.863954961
-0.0430123731
-0.267070591
-0.0201698188
0
0
0
0
0
0
0
0
0
0
0
0
0
0
0
0
0.0384539776
-0.451891184
-0.176068172
1.00003064
0.539854109
-0.248448342
-0.15788807
0.0201031268
0
0
0
0
0
0
0
0
0
0
0
0
0
0
0
0.0168732367
-0.05441406
-0.554810345
0.318941474
0.956934035
0.255922198
-0.417316496
-0.0559928045
0
0
0
0
0
0
0
0
0
0
0
0
0
0
0
0
0.0501084663
-0.282237202
-0.410494566
0.683301508
0.940123439
-0.0679534823
-0.355816156
-0.00551219145
0
0
0
0
0
0
0
0
0
0
0
0
0
0
0
0
0.025441058
-0.512003124
-0.204110712
0.933469236
0.759879768
-0.26716134
-0.179300949
0.00915465783
0
0
0
0
0
0
0
0
0
0
0
0
0
0
0
0.0300554521
-0.073455371
-0.500547826
0.0251059737
1.06144869
0.459503293
-0.247393712
-0.14574787
0.00269676093
0
0
0
0
0
0
0
0
0
0
0
0
0
0
0
0.0654123724
-0.228095472
-0.421943128
0.384405911
1.03047025
0.226675227
-0.344721466
-0.0976081267
0
0
0
0
0
0
0
0
0
0
0
0
0
0
0
0
0.00396796921
-0.432455927
-0.240566656
0.940600932
0.796305776
-0.0948889032
-0.269443929
-0.000778928574
0
0
0
0
0
0
0
0
0
0
0
0
0
0
0
0.0126549276
-0.137550414
-0.518223226
0.145957828
1.08556378
0.434594154
-0.258438766
-0.124875844
0.0143024698
0
0
0
0
0
0
0
0
0
0
0
0
0
0
0
0.0632866696
-0.277925313
-0.408254474
0.500907719
0.993326247
0.173384905
-0.308036268
-0.0923186168
0.00196128059
0
0
0
0
0
0
0
0
0
0
0
0
0
0
0
0.0433605164
-0.431709319
-0.254049867
0.903333068
0.872275531
-0.113893583
-0.349777877
-0.00586899882
0
0
0
0
0
0
0
0
0
0
0
0
0
0
0
0
-0.0884708464
-0.517500758
0.117791973
1.14354897
0.473032176
-0.31494379
-0.161277533
0.0198579654
0
0
0
0
0
0
0
0
0
0
0
0
0
0
0
0.0321646072
-0.236582264
-0.391490608
0.3531802
1.02026212
0.322246253
-0.330573857
-0.152838528
0
0
0
0
0
0
0
0
0
0
0
0
0
0
0
0
0.0743782893
-0.376936287
-0.348595381
0.630478263
1.01614797
0.0777857974
-0.34615007
-0.0437998809
0
0
0
0
0
0
0
0
0
0
0
0
0
0
0
0.00527288672
0.0178777706
-0.533260643
-0.160632521
0.915979445
0.812187493
-0.035407111
-0.227924928
-0.0386986732
0
0
0
0
0
0
0
0
0
0
0
0
0
0
0
0.00264145713
-0.183606222
-0.512066543
0.0535108373
1.12179089
0.633867025
-0.142408401
-0.183611125
-0.0232690517
0
0
0
0
0
0
0
0
0
0
0
0
0
0
0
-0.0151309259
-0.449090958
-0.426491797
0.424349546
1.11886561
0.510364592
-0.0972830504
-0.136836752
0.0144649949
0
0
0
0
0
0
0
0
0
0
0
0
0
0
0
-0.018886378
-0.442019492
-0.149511874
0.796812475
0.834575474
0.0623558536
-0.280485034
-0.0254256018
0.000735480222
0
0
0
0
0
0
0
0
0
0
0
0
0
0
0
0.000634166645
-0.0845975056
0.174657777
0.51072216
0.127527237
-0.127309516
-0.0752920806
0.023945801
0
0
0
0
0
0
0
0
0
0
0
0
0
0
0
0
0.00314699858
0.123592079
0.0731748417
0.0935335457
0.0573920645
0.00799719989
0.0404864028
0.00245160074
0
0
0
0
0
0
0
0
0
0
0
0
0
0
0
0
0
0
0
0
0
0
0.026012335
0.212365672
0.321086138
0.0669300035
0.166614488
0.113247544
0.0130319735
0
0
0
0
0
0
0
0
0
0
0
0
0
0
0
0
0
0.0433139354
0.197982639
0.595835805
0.557503879
0.500625193
0.422928005
0.1256181
0
0
0
0
0
0
0
0
0
0
0
0
0
0
0
0
0
0.0527724624
0.294337422
0.709188759
0.873752058
0.624184549
0.29848212
0.0790118054
0
0
0
0
0
0
0
0
0
0
0
0
0
0
0
0
0.0308040809
0.16684635
0.576867759
1.20344675
1.24180603
0.451624334
0.102016136
-0.0454158522
0
0
0
0
0
0
0
0
0
0
0
0
0
0
0
0
0.0382686369
0.260517627
0.992817819
1.57965803
1.33640695
0.363151819
-0.074384205
-0.0818341672
0
0
0
0
0
0
0
0
0
0
0
0
0
0
0
0
0.0994658023
0.456378847
1.19338167
1.65263581
0.970563054
0.176292211
-0.134354904
-0.0393152274
0
0
0
0
0
0
0
0
0
0
0
0
0
0
0
0.0219051242
0.135316372
0.799506068
1.56951499
1.5446378
0.688077867
0.0716645122
-0.162648961
0
0
0
0
0
0
0
0
0
0
0
0
0
0
0
0
0.0513545237
0.249648929
1.06640363
1.89766979
1.35136533
0.514640093
0.0300850943
-0.0954582393
0
0
0
0
0
0
0
0
0
0
0
0
0
0
0
0
0.0531640574
0.452832013
1.30856347
1.89721704
1.19363761
0.276905715
0.00629136339
-0.0341728032
0
0
0
0
0
0
0
0
0
0
0
0
0
0
0
0.0390185006
0.168783963
0.704943061
1.60389066
1.78354776
0.96671015
0.0539529733
-0.114379846
-0.00527399406
0
0
0
0
0
0
0
0
0
0
0
0
0
0
0
0.0605214238
0.319424093
1.04317915
1.89625287
1.68631184
0.706919968
-0.0417876877
-0.171121866
0
0
0
0
0
0
0
0
0
0
0
0
0
0
0
0
0.060373839
0.504740298
1.32196629
1.96345341
1.43667841
0.381673008
-0.0370856337
-0.121859498
0
0
0
0
0
0
0
0
0
0
0
0
0
0
0
0.0164288431
0.128359556
0.756137073
1.62172425
1.77918887
1.02334774
0.13087815
-0.109786801
-0.0398031957
0
0
0
0
0
0
0
0
0
0
0
0
0
0
0
0.071886979
0.301516473
1.04853868
1.92022562
1.58948791
0.645739138
-0.0174536332
-0.162236035
-0.003835632
0
0
0
0
0
0
0
0
0
0
0
0
0
0
0
0.0505266525
0.49988386
1.38676727
2.02684903
1.39257014
0.380893052
-0.0431164354
-0.108322933
0
0
0
0
0
0
0
0
0
0
0
0
0
0
0
0
0.0948682278
0.729112864
1.62686408
1.91901982
1.10499191
0.198035628
-0.0362910368
-0.0388357751
0
0
0
0
0
0
0
0
0
0
0
0
0
0
0
0.0417566411
0.194484353
1.031901
1.97068846
1.73423266
0.892448723
0.113127328
-0.0929809287
0
0
0
0
0
0
0
0
0
0
0
0
0
0
0
0
0.0704489872
0.401323825
1.24499166
2.14777422
1.6750114
0.705119014
0.0616467297
-0.0618747883
0
0
0
0
0
0
0
0
0
0
0
0
0
0
0
0.00684535131
0.0930991024
0.637889445
1.52311623
2.18553281
1.49951851
0.41927585
-0.0111440755
-0.0936115012
0
0
0
0
0
0
0
0
0
0
0
0
0
0
0
-0.000851171615
0.0798627213
0.830000699
1.77044356
1.98741639
1.26350331
0.13341251
-0.112490378
-0.0556705073
0
0
0
0
0
0
0
0
0
0
0
0
0
0
0
-0.00278358394
0.00784202851
0.728304207
1.76044846
1.47761846
0.599565864
-0.0741557255
-0.182163596
-0.0327259302
0
0
0
0
0
0
0
0
0
0
0
0
0
0
0
0.00429718615
0.175998703
0.731544316
1.27957261
0.780669689
-0.064799279
-0.234874159
-0.142075449
-0.00143836194
0
0
0
0
0
0
0
0
0
0
0
0
0
0
0
0.00757506955
0.220108837
0.678143978
0.768149674
0.307985157
-0.149061725
-0.165151775
-0.0616204776
0
0
0
0
0
0
0
0
0
0
0
0
0
0
0
0
0.00263240584
0.108533777
0.264027268
0.215206832
0.0970250145
-0.0570246466
-0.0823962986
-0.00479453988
0
0
0
0
0
0
0
0
0
0
0
0
0
0
0
0
0
0
0
0
0
0
0.0345727615
0.255383581
0.273973525
0.151015013
0.00941162743
-0.101874016
-0.0415516794
0
0
0
0
0
0
0
0
0
0
0
0
0
0
0
0
0
0.0805245265
0.332070172
0.512371123
0.14820154
-0.26290524
-0.46475628
-0.155951425
0
0
0
0
0
0
0
0
0
0
0
0
0
0
0
0
0
0.163874477
0.687703788
0.742348969
-0.00203706208
-0.621758878
-0.891903102
-0.258901328
0
0
0
0
0
0
0
0
0
0
0
0
0
0
0
0
0.0409414247
0.385009408
1.08278537
0.885770082
-0.29525426
-0.794559896
-0.927397966
-0.199969098
0
0
0
0
0
0
0
0
0
0
0
0
0
0
0
0
0.0780476704
0.595510721
1.36014998
0.781423926
-0.178292677
-0.829091072
-0.821018219
-0.0918536633
0
0
0
0
0
0
0
0
0
0
0
0
0
0
0
0
0.231707066
0.915136278
1.3556875
0.381360471
-0.4290815
-0.910060704
-0.564315975
-0.0262201298
0
0
0
0
0
0
0
0
0
0
0
0
0
0
0
0.0291139036
0.393065572
1.29130232
1.15481198
0.0226101577
-0.61670053
-0.997315228
-0.289336175
0
0
0
0
0
0
0
0
0
0
0
0
0
0
0
0
0.0875865147
0.657933116
1.53736711
0.917202592
-0.176319435
-0.923840046
-0.934325576
-0.108417466
0
0
0
0
0
0
0
0
0
0
0
0
0
0
0
0
0.162726209
0.986661196
1.51344979
0.572369337
-0.42678991
-1.1510433
-0.823879123
-0.0277910866
0
0
0
0
0
0
0
0
0
0
0
0
0
0
0
0.0518591404
0.387750179
1.27468204
1.44025517
0.328313082
-0.695273757
-1.16192162
-0.609653652
-0.00351733458
0
0
0
0
0
0
0
0
0
0
0
0
0
0
0
0.114873029
0.643793285
1.47892106
1.16566741
0.0102787297
-0.84934926
-0.998371303
-0.330395848
0
0
0
0
0
0
0
0
0
0
0
0
0
0
0
0
0.21691817
0.977696717
1.49091601
0.737442374
-0.39202264
-0.934861243
-0.811287463
-0.127994359
0
0
0
0
0
0
0
0
0
0
0
0
0
0
0
0.0218354277
0.420170367
1.28122759
1.33813715
0.279849827
-0.688480496
-1.04958761
-0.577006459
-0.0301823243
0
0
0
0
0
0
0
0
0
0
0
0
0
0
0
0.110043094
0.686819673
1.5231874
1.15056217
-0.0148577131
-0.913388789
-0.993293345
-0.304175854
-0.00255806162
0
0
0
0
0
0
0
0
0
0
0
0
0
0
0
0.165654883
0.981178999
1.59374595
0.801798463
-0.329328179
-0.997721195
-0.832625985
-0.109064974
0
0
0
0
0
0
0
0
0
0
0
0
0
0
0
0
0.359497756
1.27803493
1.47041428
0.450939178
-0.641313195
-1.099231
-0.671698332
-0.0259003732
0
0
0
0
0
0
0
0
0
0
0
0
0
0
0
0.0554983765
0.576313138
1.5485245
1.35923982
0.228980809
-0.903466105
-1.17186964
-0.495013267
0
0
0
0
0
0
0
0
0
0
0
0
0
0
0
0
0.130484119
0.866056442
1.69430792
1.17042589
-0.0852479637
-1.14963818
-1.10170007
-0.326160759
0
0
0
0
0
0
0
0
0
0
0
0
0
0
0
0.00909809489
0.267946452
1.17850995
1.67912674
0.849507689
-0.439335078
-1.17685902
-0.979896128
-0.194682032
0
0
0
0
0
0
0
0
0
0
0
0
0
0
0
0.00490986463
0.410125583
1.34798217
1.44069588
0.49189499
-0.785379767
-1.16402972
-0.712301612
-0.0715260506
0
0
0
0
0
0
0
0
0
0
0
0
0
0
0
0.0101570087
0.43290928
1.2000289
1.05026972
0.15836747
-0.770952225
-0.857585251
-0.428220272
-0.023189377
0
0
0
0
0
0
0
0
0
0
0
0
0
0
0
0.0161939953
0.540056705
0.991921127
0.693688512
0.164527297
-0.430368632
-0.540006399
-0.16527319
-0.000959273078
0
0
0
0
0
0
0
0
0
0
0
0
0
0
0
0.0121088168
0.37051791
0.610706866
0.488700032
0.278116643
-0.0772925913
-0.220797345
-0.0456419066
0
0
0
0
0
0
0
0
0
0
0
0
0
0
0
0
0.00325298449
0.131808132
0.238954917
0.350456178
0.186460048
-0.0785888433
-0.0578325726
-0.00319757685
0
0
0
0
0
0
0
0
0
0
