0.00817388762
0.14157261
0.373063326
1.99372125
1.75575304
-1.39775181
-1.41539133
0.415866733
0.0339816362
0.0537314527
0.761195958
2.87969828
1.44345999
-1.76249874
-1.02702856
0.501864851
0.100537449
0.0636768341
1.21915424
2.84455347
0.265280366
-1.84060276
-0.548636079
0.536698341
0.111251146
0.386219293
2.17585731
2.55373263
-0.847839057
-1.60630035
0.00159053085
0.550531089
0.0657142922
0.854863346
3.08746624
1.88342226
-1.49812019
-1.06380439
0.421180129
0.374483496
-0.00230718474
1.2685647
3.4557929
0.826300204
-1.9043107
-0.7967785
0.456008136
0.193937346
-0.254447252
1.38101113
2.52789235
-0.54238987
-2.07964706
-0.307701856
0.484850228
0.121702693
-0.433665335
1.16650677
1.23586762
-1.07670903
-1.14259267
0.474903226
0.58128351
0.0844371095
-0.00316990935
-0.0682827532
-0.555757582
0.0334610119
0.369873852
0.530953228
1.39467609
0.434572339
-0.00682388153
-0.17636846
-0.57393682
0.117234088
-0.112973914
0.398133278
0.482762486
-0.252587825
-0.0201946087
-0.404174984
-0.520327389
0.120658353
-0.342668086
0.509166718
-0.0410302207
-0.429352105
-0.060953781
-0.634118319
-0.398070872
0.0595808811
-0.247616768
0.418594003
-0.344569951
-0.34199208
-0.179913193
-0.789814413
-0.229764402
-0.333049387
0.022373924
0.169972211
-0.524997652
-0.18432644
-0.349766195
-0.689838529
-0.257146537
-0.692416549
0.109308511
-0.124152474
-0.504003406
-0.0930319726
-0.16843845
-0.191974416
0.242585629
-0.327982992
0.255464166
-0.369401574
-0.454069108
-0.0837691203
0.164642274
0.510043442
0.286624044
0.036507573
-0.221076623
-0.998815715
-0.389614254
-0.0489688404
-0.00350546883
-0.0435346253
-0.331500471
-0.42846635
-1.1894455
-2.22653151
-1.39789009
-0.221278325
-0.0128357671
-0.0747496635
-0.490372837
-0.795672357
-1.83415544
-2.43086338
-1.19081259
-0.0287138391
-0.0224610455
-0.226640105
-0.537805676
-1.13854146
-2.33299017
-2.08835173
-0.647087932
-0.0241188351
-0.0393868238
-0.35801056
-0.532696784
-1.35967636
-2.56349874
-1.67474711
0.0309977029
0.0534718186
-0.0898238048
-0.421186149
-0.573611498
-1.63602066
-2.59459019
-1.1871289
0.244245619
0.0723238215
-0.143305629
-0.563458443
-1.20938158
-2.49982524
-2.63845062
-1.10953224
-0.0581121556
-0.141955882
-0.823510587
-1.26084375
-1.71442342
-3.01964617
-2.5776403
-0.715193331
-0.255916089
-0.303515822
-0.528659344
-0.104739986
-0.222258702
-1.25442696
-0.929657578
0.184130535
0.0929645896
-0.203511134
0.00185483182
-0.177165747
-0.948197842
-0.0762031823
2.18439341
1.55121434
-1.57772493
-1.40259421
-0.00117502897
-0.470718145
-1.08116806
0.973511338
3.43589544
0.883302212
-2.45539212
-1.29889286
-0.0403038822
-0.786385179
-0.936608613
2.07115841
3.53536963
-0.704107106
-2.85572863
-1.01898336
-0.18316108
-1.02738893
-0.231069699
3.10816741
2.73983192
-1.96279907
-2.55467844
-0.716974556
-0.477530152
-1.16436327
0.791388631
3.73148012
1.43052244
-2.64733863
-1.85741234
-0.527485788
-0.858595967
-0.984172225
1.94013071
3.73753524
-0.458333254
-3.14947724
-1.46270227
-0.506823182
-0.931294322
-0.539610684
2.98112178
2.9261446
-2.18490434
-3.05636573
-1.09837353
-0.391691625
-1.10799038
0.368434429
3.47296858
1.51065338
-2.66605353
-1.85563374
-0.458883286
-0.213503361
-0.00916852057
-0.250130177
-0.671043575
-0.319059163
0.638652802
0.895199597
0.77264905
0.363576978
-0.034983404
-0.360453069
-0.822259545
-0.133038357
1.07494688
1.34538174
1.01602221
0.535332084
-0.119981833
-0.498780459
-0.792860687
0.246186957
1.53976488
1.504807
0.98038429
0.377123982
-0.243098542
-0.719887257
-0.606491446
0.62223947
1.69791305
1.57381046
0.923011839
0.312720865
-0.391539961
-0.895617485
-0.286673367
1.01980782
1.61129427
1.48139
0.903546214
0.266866803
-0.514915943
-0.941056848
0.144527674
1.51431894
1.71675861
1.24073589
0.596090198
0.0965723768
-0.614377677
-0.721829712
0.702982664
2.05994844
1.63916802
0.930792868
0.226970077
-0.026835043
-0.629814088
-0.486985117
1.1093384
1.59798431
1.24795115
0.884165049
0.292133182
-0.0255515538
-0.00645430433
-0.238405377
-0.64639312
-0.995865524
-0.93644315
0.110587485
1.26533866
0.562869966
-0.0341662765
-0.310954899
-0.922833383
-1.14285147
-0.281163871
1.05131674
1.07079935
-0.263472766
-0.119633898
-0.460539967
-0.932635784
-1.11418903
-0.00363386585
1.30352032
0.760071039
-0.497320682
-0.219736114
-0.704215944
-1.08232713
-0.652213991
0.506092548
1.24904096
0.106587276
-0.504818559
-0.360019326
-0.981946468
-1.14409888
-0.067989327
1.25649345
0.95985657
-0.558453918
-0.472849101
-0.455557197
-1.06448793
-1.15033698
0.101440087
1.27919781
0.585390329
-0.67424655
-0.211154103
-0.470287979
-1.11125982
-1.03924263
0.408644289
1.4086982
0.322502613
-0.493279219
-0.0269128773
-0.615641952
-0.996542931
0.134228215
2.04064608
1.91570735
-0.235298634
-0.465048283
0.0176183414
-0.00761046913
-0.251388729
-0.121018469
1.6988287
2.21917319
0.53458333
-0.889343977
-0.355486035
-0.0357720703
-0.374667108
0.556754291
2.83042645
2.18624377
-0.108336054
-0.799290597
0.100563072
-0.115377896
-0.336790055
1.45793962
3.29842186
1.65682149
-0.692205667
-0.599706829
0.125538439
-0.258176833
-0.0392391235
2.36692548
3.23231173
0.95012933
-0.987823188
-0.2355728
0.144016668
-0.392121404
0.592415094
3.09577203
2.66883326
-0.0301654339
-0.947563171
0.0844739452
0.134905979
-0.400262505
1.40491784
3.41323924
1.8392185
-0.515258729
-0.558555782
0.144730181
0.0118088145
-0.128202185
2.30341053
3.42591262
1.36604166
-0.657604337
-0.229013041
0.158960536
-0.0509863272
0.539968431
3.20948172
2.65033817
-0.425756723
-1.15625155
-0.0277297385
0.0893036947
-0.0433519036
0.00238357973
-0.0432193279
-0.156581819
0.0076083811
-0.105678692
-0.0916165933
-0.309734195
-0.555998802
0.00572919007
-0.126952797
-0.188216031
0.0763432458
0.0241968129
-0.110830851
-0.529888511
-0.617942989
-0.00230106572
-0.149265081
-0.184671074
-0.160699621
0.026470881
0.0474439748
-0.341348141
-0.456546187
-0.0448889732
-0.164279133
-0.0372065268
-0.267257541
-0.313779533
-0.256626129
-0.375924915
-0.168327004
-0.140684009
-0.198515594
0.00934303552
-0.208080813
-0.512880743
-0.688968778
-0.583816707
-0.00849299878
-0.224597946
-0.150044233
-0.0918557718
-0.0352672264
-0.245001182
-0.812967002
-0.634027243
-0.0316177309
0.037641257
0.208584949
0.306626827
0.472166151
-0.00333636021
-0.445033312
-0.370129943
-0.0535522439
-0.148159936
0.456069857
1.03681445
1.27305281
0.757141769
0.131073028
0.0130413286
-0.0167261362
0.00324259861
0.245620608
0.753980875
1.26722693
-1.2649318
-2.12939143
0.336911589
1.51799393
0.0254679825
0.392520726
1.23087609
1.39672959
-2.11813712
-1.69973731
1.48760664
1.71713948
0.110497594
0.552923739
1.55906773
0.575696647
-2.71180511
-0.707104683
2.25494647
1.33138299
0.244797751
0.788357317
1.73647261
-0.569235504
-2.64497542
0.502513349
2.50073314
0.852816343
0.413286179
1.26565957
1.51611602
-1.80740499
-1.99571609
1.62667632
2.24855685
0.426286727
0.611738145
1.76242328
0.793059051
-2.68023992
-0.992469072
2.24095845
1.54863918
0.0971955359
0.82124716
2.12834096
-0.152289748
-2.88911915
0.0432913527
2.54805112
0.975062609
-0.086718455
0.80305016
1.9609772
-1.14037549
-2.24999666
1.50076306
2.77218533
0.729694724
-0.0391382873
0.000381884427
0.00593702961
0.181109801
0.655876696
1.19765174
1.86713815
1.6811403
-0.136596754
0.00668715872
0.0423673429
0.200250313
0.740671813
1.76157522
2.56363869
1.42324102
-0.630158544
0.00437518954
0.10917899
0.372294724
1.021492
2.02008224
2.68047094
0.801114202
-0.852309167
0.0179330502
0.138138607
0.614833891
1.46069038
2.232301
2.29791093
-0.0239449404
-0.91530031
0.0477863364
0.146811068
0.759661674
1.94235325
2.72756171
1.70868719
-0.648334563
-0.798092604
0.0780465379
0.270216912
1.00407922
2.42019844
3.12533164
1.08002508
-0.881151378
-0.514452457
0.23535265
0.508965313
1.1520797
2.16485333
2.50186992
0.429975241
-0.797589362
-0.236145675
0.0847086981
0.132665545
0.36663115
1.5083797
1.47845662
-0.435813397
-0.860624373
-0.122466847
0.00679592974
0.364920765
1.00709498
0.87018168
-0.996562719
-3.6531055
-2.04109192
0.239626363
0.049297113
0.616197288
1.10418892
0.520461738
-2.768502
-4.4368391
-0.516335368
0.927833974
0.157992557
0.815196693
1.02849197
-0.157114878
-4.28916883
-3.86051011
0.52339679
0.892209888
0.379303843
0.974399805
0.69694078
-1.64173079
-5.26772881
-2.33799267
1.11646557
0.803821743
0.635733187
1.00214279
0.256015986
-3.25922418
-5.27380753
-0.499576747
1.6291939
0.771811426
0.844801843
1.02452087
-0.28187111
-4.23410845
-4.17642164
0.675182223
1.27322078
0.568428338
1.17185438
0.987182915
-1.55511761
-5.76983261
-3.63275623
0.725302577
0.752293527
0.372770429
0.82506007
-0.181630254
-4.64085388
-7.30908728
-2.41382909
1.30408108
0.815229058
0.255945086
-0.010571802
-0.320348829
-0.172803134
0.668008029
0.44120267
0.156508744
0.29844448
0.25400573
-0.0452584364
-0.378413886
0.0173355788
0.391575545
0.168691754
0.202205092
0.244078577
0.174708053
-0.162885979
-0.293211997
0.372835487
0.331363916
0.0633498356
0.365254551
0.508234799
0.235956773
-0.325300545
-0.239117354
0.451857209
0.224493325
-0.16003187
0.125303
0.424189836
0.188952267
-0.418379873
-0.162355453
0.202548042
-0.124620445
-0.161177337
-0.0862136409
0.106412619
-0.118920855
-0.401008338
0.167911306
0.226780474
0.0108749624
0.290176719
0.279808253
0.0510150455
-0.287101001
0.167821601
0.846006215
0.871233881
0.528642595
0.782022774
0.765179217
0.20608072
-0.27603966
0.237817153
0.539240718
0.465566486
0.238558203
0.544972837
0.751371205
0.117573887
-0.156846806
0.00104992697
0.119326785
-0.132577106
-2.41700768
-2.96762729
1.58269882
3.5736208
1.26901531
0.0124449013
0.177133754
-0.525309324
-3.0947628
-2.07241797
3.1024797
3.35028625
0.64088285
0.0520565659
0.122435063
-1.28636181
-3.5395093
-0.521456242
4.09963083
2.66502118
0.045979958
0.13486515
-0.0910528004
-2.2452414
-3.37376165
1.28583205
4.07346201
1.75338948
-0.250001907
0.217937186
-0.445541292
-3.09085703
-2.5292201
2.9170258
3.74113607
0.954322755
-0.285093009
0.258734882
-0.994786203
-3.71996522
-1.0967617
4.15256691
3.26256776
0.349524051
-0.313559264
0.19748947
-1.62032008
-3.54684067
0.58880198
4.21850491
2.24055457
-0.102804139
-0.267643481
0.231257454
-1.49284339
-2.02090883
1.42728531
2.53157711
0.642129421
-0.416992605
-0.157798797
-0.00878027454
-0.177490264
-1.21120739
-2.17495513
0.427533478
2.02326155
1.37603474
0.324806571
-0.0246790051
-0.359423161
-1.91398048
-1.91313922
0.847905278
2.00653982
1.05306959
0.351165861
-0.085110046
-0.705359161
-2.48904395
-1.50660145
1.33615947
2.04379344
0.800483823
0.225837678
-0.193004578
-1.2809242
-2.69165826
-0.93851155
1.31948948
1.76861048
0.836994588
0.178928599
-0.370402098
-2.01154709
-2.36381388
0.0735957101
1.55002522
1.15766299
0.59747684
0.229520932
-0.622647762
-2.77187681
-1.79893315
1.4447037
2.13408923
0.797753036
0.269571304
0.106086053
-0.945873916
-3.01651049
-1.26216674
1.80293906
2.54404426
1.08552527
0.288634658
-0.019607598
-1.53282964
-3.7171886
-1.85804176
1.38630545
2.45346546
1.30242622
0.220695451
-0.0238257404
-0.0105476566
-0.409011394
-1.78288937
-1.70515609
-0.113436021
1.01827908
0.609824538
-0.417638451
-0.0528994277
-0.834648788
-2.00696397
-0.750924349
0.751016617
1.41552854
0.480265915
-0.260056615
-0.160149366
-1.31328797
-1.95971823
-0.0141709503
1.08881283
1.42627907
0.289422631
-0.193456382
-0.423960328
-1.77661169
-1.49780881
0.673050582
1.52911985
1.09036231
-0.0649946034
-0.190934464
-0.797820807
-2.03359199
-0.773345172
1.05429208
1.48341537
0.490673691
-0.281712055
-0.123793475
-1.22560298
-2.02676487
-0.226251021
0.97386235
1.18943501
0.244539231
-0.166950896
-0.0657412484
-1.55197942
-1.47315502
0.850940228
1.82350075
2.02445173
0.472610682
-0.00448373146
-0.0112553434
-1.10855711
0.545829773
3.03528357
3.31078267
1.6583091
-0.139539912
-0.194069266
-0.0175289102
-0.0100944787
-0.378698915
-0.657948375
0.0432659835
0.282610744
-0.271125793
-0.336006671
-0.409120381
-0.0449607112
-0.539906919
-0.747605681
-0.157131493
-0.0734684393
-0.228030995
-0.221311063
-0.420951128
-0.175428614
-0.634051383
-0.535882056
-0.0134400558
-0.152995422
-0.01471317
-0.182369485
-0.167527556
-0.372336894
-0.719954967
-0.356918305
0.0322850272
-0.24533923
-0.201569304
-0.425041169
-0.163527727
-0.597992659
-0.835804045
-0.289293408
-0.232510448
-0.411779076
-0.421431839
-0.592606664
-0.199069947
-0.724885464
-0.764602125
-0.150230125
-0.380478591
-0.295615107
-0.463269711
-0.45923382
-0.169157639
-0.623741567
-0.352124304
0.306989223
0.410644591
0.319784164
-0.087810345
-0.0665654168
-0.0191857107
-0.558907866
0.0988645256
1.29699218
1.23669159
0.826385438
0.106749542
-0.0339738354
0.0291104522
