3.86904001
-1.89471829
-0.994480789
4.82867336
0.490399957
0.530799627
1.87383008
1.71280527
1.86557758
-6.66218948
-1.47811449
1.51759791
-2.36661243
3.0921917
4.09412193
-1.25905669
2.00046349
1.98105788
2.59310055
4.91193581
5.3467617
1.39868462
0.282962441
0.498033226
3.11170578
-1.2563467
6.63229227
-3.89698029
-1.35020638
0.51747942
-0.0734227002
1.32977653
1.59600568
2.84178233
1.65947795
-2.18745208
3.3450563
1.90390253
-1.27111471
1.88635111
-0.35318312
-2.63199282
0.330490023
-4.21184874
-0.630370378
1.97520423
-1.74066079
1.35355926
1.37700367
4.25917196
3.36693144
2.68954563
0.140306234
-4.16516733
-1.97054672
-2.64204645
-5.5227356
-2.42047215
-0.491547823
-2.37211466
2.03588128
-0.819821775
1.93122578
-0.909172058
0.514562249
4.39081526
2.40029454
1.60248137
-2.27800417
-5.24697733
1.56098843
3.58020425
1.66466713
1.63575602
1.41293168
2.83002663
-5.9460659
5.69978619
-2.96670365
2.21441507
2.75181532
-2.4719305
4.23000622
-5.12560177
-2.01122594
0.372563124
1.68667006
3.46070576
-4.09430265
2.06129217
-0.628435731
-1.97510695
1.58056402
0.91554296
-2.30018973
2.28741312
0.162755251
2.23432064
-8.79031467
1.03670681
-0.0172672272
-0.415084124
-0.650921702
-2.7917459
-3.87625813
3.82188272
0.324948847
-1.91449165
-1.51038623
2.7064662
-2.83430362
1.76938987
1.82260036
-2.79257059
-3.60062551
-2.12937546
0.308851004
-2.41837215
-1.61230326
2.16666079
