-4.70665455
7.0204711
-2.47434282
-1.4060421
6.62128401
1.21501315
2.87083149
2.79614735
0.215091884
3.64071655
0.61775732
3.06839991
-1.63089609
2.29097342
1.6331563
0.659452915
1.32944083
-3.21874738
-1.33911812
1.3191781
3.80555916
5.63385296
-2.65857506
6.50624609
0.359302402
2.38324142
2.43165684
0.772351444
7.90736246
-0.493267387
2.23403311
-2.43464899
1.72037697
-3.85595798
4.64247131
-2.12411976
4.40178108
3.31066084
3.51161671
0.56146431
-0.840259731
-4.30634403
-0.0136206448
1.01642418
0.0772982836
3.98244286
0.310557872
2.67986035
-0.239847898
0.706552863
-0.507792473
-0.581917048
-0.900370121
3.01665831
1.35767198
-1.33897221
-0.247527301
3.91492558
0.271806836
1.40389538
-1.17138755
8.12634945
-0.202928483
5.29600382
-0.0795070529
-2.4762764
4.00858831
-1.02197361
-0.436208725
3.30104065
-0.590983987
0.768222094
2.05977464
0.297374427
-0.351654828
-2.3352232
-0.369147897
6.80156326
3.13140178
-2.38391423
2.75046253
-0.959753513
-3.42496586
-3.76875019
