0.14157261
2.87969828
1.75575304
0.501864851
0.386219293
2.84455347
0.265280366
0.550531089
1.2685647
3.4557929
0
0.456008136
1.38101113
2.52789235
0.474903226
0.58128351
0
0.117234088
0.530953228
1.39467609
0
0.120658353
0.509166718
0
0
0
0.169972211
0
0.510043442
0.286624044
0.255464166
0
0
0
0
0
0
0
0
0.0534718186
0
0
0
0.244245619
0
0
0.184130535
0.0929645896
0.00185483182
0.973511338
3.43589544
0
0
3.10816741
3.53536963
0
0
3.73753524
1.43052244
0
0.368434429
3.47296858
0
0
0
0
1.34538174
1.01602221
0
0.62223947
1.69791305
0.98038429
0
1.51431894
1.71675861
0.903546214
0
2.05994844
1.63916802
0.292133182
0
0
1.05131674
1.26533866
0
0
1.30352032
0.760071039
0
0.101440087
1.27919781
0
0
2.04064608
1.91570735
0.0176183414
0
2.83042645
2.21917319
0.100563072
0
3.29842186
1.65682149
0.144016668
1.40491784
3.41323924
0
0.144730181
3.20948172
3.42591262
0
0.158960536
0.00572919007
0.0763432458
0.0241968129
0
0
0
0.0474439748
0
0
0.00934303552
0
0
0.456069857
1.27305281
0.757141769
0.0130413286
0.392520726
1.39672959
0
1.71713948
0.788357317
1.73647261
0.502513349
2.50073314
1.76242328
1.51611602
2.24095845
2.24855685
2.12834096
0
2.77218533
0.975062609
0.0423673429
0.740671813
2.56363869
1.6811403
0.138138607
1.46069038
2.68047094
0.801114202
0.270216912
2.42019844
3.12533164
0
0.508965313
2.16485333
2.50186992
0
0.616197288
1.10418892
0
0.927833974
0.974399805
1.02849197
0
1.11646557
1.02452087
0.256015986
0.675182223
1.6291939
1.17185438
0
1.30408108
0.815229058
0
0.668008029
0.44120267
0.29844448
0
0.451857209
0.365254551
0.508234799
0.167911306
0.226780474
0.290176719
0.106412619
0.846006215
0.871233881
0.782022774
0.20608072
0.177133754
0
3.1024797
3.5736208
0.13486515
0
4.09963083
2.66502118
0.258734882
0
4.15256691
0.954322755
0.231257454
1.42728531
4.21850491
0
0
0
2.02326155
1.37603474
0
0
2.04379344
0.836994588
0
1.4447037
2.13408923
0.59747684
0
1.80293906
2.54404426
0.288634658
0
0
1.41552854
0.609824538
0
0.673050582
1.52911985
0.289422631
0
1.05429208
1.48341537
0
0.545829773
3.31078267
2.02445173
0
0
0.0432659835
0.282610744
0
0
0.0322850272
0
0
0
0
0
0
0.0988645256
1.29699218
0.826385438
0.0291104522
