0
0
0
0
0
0
0.000873556768
0.0352523886
0.214263484
0.0829511955
0
0
0
0
0
0
0
0.000642371306
0
0
0
0
0
0
0
0
0
0
0
0
0.00788542442
0.0540498495
0.0108443592
0.0948002711
0
0
0
0
0
0
0
0.000456797366
0.0259137787
0.00863699336
0.12588951
0
0
0
0
0
0
0
0.000813670282
0
0.0293660518
0
0.0656283721
0
0
0
0
0
0
0
0
0
0.102288224
0.0598497875
0.176231503
0
0
0
0
0
0
0
0.00034259801
0.0883373991
0.104936533
0.0441002697
0.0818334073
0
0
0
0
0
0
0
0
0.0669917911
0.102790371
0.156345427
0
0
0
0
0
0
0
0.00087076996
0
0.0599628203
0
0
0
0
0
0
0
0
0
0.000142749181
0
0
0
0.0472411253
0
0
0
0
0
0
0
0.0831745863
0.429382384
0.454071432
0.236625209
0.0712912902
0
0
0
0
0
0
0
0.252887785
0.658465981
0.794611573
0.410001278
0
0
0
0
0
0
0
0
0
0
0
0
0
0.0900033489
0.112688184
0
0
0
0
0
0
0
0
0
0
0.718055665
0.16293025
0
0
0
0
0
0
0
0
0
0.421851069
1.02237213
0.0337476693
0
0
0
0
0
0
0
0
0
0.735617876
0.974247336
0
0
0
0
0
0
0
0
0
0.0533469245
0.952916801
0.518847704
0
0
0
0
0
0
0
0
0
0.50624007
1.06638598
0.159717843
0
0
0
0
0
0
0
0
0
0.934892416
1.09189999
0
0
0
0
0
0
0
0
0
0
0.966639698
0.704939544
0
0
0
0
0
0
0
0
0
0.134446681
0.836767614
0.244687408
0
0
0
0
0
0
0
0
0
0.980760932
1.05286956
0.0563870892
0
0
0
0
0
0
0
0.336625069
1.41879344
1.28054225
0.941215932
0
0
0
0
0
0
0
0
0.463335246
1.17351592
0.946237743
0.217101097
0
0
0
0
0
0
0
0
0
0
0
0.107054219
0.34012866
0.646052241
0.0936222523
0
0
0
0
0
0
0
0
0.472146958
1.10214388
0.954973638
0.103894234
0
0
0
0
0
0
0
0.0231985953
0.745538056
1.09664989
0.814544082
0.0588945076
0
0
0
0
0
0
0
0.253010303
1.03792298
1.11173213
0.597221673
0
0
0
0
0
0
0
0
0.482327223
1.33517361
1.27870572
0.408985794
0
0
0
0
0
0
0
0.0754755139
0.897599041
1.30297542
1.07053983
0.160534635
0
0
0
0
0
0
0
0.197479948
1.113078
1.31174111
0.733455122
0.0528535023
0
0
0
0
0
0
0
0.533533156
1.25725508
1.31564689
0.499419749
0
0
0
0
0
0
0
0
0.825917363
1.45374584
1.32438254
0.290994078
0
0
0
0
0
0
0
0.210743532
1.18621993
1.51847982
1.13961768
0.13694863
0
0
0
0
0
0
0
0.34464699
1.2047565
1.08339846
0.526282251
0.046484191
0
0
0
0
0
0
0
0.0257981997
0.104524232
0.219190046
0.157344282
0
0
0
0
0
0
0
0
0
0
0
0.121596344
0.124178685
0.0443049595
0
0
0
0
0
0
0
0
0.0237279888
0.0137205431
0.844287276
0.328381985
0
0
0
0
0
0
0
0
0.0443148091
0
1.00003064
0
0.0201031268
0
0
0
0
0
0
0
0.0501084663
0.683301508
0.956934035
0
0
0
0
0
0
0
0
0.0300554521
0.025441058
1.06144869
0.759879768
0.00915465783
0
0
0
0
0
0
0
0.0654123724
0
1.03047025
0.226675227
0
0
0
0
0
0
0
0
0.0632866696
0.500907719
1.08556378
0
0.0143024698
0
0
0
0
0
0
0
0.0433605164
1.14354897
0.872275531
0.0198579654
0
0
0
0
0
0
0
0.0743782893
0
1.02026212
0.322246253
0
0
0
0
0
0
0
0
0.0178777706
0.0535108373
1.12179089
0
0
0
0
0
0
0
0
0
0
0.796812475
1.11886561
0
0.0144649949
0
0
0
0
0
0
0
0.123592079
0.51072216
0.127527237
0.0404864028
0
0
0
0
0
0
0
0
0
0
0
0.212365672
0.595835805
0.500625193
0.1256181
0
0
0
0
0
0
0
0.0308040809
0.576867759
1.24180603
0.624184549
0.0790118054
0
0
0
0
0
0
0
0.0994658023
1.19338167
1.65263581
0.363151819
0
0
0
0
0
0
0
0
0.249648929
1.89766979
1.5446378
0.0716645122
0
0
0
0
0
0
0
0.0390185006
0.704943061
1.89721704
1.19363761
0.00629136339
0
0
0
0
0
0
0
0.0605214238
1.32196629
1.96345341
0.706919968
0
0
0
0
0
0
0
0
0.301516473
1.92022562
1.77918887
0.13087815
0
0
0
0
0
0
0
0
0.729112864
2.02684903
1.39257014
0
0
0
0
0
0
0
0
0.0704489872
1.24499166
2.14777422
0.892448723
0
0
0
0
0
0
0
0
0.0930991024
1.77044356
2.18553281
0.41927585
0
0
0
0
0
0
0
0
0.175998703
1.76044846
1.47761846
0
0
0
0
0
0
0
0
0
0.220108837
0.768149674
0.307985157
0
0
0
0
0
0
0
0
0
0
0
0
0.332070172
0.512371123
0.00941162743
0
0
0
0
0
0
0
0
0.0409414247
1.08278537
0.885770082
0
0
0
0
0
0
0
0
0
0.231707066
1.36014998
0.781423926
0
0
0
0
0
0
0
0
0
0.657933116
1.53736711
0.0226101577
0
0
0
0
0
0
0
0
0.0518591404
1.27468204
1.51344979
0
0
0
0
0
0
0
0
0
0.21691817
1.49091601
1.16566741
0
0
0
0
0
0
0
0
0
0.686819673
1.5231874
0.279849827
0
0
0
0
0
0
0
0
0
1.27803493
1.59374595
0
0
0
0
0
0
0
0
0
0.130484119
1.69430792
1.35923982
0
0
0
0
0
0
0
0
0
0.410125583
1.67912674
0.849507689
0
0
0
0
0
0
0
0
0
0.540056705
1.2000289
0.164527297
0
0
0
0
0
0
0
0
0
0.37051791
0.610706866
0.278116643
0
0
0
0
0
0
