0
7.0204711
0
0
6.62128401
1.21501315
2.87083149
2.79614735
0.215091884
3.64071655
0.61775732
3.06839991
0
2.29097342
1.6331563
0.659452915
1.32944083
0
0
1.3191781
3.80555916
5.63385296
0
6.50624609
0.359302402
2.38324142
2.43165684
0.772351444
7.90736246
0
2.23403311
0
1.72037697
0
4.64247131
0
4.40178108
3.31066084
3.51161671
0.56146431
0
0
0
1.01642418
0.0772982836
3.98244286
0.310557872
2.67986035
0
0.706552863
0
0
0
3.01665831
1.35767198
0
0
3.91492558
0.271806836
1.40389538
0
8.12634945
0
5.29600382
0
0
4.00858831
0
0
3.30104065
0
0.768222094
2.05977464
0.297374427
0
0
0
6.80156326
3.13140178
0
2.75046253
0
0
0
