3.86904001
0
0
4.82867336
0.490399957
0.530799627
1.87383008
1.71280527
1.86557758
0
0
1.51759791
0
3.0921917
4.09412193
0
2.00046349
1.98105788
2.59310055
4.91193581
5.3467617
1.39868462
0.282962441
0.498033226
3.11170578
0
6.63229227
0
0
0.51747942
0
1.32977653
1.59600568
2.84178233
1.65947795
0
3.3450563
1.90390253
0
1.88635111
0
0
0.330490023
0
0
1.97520423
0
1.35355926
1.37700367
4.25917196
3.36693144
2.68954563
0.140306234
0
0
0
0
0
0
0
2.03588128
0
1.93122578
0
0.514562249
4.39081526
2.40029454
1.60248137
0
0
1.56098843
3.58020425
1.66466713
1.63575602
1.41293168
2.83002663
0
5.69978619
0
2.21441507
2.75181532
0
4.23000622
0
0
0.372563124
1.68667006
3.46070576
0
2.06129217
0
0
1.58056402
0.91554296
0
2.28741312
0.162755251
2.23432064
0
1.03670681
0
0
0
0
0
3.82188272
0.324948847
0
0
2.7064662
0
1.76938987
1.82260036
0
0
0
0.308851004
0
0
2.16666079
