0.00817388762
0.14157261
0.373063326
1.99372125
1.75575304
0
0
0.415866733
0.0339816362
0.0537314527
0.761195958
2.87969828
1.44345999
0
0
0.501864851
0.100537449
0.0636768341
1.21915424
2.84455347
0.265280366
0
0
0.536698341
0.111251146
0.386219293
2.17585731
2.55373263
0
0
0.00159053085
0.550531089
0.0657142922
0.854863346
3.08746624
1.88342226
0
0
0.421180129
0.374483496
0
1.2685647
3.4557929
0.826300204
0
0
0.456008136
0.193937346
0
1.38101113
2.52789235
0
0
0
0.484850228
0.121702693
0
1.16650677
1.23586762
0
0
0.474903226
0.58128351
0.0844371095
0
0
0
0.0334610119
0.369873852
0.530953228
1.39467609
0.434572339
0
0
0
0.117234088
0
0.398133278
0.482762486
0
0
0
0
0.120658353
0
0.509166718
0
0
0
0
0
0.0595808811
0
0.418594003
0
0
0
0
0
0
0.022373924
0.169972211
0
0
0
0
0
0
0.109308511
0
0
0
0
0
0.242585629
0
0.255464166
0
0
0
0.164642274
0.510043442
0.286624044
0.036507573
0
0
0
0
0
0
0
0
0
0
0
0
0
0
0
0
0
0
0
0
0
0
0
0
0
0
0
0
0
0
0
0
0
0
0.0309977029
0.0534718186
0
0
0
0
0
0
0.244245619
0.0723238215
0
0
0
0
0
0
0
0
0
0
0
0
0
0
0
0
0
0
0
0
0
0.184130535
0.0929645896
0
0.00185483182
0
0
0
2.18439341
1.55121434
0
0
0
0
0
0.973511338
3.43589544
0.883302212
0
0
0
0
0
2.07115841
3.53536963
0
0
0
0
0
0
3.10816741
2.73983192
0
0
0
0
0
0.791388631
3.73148012
1.43052244
0
0
0
0
0
1.94013071
3.73753524
0
0
0
0
0
0
2.98112178
2.9261446
0
0
0
0
0
0.368434429
3.47296858
1.51065338
0
0
0
0
0
0
0
0
0.638652802
0.895199597
0.77264905
0.363576978
0
0
0
0
1.07494688
1.34538174
1.01602221
0.535332084
0
0
0
0.246186957
1.53976488
1.504807
0.98038429
0.377123982
0
0
0
0.62223947
1.69791305
1.57381046
0.923011839
0.312720865
0
0
0
1.01980782
1.61129427
1.48139
0.903546214
0.266866803
0
0
0.144527674
1.51431894
1.71675861
1.24073589
0.596090198
0.0965723768
0
0
0.702982664
2.05994844
1.63916802
0.930792868
0.226970077
0
0
0
1.1093384
1.59798431
1.24795115
0.884165049
0.292133182
0
0
0
0
0
0
0.110587485
1.26533866
0.562869966
0
0
0
0
0
1.05131674
1.07079935
0
0
0
0
0
0
1.30352032
0.760071039
0
0
0
0
0
0.506092548
1.24904096
0.106587276
0
0
0
0
0
1.25649345
0.95985657
0
0
0
0
0
0.101440087
1.27919781
0.585390329
0
0
0
0
0
0.408644289
1.4086982
0.322502613
0
0
0
0
0.134228215
2.04064608
1.91570735
0
0
0.0176183414
0
0
0
1.6988287
2.21917319
0.53458333
0
0
0
0
0.556754291
2.83042645
2.18624377
0
0
0.100563072
0
0
1.45793962
3.29842186
1.65682149
0
0
0.125538439
0
0
2.36692548
3.23231173
0.95012933
0
0
0.144016668
0
0.592415094
3.09577203
2.66883326
0
0
0.0844739452
0.134905979
0
1.40491784
3.41323924
1.8392185
0
0
0.144730181
0.0118088145
0
2.30341053
3.42591262
1.36604166
0
0
0.158960536
0
0.539968431
3.20948172
2.65033817
0
0
0
0.0893036947
0
0.00238357973
0
0
0.0076083811
0
0
0
0
0.00572919007
0
0
0.0763432458
0.0241968129
0
0
0
0
0
0
0
0.026470881
0.0474439748
0
0
0
0
0
0
0
0
0
0
0
0
0.00934303552
0
0
0
0
0
0
0
0
0
0
0
0
0
0.037641257
0.208584949
0.306626827
0.472166151
0
0
0
0
0
0.456069857
1.03681445
1.27305281
0.757141769
0.131073028
0.0130413286
0
0.00324259861
0.245620608
0.753980875
1.26722693
0
0
0.336911589
1.51799393
0.0254679825
0.392520726
1.23087609
1.39672959
0
0
1.48760664
1.71713948
0.110497594
0.552923739
1.55906773
0.575696647
0
0
2.25494647
1.33138299
0.244797751
0.788357317
1.73647261
0
0
0.502513349
2.50073314
0.852816343
0.413286179
1.26565957
1.51611602
0
0
1.62667632
2.24855685
0.426286727
0.611738145
1.76242328
0.793059051
0
0
2.24095845
1.54863918
0.0971955359
0.82124716
2.12834096
0
0
0.0432913527
2.54805112
0.975062609
0
0.80305016
1.9609772
0
0
1.50076306
2.77218533
0.729694724
0
0.000381884427
0.00593702961
0.181109801
0.655876696
1.19765174
1.86713815
1.6811403
0
0.00668715872
0.0423673429
0.200250313
0.740671813
1.76157522
2.56363869
1.42324102
0
0.00437518954
0.10917899
0.372294724
1.021492
2.02008224
2.68047094
0.801114202
0
0.0179330502
0.138138607
0.614833891
1.46069038
2.232301
2.29791093
0
0
0.0477863364
0.146811068
0.759661674
1.94235325
2.72756171
1.70868719
0
0
0.0780465379
0.270216912
1.00407922
2.42019844
3.12533164
1.08002508
0
0
0.23535265
0.508965313
1.1520797
2.16485333
2.50186992
0.429975241
0
0
0.0847086981
0.132665545
0.36663115
1.5083797
1.47845662
0
0
0
0.00679592974
0.364920765
1.00709498
0.87018168
0
0
0
0.239626363
0.049297113
0.616197288
1.10418892
0.520461738
0
0
0
0.927833974
0.157992557
0.815196693
1.02849197
0
0
0
0.52339679
0.892209888
0.379303843
0.974399805
0.69694078
0
0
0
1.11646557
0.803821743
0.635733187
1.00214279
0.256015986
0
0
0
1.6291939
0.771811426
0.844801843
1.02452087
0
0
0
0.675182223
1.27322078
0.568428338
1.17185438
0.987182915
0
0
0
0.725302577
0.752293527
0.372770429
0.82506007
0
0
0
0
1.30408108
0.815229058
0.255945086
0
0
0
0.668008029
0.44120267
0.156508744
0.29844448
0.25400573
0
0
0.0173355788
0.391575545
0.168691754
0.202205092
0.244078577
0.174708053
0
0
0.372835487
0.331363916
0.0633498356
0.365254551
0.508234799
0.235956773
0
0
0.451857209
0.224493325
0
0.125303
0.424189836
0.188952267
0
0
0.202548042
0
0
0
0.106412619
0
0
0.167911306
0.226780474
0.0108749624
0.290176719
0.279808253
0.0510150455
0
0.167821601
0.846006215
0.871233881
0.528642595
0.782022774
0.765179217
0.20608072
0
0.237817153
0.539240718
0.465566486
0.238558203
0.544972837
0.751371205
0.117573887
0
0.00104992697
0.119326785
0
0
0
1.58269882
3.5736208
1.26901531
0.0124449013
0.177133754
0
0
0
3.1024797
3.35028625
0.64088285
0.0520565659
0.122435063
0
0
0
4.09963083
2.66502118
0.045979958
0.13486515
0
0
0
1.28583205
4.07346201
1.75338948
0
0.217937186
0
0
0
2.9170258
3.74113607
0.954322755
0
0.258734882
0
0
0
4.15256691
3.26256776
0.349524051
0
0.19748947
0
0
0.58880198
4.21850491
2.24055457
0
0
0.231257454
0
0
1.42728531
2.53157711
0.642129421
0
0
0
0
0
0
0.427533478
2.02326155
1.37603474
0.324806571
0
0
0
0
0.847905278
2.00653982
1.05306959
0.351165861
0
0
0
0
1.33615947
2.04379344
0.800483823
0.225837678
0
0
0
0
1.31948948
1.76861048
0.836994588
0.178928599
0
0
0
0.0735957101
1.55002522
1.15766299
0.59747684
0.229520932
0
0
0
1.4447037
2.13408923
0.797753036
0.269571304
0.106086053
0
0
0
1.80293906
2.54404426
1.08552527
0.288634658
0
0
0
0
1.38630545
2.45346546
1.30242622
0.220695451
0
0
0
0
0
0
1.01827908
0.609824538
0
0
0
0
0
0.751016617
1.41552854
0.480265915
0
0
0
0
0
1.08881283
1.42627907
0.289422631
0
0
0
0
0.673050582
1.52911985
1.09036231
0
0
0
0
0
1.05429208
1.48341537
0.490673691
0
0
0
0
0
0.97386235
1.18943501
0.244539231
0
0
0
0
0.850940228
1.82350075
2.02445173
0.472610682
0
0
0
0.545829773
3.03528357
3.31078267
1.6583091
0
0
0
0
0
0
0.0432659835
0.282610744
0
0
0
0
0
0
0
0
0
0
0
0
0
0
0
0
0
0
0
0
0
0
0.0322850272
0
0
0
0
0
0
0
0
0
0
0
0
0
0
0
0
0
0
0
0
0
0
0.306989223
0.410644591
0.319784164
0
0
0
0
0.0988645256
1.29699218
1.23669159
0.826385438
0.106749542
0
0.0291104522
