21
21
20
21
21
21
20
21
20
21
21
21
20
21
21
21
20
20
20
20
21
20
21
21
21
20
21
21
21
21
21
21
21
21
20
21
20
21
21
21
21
21
21
20
21
20
21
20
21
20
20
20
20
20
21
21
20
21
21
21
21
21
20
20
21
21
21
20
21
21
21
20
21
20
20
21
21
21
21
21
21
21
21
20
21
21
21
21
21
21
20
21
21
21
21
21
21
21
20
20
20
20
20
20
20
20
20
21
21
21
21
21
21
21
21
21
20
20
21
20
21
20
20
20
21
21
20
21
20
20
20
20
21
21
21
21
21
21
21
21
21
21
21
21
21
20
21
20
21
20
20
21
21
21
19
9
1
0
4
21
21
21
21
21
21
20
20
21
21
21
21
21
21
21
21
20
22
21
21
21
20
4
4
19
21
2
11
21
20
21
21
21
21
21
21
21
21
21
21
21
21
21
21
21
21
21
19
3
4
18
20
21
20
1
18
21
21
20
21
21
21
21
20
20
20
20
20
21
21
20
22
21
18
3
6
19
21
21
21
21
16
2
19
21
21
21
21
21
21
21
20
21
20
20
20
21
21
19
12
1
6
20
21
20
21
21
21
21
4
10
21
21
21
21
20
21
21
21
20
21
20
20
21
21
21
21
20
20
21
20
22
21
21
20
20
20
1
19
21
21
21
21
21
21
20
20
21
21
21
20
22
20
21
21
21
21
20
21
21
21
21
21
21
13
2
20
22
21
21
21
21
21
21
21
20
20
20
21
21
20
21
21
21
20
20
20
21
20
21
20
20
2
15
21
21
21
21
21
20
21
21
20
20
21
21
20
21
20
21
22
21
21
20
21
21
21
21
21
19
1
20
20
21
21
21
21
21
21
21
21
21
21
21
21
21
20
20
21
20
21
21
21
21
21
21
21
7
10
21
21
21
21
21
21
21
21
21
21
21
21
21
20
20
20
21
21
20
21
21
21
20
20
21
21
3
18
21
20
21
21
21
21
21
21
21
21
20
21
20
21
21
21
21
20
21
21
20
20
20
20
21
18
1
20
21
20
21
21
21
21
21
21
21
21
21
21
21
21
21
20
21
21
21
20
21
20
21
20
21
12
6
21
21
21
21
21
21
20
21
20
20
21
21
21
20
21
20
21
21
20
20
20
20
20
20
20
21
4
13
21
21
21
21
21
21
21
21
21
21
21
21
20
21
21
20
21
20
21
21
21
20
20
20
20
20
2
18
21
20
21
21
20
21
21
21
20
21
20
21
20
21
20
21
21
20
21
20
20
21
21
20
20
20
1
20
21
21
21
21
21
21
21
21
21
21
21
21
20
21
20
21
20
20
21
21
21
21
20
20
21
20
2
20
21
21
21
21
21
21
21
20
20
20
21
21
21
21
20
21
20
20
19
21
20
20
20
20
20
20
5
20
21
21
21
21
21
21
21
20
21
20
21
21
20
20
20
20
21
21
20
21
20
20
20
20
20
20
16
21
21
21
21
21
21
20
21
20
20
21
21
21
21
20
20
21
20
21
21
20
20
20
21
20
21
20
21
20
21
21
21
21
21
21
21
21
20
20
20
20
20
19
20
20
21
20
20
20
20
20
19
20
21
21
21
20
21
21
21
21
20
21
20
21
20
20
21
21
21
20
20
20
20
20
20
20
21
20
20
20
20
20
20
20
20
21
20
21
20
20
21
21
21
20
21
20
20
20
20
20
20
20
20
20
19
20
20
21
20
20
21
20
20
21
20
21
20
20
21
20
21
20
21
20
20
