21
22
21
21
21
22
22
21
21
21
21
21
21
21
21
21
21
21
21
21
21
21
21
21
21
21
20
21
21
21
21
21
21
21
21
21
21
21
21
21
21
21
21
20
21
21
21
20
21
21
21
21
21
21
21
21
21
21
22
21
21
21
21
21
22
20
21
21
22
21
21
21
21
21
21
21
20
21
21
21
21
21
21
21
21
20
21
21
21
21
21
21
21
20
21
21
21
21
21
20
21
21
21
21
21
21
21
21
21
20
21
21
21
21
21
21
21
21
21
20
21
21
21
21
21
21
21
20
21
19
18
21
21
21
20
21
21
20
21
21
21
21
20
21
21
21
21
21
21
21
21
21
21
21
18
2
9
3
19
20
21
20
21
21
21
21
21
21
21
20
20
21
21
21
21
21
21
21
21
21
7
8
19
21
16
3
21
21
20
21
21
21
21
21
21
21
21
21
21
21
21
21
21
21
21
16
0
14
21
21
21
21
1
20
21
21
20
21
21
21
21
21
21
21
21
21
21
21
21
21
20
20
16
20
21
21
21
21
21
4
15
21
21
21
21
21
21
21
21
20
21
21
21
20
21
21
21
20
21
21
21
21
21
21
21
21
18
5
21
20
21
20
21
21
21
21
21
21
21
21
20
21
21
21
21
21
21
20
21
21
21
21
21
21
1
21
21
21
20
21
20
20
20
21
21
22
21
21
21
21
21
21
21
21
21
21
21
21
22
21
21
6
10
21
20
20
21
20
21
21
20
21
21
21
21
21
21
21
21
21
21
21
21
21
20
21
22
21
21
1
21
21
21
21
21
21
21
21
20
20
21
21
21
21
20
20
21
20
21
21
20
21
20
21
21
21
4
15
21
20
21
21
21
21
21
21
21
21
21
21
21
20
21
21
20
21
21
21
21
21
20
20
20
20
0
21
21
21
21
21
20
21
20
21
21
21
21
20
21
21
20
21
20
21
20
21
21
21
20
21
21
6
11
21
21
21
21
21
21
21
21
21
20
21
21
21
21
20
20
20
20
21
20
20
20
20
20
21
20
0
20
20
20
21
21
21
21
20
21
20
21
21
20
21
21
21
21
21
21
21
20
20
20
20
20
20
13
4
20
21
20
20
20
20
20
20
20
20
20
21
20
20
21
21
20
20
21
20
20
20
21
20
20
20
1
19
20
21
20
20
21
20
20
20
19
20
20
20
20
21
20
20
20
21
21
19
20
20
20
20
20
21
1
20
20
20
20
21
20
20
21
21
20
20
20
20
20
20
20
21
20
20
20
20
20
20
20
19
21
21
0
20
20
20
20
20
20
20
21
20
20
20
20
20
20
20
20
19
20
20
19
20
20
20
20
20
20
20
1
14
20
20
20
20
20
20
20
20
20
20
20
20
21
20
20
20
20
20
20
20
20
20
20
20
21
20
21
0
19
20
19
20
20
20
20
20
20
21
20
20
21
20
20
20
20
20
20
20
20
20
21
20
20
20
20
20
20
20
20
20
20
21
20
21
21
21
20
21
20
20
21
20
20
20
19
19
20
20
20
20
19
20
20
20
19
20
20
20
20
20
20
20
20
20
20
20
21
20
20
19
20
20
20
19
20
20
20
20
20
20
20
20
20
20
20
21
20
20
20
20
20
20
20
20
20
20
20
20
20
19
20
19
20
20
20
20
20
20
20
20
20
20
20
20
20
20
21
20
19
20
19
19
19
19
20
20
20
20
19
20
19
20
19
19
20
20
19
20
20
20
19
20
19
20
20
20
20
20
20
19
20
20
20
20
