22
22
23
22
22
22
22
22
22
22
22
23
23
23
22
23
23
23
22
22
22
22
22
22
22
22
22
22
22
22
22
22
22
23
22
22
22
22
22
23
22
22
22
22
22
22
22
22
22
22
22
22
22
22
22
22
22
22
22
22
22
22
22
22
22
22
22
22
22
23
22
22
22
22
22
23
22
23
22
22
23
22
22
22
22
23
22
22
22
22
23
22
23
22
23
22
22
22
22
22
23
22
22
22
23
23
23
22
22
22
22
22
22
22
22
22
23
22
22
22
22
22
22
22
22
22
22
15
5
6
12
5
2
22
23
23
22
23
23
22
22
22
22
22
22
22
22
23
22
22
22
22
12
4
15
22
22
22
22
22
4
23
22
23
22
23
22
22
22
22
22
22
22
22
22
22
22
19
6
13
22
22
22
22
22
22
22
23
8
20
22
22
22
22
23
22
22
22
23
22
22
22
22
19
4
18
22
22
22
23
22
22
22
22
22
22
5
21
22
22
22
22
23
23
22
22
22
22
22
17
5
20
22
22
22
22
22
22
22
22
22
22
22
22
1
23
22
22
22
22
22
22
22
23
22
23
3
16
23
22
22
23
22
21
22
22
22
21
22
22
22
22
6
22
22
22
22
22
22
22
22
22
22
22
22
22
22
23
22
22
22
22
21
21
21
21
23
22
22
18
19
22
22
22
22
22
22
22
21
22
22
22
22
22
22
22
22
21
22
22
22
21
22
22
22
22
22
6
21
22
22
22
22
22
22
22
22
22
22
22
22
22
22
22
22
22
22
22
22
22
22
22
22
22
21
4
22
22
22
22
22
22
22
21
23
22
22
22
22
22
22
22
22
22
22
21
22
22
22
22
22
22
8
16
22
22
22
21
22
22
22
22
22
21
22
21
22
22
22
22
22
22
22
22
22
22
22
22
22
21
3
21
22
22
22
22
22
22
22
21
22
21
22
22
22
22
22
22
22
22
22
22
22
22
22
22
21
9
19
21
22
22
22
22
22
22
22
22
22
22
22
22
22
22
22
22
22
22
22
22
22
22
22
22
20
7
22
22
22
23
22
22
21
22
21
21
22
22
22
22
22
22
22
22
22
22
22
22
22
22
21
22
5
21
22
22
22
22
22
22
22
22
22
22
22
22
22
22
22
21
22
22
22
22
22
22
22
22
22
19
11
22
22
22
22
22
22
22
22
22
22
21
22
22
22
21
22
22
22
22
22
22
22
22
22
22
22
4
22
22
22
22
22
22
22
22
22
22
22
22
21
22
22
22
22
22
22
21
22
22
22
22
22
22
17
18
22
22
22
22
22
22
22
22
22
22
22
22
21
21
22
21
21
22
21
21
22
21
21
22
22
21
5
22
22
22
22
22
22
22
22
22
21
22
22
21
21
21
22
22
21
21
21
22
21
22
21
21
22
21
16
21
22
22
22
22
22
22
22
21
22
22
22
22
21
21
22
22
21
21
21
21
21
22
22
22
21
11
21
21
22
22
22
21
22
22
22
21
22
22
21
21
22
21
21
21
21
21
22
21
21
21
22
22
22
19
21
21
21
21
22
22
21
21
22
22
22
22
21
22
21
21
21
21
21
21
21
21
21
21
22
22
21
22
21
21
21
21
21
21
21
22
22
21
22
21
21
22
22
21
21
22
21
21
21
21
21
22
21
22
21
21
21
21
21
21
21
21
22
21
22
22
21
21
22
21
21
21
22
21
22
21
21
21
22
21
22
22
22
21
21
21
21
22
21
21
21
21
22
21
21
22
21
21
