22
22
22
22
22
22
22
22
22
22
22
22
22
21
21
22
21
22
21
21
21
22
22
22
21
22
21
21
22
22
22
22
22
22
22
21
21
22
21
22
22
21
22
22
22
22
21
21
22
21
21
21
21
21
21
21
22
21
22
22
22
22
22
22
22
22
22
22
21
21
21
22
22
22
21
22
21
21
21
22
21
21
21
21
22
20
22
22
22
22
21
22
22
21
22
21
21
22
22
22
21
21
22
22
21
21
22
22
22
22
22
22
22
21
22
21
22
21
22
21
22
22
22
22
22
21
21
21
22
21
22
21
22
22
21
22
22
21
22
22
22
21
22
21
22
22
22
22
22
22
22
22
21
21
21
22
22
21
22
22
22
21
21
21
22
22
21
22
22
21
21
21
22
22
23
21
22
22
22
22
22
21
18
9
3
0
4
5
1
19
22
22
22
22
22
22
21
22
21
22
21
22
22
21
21
22
19
3
6
17
22
22
21
21
22
22
2
19
22
22
22
22
21
22
22
22
21
22
21
22
22
22
22
17
9
22
21
21
21
21
21
21
22
22
2
20
22
21
22
21
21
22
22
22
21
21
22
22
22
22
22
7
8
10
22
21
21
21
21
21
21
22
2
20
22
21
22
22
22
21
22
21
22
22
22
22
21
22
22
22
22
22
22
21
20
22
21
22
22
22
1
21
21
22
22
21
21
21
22
21
21
21
22
21
21
22
21
21
21
22
22
22
21
21
21
21
22
8
11
22
21
22
22
21
22
22
22
20
21
22
21
21
21
22
22
22
22
21
21
21
21
21
21
22
22
0
21
21
22
21
21
22
21
21
22
21
21
21
21
21
21
21
22
21
20
21
22
21
21
21
21
22
14
5
22
22
22
21
22
21
21
21
22
22
22
21
21
21
21
21
21
21
21
22
22
22
22
21
21
22
2
19
22
21
21
22
22
21
21
21
22
22
21
22
21
21
21
21
21
21
21
21
21
21
21
21
22
20
2
21
21
22
22
22
21
21
21
22
21
22
21
20
22
21
21
21
20
22
21
22
21
21
21
21
21
11
7
21
21
22
21
22
21
21
21
22
21
21
21
21
21
21
21
21
21
20
22
21
21
21
22
21
21
3
19
22
21
21
21
21
22
20
21
21
21
22
21
22
21
21
21
21
20
22
21
21
21
22
21
21
21
1
21
22
21
22
22
21
21
21
21
21
22
21
22
21
21
21
21
20
21
21
21
21
20
22
22
22
22
0
20
21
21
21
22
22
21
21
21
20
21
22
21
21
21
21
21
21
20
21
21
20
22
21
21
22
14
0
21
21
21
21
22
21
21
21
20
21
21
21
21
21
21
21
21
21
20
21
22
21
21
21
21
21
9
18
22
21
22
21
21
22
21
20
21
21
21
21
21
21
21
21
21
21
21
21
21
21
22
21
22
21
22
21
21
21
21
20
21
21
22
21
21
21
20
21
21
21
21
21
21
21
21
21
21
20
22
21
21
22
22
21
21
21
21
21
21
21
21
21
21
21
20
21
20
21
21
21
21
21
21
21
21
21
21
21
21
21
21
21
21
21
21
21
21
21
21
21
21
21
21
21
21
21
21
21
22
21
20
21
21
21
21
21
21
22
22
21
21
21
21
21
20
20
21
21
21
20
21
21
21
21
21
21
22
22
21
20
21
21
21
21
22
21
21
22
21
21
21
21
21
21
21
21
21
20
20
21
21
21
21
22
21
21
21
21
21
21
22
21
21
21
21
21
21
21
21
20
21
21
21
21
20
21
