27
25
26
25
26
26
26
26
25
25
26
26
25
26
25
25
27
26
25
25
25
26
26
25
26
25
26
25
25
26
25
25
26
25
27
25
25
24
26
25
25
25
26
25
25
26
25
26
24
25
25
25
25
25
26
25
25
25
25
26
26
26
26
25
25
25
25
25
25
25
25
25
26
26
26
26
26
24
25
26
26
26
26
25
25
25
27
25
26
25
25
26
25
26
25
25
26
26
26
26
26
25
27
25
26
25
25
25
25
25
25
25
25
25
25
25
25
26
25
25
25
26
25
24
25
25
26
25
25
24
26
25
26
25
25
26
24
25
25
25
25
25
26
25
25
26
25
26
26
25
24
25
26
25
26
11
0
25
26
25
25
25
26
26
26
25
25
26
25
27
26
25
26
26
26
25
24
25
25
25
25
25
26
6
3
26
26
25
26
25
25
25
26
23
26
26
24
25
25
26
26
25
25
25
26
25
26
26
25
25
25
13
3
26
24
26
26
25
26
26
26
25
25
25
25
26
26
26
25
25
26
25
26
26
26
26
26
26
26
1
12
26
25
26
26
26
25
26
25
25
26
26
25
25
25
24
25
25
25
26
25
26
25
26
26
25
24
9
23
25
26
26
25
26
26
26
25
25
25
26
26
27
24
25
26
26
26
26
26
25
25
25
26
26
20
2
26
26
26
26
25
25
24
25
26
25
26
25
26
26
26
26
26
26
26
25
26
25
26
26
26
26
1
17
26
26
25
25
25
27
26
25
25
25
26
25
26
26
25
26
26
26
24
26
25
25
25
25
26
26
9
26
26
26
26
25
27
26
26
25
24
25
25
25
25
25
25
25
26
25
26
27
25
26
26
25
27
19
3
26
25
25
26
26
26
26
25
26
26
26
26
25
24
25
25
26
25
26
26
26
25
25
25
26
26
7
3
26
26
25
25
26
26
26
26
24
26
24
25
24
26
25
25
26
25
25
25
26
25
24
25
26
26
3
15
26
26
26
26
26
25
26
26
24
25
25
25
25
25
26
26
27
25
26
26
25
25
24
26
26
26
6
25
26
25
24
26
26
26
26
26
26
26
25
26
26
25
26
26
25
25
26
25
24
26
25
25
26
26
8
25
26
24
25
26
26
26
26
25
25
25
24
25
25
25
25
25
26
24
25
25
25
24
25
26
26
23
2
26
25
26
25
26
26
26
25
25
25
25
25
25
26
25
25
24
25
26
25
26
26
26
25
26
26
13
4
25
25
26
26
26
26
25
25
25
27
24
25
25
24
25
25
26
25
26
25
25
25
25
25
26
25
1
21
26
26
26
26
26
26
26
25
25
25
25
24
26
25
26
25
26
25
25
26
25
26
24
26
25
26
3
24
25
25
25
25
26
25
26
26
26
25
24
24
24
25
25
25
25
25
25
25
24
25
25
26
26
26
3
22
26
25
26
26
25
26
24
26
25
24
25
25
25
25
25
26
26
26
25
24
25
25
25
26
25
26
18
25
25
25
24
25
25
25
25
25
25
26
24
24
24
25
25
26
26
26
25
25
25
24
25
25
25
25
26
26
25
25
25
25
26
25
24
25
25
25
25
26
25
25
25
26
26
25
25
25
25
25
25
25
25
25
25
26
25
24
25
25
25
26
25
26
25
25
25
24
25
25
26
25
26
25
25
25
26
25
25
25
25
26
26
25
24
26
26
25
25
24
25
25
25
25
25
25
24
25
27
25
26
25
25
26
25
26
26
26
26
25
25
25
25
25
26
25
25
26
25
25
25
25
24
26
24
25
