22
23
22
22
21
23
23
22
22
23
22
23
21
22
22
23
21
22
23
23
23
21
23
23
22
23
22
22
21
24
23
22
23
22
22
21
21
21
21
21
22
21
22
21
22
23
22
22
22
23
22
22
22
23
22
22
21
22
22
22
21
22
22
22
23
22
22
22
22
21
22
22
22
21
21
22
23
23
22
22
22
22
22
21
21
22
21
21
22
21
22
22
21
21
21
22
21
21
20
20
21
21
22
21
21
21
21
21
21
21
21
21
21
20
20
20
21
20
21
21
20
21
21
20
20
21
22
21
21
21
21
20
21
21
20
20
22
22
21
21
20
20
21
20
21
20
21
22
21
21
21
20
21
20
21
11
0
0
21
21
20
20
20
20
21
20
20
20
19
21
21
19
20
20
20
20
20
20
21
21
20
20
21
15
1
11
21
21
22
21
21
22
21
21
21
21
20
21
19
20
21
20
20
21
20
20
19
21
21
20
20
1
0
21
21
21
20
20
20
20
21
20
20
20
20
20
20
19
19
20
20
19
19
20
20
19
20
20
21
1
13
20
20
20
20
20
20
19
20
20
19
20
20
19
19
19
18
19
20
20
20
19
21
20
19
19
18
1
19
20
20
19
21
20
20
20
20
19
19
21
19
18
19
19
20
19
19
20
19
20
20
20
19
20
0
2
20
20
19
20
19
19
20
20
20
20
20
20
18
19
18
18
19
18
18
21
18
19
19
20
20
17
0
17
20
21
18
19
18
19
20
20
19
19
20
19
19
19
18
19
19
19
19
18
18
19
19
19
19
0
0
19
19
18
19
18
18
19
19
19
18
18
19
19
17
19
17
18
18
18
19
18
17
18
18
18
17
1
18
19
19
19
19
19
19
19
19
18
19
17
19
18
18
17
18
19
18
19
18
18
18
17
18
19
0
8
18
18
18
18
18
19
17
18
18
19
18
18
18
17
18
18
17
18
18
17
16
17
17
17
18
1
1
19
19
19
18
17
19
18
18
18
18
17
16
18
17
17
18
17
17
18
17
18
18
18
17
18
18
1
12
19
17
17
18
19
18
17
17
18
17
17
18
17
18
17
17
17
17
16
17
18
16
16
17
17
4
1
16
17
17
16
16
17
17
17
18
18
17
16
18
15
16
14
18
17
18
17
17
16
16
17
15
17
7
16
15
17
17
17
18
16
17
16
17
17
16
14
16
17
17
16
16
17
15
16
16
17
17
16
15
14
5
16
16
15
15
16
16
16
16
16
15
17
15
16
16
16
15
17
16
16
16
16
15
16
16
17
17
12
15
16
16
16
15
14
16
15
15
16
15
16
15
14
15
16
16
14
16
16
15
14
14
16
15
16
16
16
15
15
15
15
16
16
17
16
15
14
15
14
15
15
16
15
16
17
15
15
16
15
15
14
15
16
14
15
14
14
15
15
15
16
15
16
16
16
15
14
14
15
16
15
14
15
14
15
15
15
15
16
15
15
15
15
14
14
15
15
15
13
15
14
15
15
15
15
15
16
15
14
13
15
14
14
14
15
14
15
14
13
13
15
15
15
14
15
14
14
14
14
14
13
13
14
14
13
14
15
14
16
15
15
13
14
14
14
15
13
15
14
14
14
14
14
14
13
12
13
13
14
13
15
14
14
14
14
14
15
13
13
13
13
14
13
13
13
14
14
13
13
13
13
13
13
13
14
14
13
13
14
13
14
13
14
13
14
13
12
13
13
13
13
14
12
13
13
14
13
14
13
13
13
14
13
12
12
11
13
13
13
13
12
12
13
