15
15
14
15
16
15
15
15
15
15
14
15
15
14
15
14
15
15
14
15
16
15
14
15
14
15
15
15
14
14
15
15
14
15
13
14
15
15
15
15
14
14
14
14
13
13
14
14
13
15
14
15
15
15
16
15
15
13
14
14
13
13
13
14
14
14
13
13
14
14
13
14
14
14
13
13
13
12
14
14
13
13
12
13
14
14
13
13
13
14
12
12
13
14
13
13
13
13
11
12
12
12
12
13
13
13
14
13
13
13
13
12
14
13
13
11
12
13
11
11
13
13
12
13
12
12
13
0
12
13
14
13
13
12
13
13
12
12
13
12
12
13
13
11
13
11
12
13
12
12
13
12
12
11
9
0
11
11
12
11
13
13
13
12
12
13
12
11
11
11
13
12
12
12
12
11
11
12
10
1
1
10
4
10
12
10
11
12
10
10
11
11
12
10
10
11
11
11
11
10
11
12
13
12
12
12
11
0
0
7
8
11
10
11
11
12
11
12
11
12
10
11
11
11
12
11
11
11
10
11
10
10
11
10
11
5
0
4
0
10
10
11
11
10
10
10
10
12
11
12
11
10
10
10
9
10
10
10
10
10
10
10
10
10
0
0
0
9
10
10
10
10
10
9
10
9
10
10
9
10
10
10
10
10
10
11
9
10
10
8
10
9
0
1
1
9
9
10
10
9
9
9
9
9
9
10
9
9
10
10
10
10
9
10
10
9
10
9
9
9
0
0
1
10
10
10
9
10
9
9
9
9
8
8
9
9
10
8
9
9
9
9
8
9
8
8
9
11
0
0
6
8
9
8
7
9
8
9
8
8
9
8
8
8
9
9
8
8
9
8
9
8
7
8
9
9
2
1
7
7
8
8
7
8
7
7
7
8
8
8
8
8
9
9
9
8
9
9
9
8
8
8
8
9
9
1
6
7
7
7
8
7
8
7
8
9
8
8
8
7
8
9
8
8
8
8
9
8
8
9
8
8
8
6
6
8
7
8
8
8
8
7
8
8
7
8
8
7
8
8
8
8
8
9
9
8
8
9
8
8
8
5
5
6
8
8
8
7
7
7
7
8
7
7
8
7
8
8
8
9
9
8
7
8
8
7
8
8
9
8
0
0
9
7
8
7
8
8
7
8
8
8
8
7
9
8
8
9
9
8
9
8
8
8
9
9
9
8
4
5
8
7
8
8
8
9
7
8
8
8
8
8
8
9
8
8
9
8
9
9
8
8
8
7
8
8
7
0
3
8
9
8
7
8
8
7
7
8
7
8
8
8
8
8
8
8
8
8
7
8
8
8
8
8
9
0
3
9
7
8
8
8
7
8
7
7
7
7
8
8
8
9
8
9
8
7
8
8
8
9
9
9
8
9
8
9
7
8
7
7
8
8
8
7
8
8
8
9
8
8
8
8
8
7
8
8
7
8
7
8
8
8
8
8
8
8
7
8
8
7
8
8
7
7
8
8
8
8
8
9
8
7
8
8
8
7
8
7
9
8
8
8
8
8
8
9
8
8
8
8
8
8
8
8
8
8
8
7
8
8
8
8
8
8
7
7
9
8
8
8
8
8
8
8
8
8
8
8
8
8
7
8
9
8
8
8
8
8
8
7
8
8
8
8
7
7
7
7
7
8
8
8
7
7
7
8
8
7
8
8
8
8
8
8
8
8
7
7
8
8
8
8
8
7
8
7
7
8
8
8
8
8
9
8
8
7
8
8
8
8
7
7
8
8
8
7
7
7
8
8
7
7
7
7
8
7
8
7
8
7
7
8
8
7
