21
24
22
22
23
23
22
23
22
23
23
22
23
22
23
23
22
23
23
23
23
23
23
22
22
23
23
23
19
24
23
23
23
22
22
22
23
22
23
22
23
22
23
23
22
23
23
24
23
22
22
22
23
23
23
23
17
23
23
23
23
23
22
23
23
23
23
23
22
22
22
22
22
23
23
23
23
23
23
22
23
23
22
22
19
23
22
23
22
22
22
23
22
22
23
22
22
22
22
22
22
23
23
23
23
22
23
22
22
22
22
21
18
23
23
22
22
22
22
23
22
22
22
22
22
23
22
23
22
23
23
23
22
23
22
22
22
22
22
23
17
23
23
23
22
23
23
22
22
22
22
22
22
22
22
23
22
23
22
22
23
23
22
22
22
22
23
22
19
24
23
22
22
23
22
22
22
22
23
22
23
22
23
23
23
23
22
23
23
22
23
23
23
22
23
22
18
23
22
22
23
22
22
23
23
22
22
22
22
23
21
22
23
23
22
23
23
23
22
23
22
23
23
22
14
23
22
22
22
23
22
23
23
22
23
22
22
22
4
0
22
22
22
23
23
23
23
22
22
23
22
22
19
23
22
22
23
22
22
22
22
23
22
22
22
22
5
12
23
23
22
22
22
23
22
22
22
22
22
22
19
23
22
23
22
22
23
22
21
22
22
22
22
22
3
15
23
22
23
22
22
22
22
23
22
23
22
23
19
22
22
22
22
22
22
22
22
22
22
22
22
22
2
20
19
23
23
23
23
23
22
23
21
22
22
22
19
22
22
22
22
23
21
22
22
22
22
22
22
24
1
21
23
23
23
22
23
23
23
23
23
23
23
22
20
23
22
22
22
23
22
23
22
23
23
22
22
24
2
22
22
23
23
23
23
23
22
22
22
22
22
21
19
23
22
21
24
22
22
22
23
23
23
22
22
24
1
23
22
22
23
22
22
22
22
22
23
22
23
22
21
23
22
22
23
22
23
22
22
22
22
22
22
23
0
23
22
23
23
23
23
23
23
22
23
22
23
22
21
23
23
22
22
22
22
22
22
22
23
22
23
20
1
23
22
23
22
22
23
22
22
23
23
22
23
22
21
23
21
22
22
23
22
22
22
22
23
22
22
19
2
23
23
23
22
23
23
23
22
22
22
22
22
22
21
23
22
22
21
22
23
22
22
22
23
22
22
19
2
23
22
22
23
23
22
22
21
22
22
22
23
23
19
23
23
22
23
23
23
23
22
22
22
22
23
23
1
23
23
22
23
23
23
22
22
22
22
22
22
22
19
22
22
22
23
23
22
22
23
23
23
23
22
22
1
22
23
23
23
23
22
21
22
22
22
22
22
23
21
23
22
22
23
22
23
23
22
22
22
23
23
23
23
7
23
22
23
22
23
22
22
22
22
21
22
21
20
23
22
23
22
22
23
22
22
23
23
22
22
22
22
23
22
23
23
23
22
22
22
21
23
22
22
22
21
23
22
24
23
22
22
23
22
22
23
22
21
22
22
22
22
22
22
22
22
22
22
21
22
22
23
21
21
22
22
23
23
22
22
22
22
22
22
23
23
22
22
22
22
22
22
23
22
21
23
22
22
22
22
21
21
23
23
22
22
22
22
23
23
22
22
22
23
22
23
22
22
22
22
22
22
22
22
22
21
22
21
21
21
22
22
23
22
22
22
23
22
23
22
22
22
22
22
22
22
22
22
23
22
23
23
22
21
22
22
21
21
23
23
22
22
22
23
21
22
22
22
21
22
22
23
22
22
22
22
22
22
22
22
22
21
21
21
22
