25
25
25
24
25
25
25
25
26
24
25
25
26
25
25
25
25
24
26
24
24
25
25
25
25
25
25
25
26
24
25
24
26
25
25
24
25
25
25
24
25
25
25
25
24
25
24
25
26
26
2
22
26
26
25
25
26
26
25
25
25
25
26
26
25
24
26
25
24
24
25
24
24
25
25
23
1
2
0
25
25
26
26
25
26
25
26
25
25
24
25
25
25
26
25
25
25
25
24
26
25
25
20
1
0
0
26
25
25
25
26
26
26
26
25
25
25
25
24
25
25
25
26
26
26
25
25
25
25
12
3
1
19
24
25
25
25
26
25
25
25
24
24
25
25
25
25
25
26
25
25
24
25
24
26
26
11
3
0
25
25
25
25
25
25
25
25
24
25
25
26
25
24
25
26
26
26
25
26
26
25
25
25
13
1
0
25
26
25
24
26
25
25
24
24
26
26
26
26
25
25
25
25
25
25
25
25
26
26
26
10
1
1
25
26
25
25
26
24
24
25
25
25
25
25
24
24
25
25
24
25
25
26
25
26
26
24
1
1
1
0
15
25
26
26
25
24
25
24
25
25
25
25
25
24
25
25
24
24
23
25
25
25
24
2
1
1
0
0
24
25
25
24
25
24
24
25
24
25
24
25
25
25
26
24
25
24
25
25
26
9
2
17
24
1
0
24
25
25
25
25
24
25
24
24
25
25
24
25
24
26
26
25
25
25
25
26
4
3
16
26
3
0
9
26
26
26
25
25
25
25
24
25
25
25
25
25
25
24
24
26
25
26
23
21
1
16
25
26
2
2
17
26
25
26
25
24
23
25
25
25
26
25
25
25
26
25
25
25
24
26
25
26
25
25
26
20
1
0
24
24
24
25
25
25
26
25
25
26
25
25
26
26
24
24
25
25
24
25
25
24
25
26
25
8
2
3
25
25
26
25
24
25
24
24
24
25
25
25
26
25
25
25
24
26
26
24
25
26
25
24
25
3
0
25
25
25
25
25
25
25
26
26
25
25
26
24
25
25
25
26
26
26
26
25
25
24
26
25
27
2
0
25
25
24
24
25
24
24
25
26
24
25
24
25
25
26
25
26
25
26
25
25
24
25
25
25
23
1
18
26
25
25
26
26
25
24
25
25
25
25
25
25
25
25
25
26
25
25
25
26
24
24
25
26
25
3
21
25
25
25
25
26
27
25
25
24
23
24
24
25
25
24
26
25
24
25
25
25
26
26
26
25
24
1
24
26
25
25
24
24
25
24
25
23
25
24
24
25
25
26
25
25
25
24
25
25
24
26
26
26
12
0
25
25
26
25
25
25
25
24
24
24
24
25
24
25
24
25
25
25
25
25
25
24
25
25
25
25
1
0
26
26
5
21
25
25
25
25
25
24
24
24
24
25
25
25
25
24
25
25
26
6
0
0
0
0
0
1
0
0
0
0
24
25
25
24
24
24
24
24
25
23
24
25
25
23
24
26
15
0
0
0
23
26
26
25
25
25
25
25
24
24
24
25
24
25
24
25
23
24
24
24
24
25
24
24
23
25
24
25
25
23
24
24
25
24
25
25
25
25
24
25
24
25
24
23
25
25
24
24
23
24
25
25
24
24
24
23
23
24
23
23
23
24
24
23
24
24
25
24
25
25
25
24
25
24
23
23
24
25
25
25
24
23
25
24
24
24
24
23
23
24
24
25
24
23
24
23
24
24
24
23
24
24
24
23
24
25
24
24
24
24
24
24
24
23
24
23
23
25
24
24
23
24
24
24
24
23
23
24
23
23
23
