0
0
0
0
0
0
0
0
0
0
0
0
0
0
0
0
0
0
0
0
0
0
0
0
0
0
0
0
0
0
0
0
0
0
0
0
0
0
0
0
0
0
0
0
0
0
0
0
0
0
0
0
0
0
0
0
0
0
0
0
0
0
0
0
0
0
0
0
0
0
0
0
0
0
0
0
0
0
0
0
0
0
0
0
0
0
0
0
0
0
0
0
0
0
0
0
0
0
0
0
0
0
0
0
0
0
0
0
0
0
0
0
0
0
0
0
0
0
0
0
0
0
0
0
0
0
0
0
0
0
0
0
0
0
0
0
0
0
0
0
0
0
0
0
0
0
0
0
0
0
6
28
0
0
0
0
0
0
0
9
4
0
0
0
0
0
0
0
0
0
0
0
0
0
0
0
0
0
15
29
0
0
0
0
0
0
0
19
21
0
0
0
0
0
0
0
0
0
0
0
0
0
0
0
0
1
24
29
0
0
0
0
0
0
0
12
26
1
0
0
0
0
0
0
0
0
0
0
0
0
0
0
0
9
32
17
0
0
0
0
0
0
0
14
32
3
0
0
0
0
0
0
0
0
0
0
0
0
0
0
6
30
27
2
0
0
0
0
0
0
0
24
32
3
0
0
0
0
0
0
0
0
0
0
0
0
0
0
21
31
7
0
0
0
0
0
0
0
2
32
32
3
0
0
0
0
0
0
0
0
0
0
0
0
0
11
30
26
0
0
0
0
0
0
0
0
18
32
24
1
0
0
0
0
0
0
0
0
0
0
0
0
0
21
32
13
0
0
0
0
0
0
0
4
29
31
8
0
0
0
0
0
0
0
0
0
0
0
0
0
2
28
32
0
0
0
0
0
0
0
0
17
32
26
0
0
0
0
0
0
0
0
0
0
0
0
0
0
3
32
21
0
0
0
0
0
0
0
0
21
32
21
0
0
0
0
0
0
0
0
0
0
0
0
0
0
1
26
26
2
0
0
0
0
0
0
3
32
32
13
0
0
0
0
0
0
0
0
0
0
0
0
0
0
0
21
32
25
11
11
11
11
16
21
24
32
32
13
0
0
0
0
0
0
0
0
0
0
0
0
0
0
0
5
21
31
32
32
32
32
29
29
31
32
32
1
0
0
0
0
0
0
0
0
0
0
0
0
0
0
0
0
0
6
11
11
11
11
0
0
20
32
32
0
0
0
0
0
0
0
0
0
0
0
0
0
0
0
0
0
0
0
0
0
0
0
0
0
16
32
32
6
0
0
0
0
0
0
0
0
0
0
0
0
0
0
0
0
0
0
0
0
0
0
0
0
16
32
32
0
0
0
0
0
0
0
0
0
0
0
0
0
0
0
0
0
0
0
0
0
0
0
0
0
16
32
32
0
0
0
0
0
0
0
0
0
0
0
0
0
0
0
0
0
0
0
0
0
0
0
0
0
17
32
31
0
0
0
0
0
0
0
0
0
0
0
0
0
0
0
0
0
0
0
0
0
0
0
0
0
29
30
14
0
0
0
0
0
0
0
0
0
0
0
0
0
0
0
0
0
0
0
0
0
0
0
0
0
22
8
0
0
0
0
0
0
0
0
0
0
0
0
0
0
0
0
0
0
0
0
0
0
0
0
0
0
0
0
0
0
0
0
0
0
0
0
0
0
0
0
0
0
0
0
0
0
0
0
0
0
0
0
0
0
0
0
0
0
0
0
0
0
0
0
0
0
0
0
0
0
0
0
0
0
0
0
0
0
0
0
0
0
0
0
0
0
0
0
0
0
0
0
0
0
