0
0
0
0
0
0
0
0
0
0
0
0
0
0
0
1
3
7
3
0
0
0
0
0
0
0
0
0
0
0
0
0
0
0
0
0
0
-2
-3
-5
-4
-3
-1
0
0
0
0
0
0
0
0
0
0
0
0
0
0
0
0
0
-1
-8
-14
-16
-18
-22
-9
0
0
0
0
0
0
0
0
0
0
0
0
0
0
0
0
0
-2
-5
-7
-9
-13
-22
-6
0
0
0
0
0
0
0
0
0
0
0
0
0
0
0
0
0
-2
0
1
2
0
-4
3
0
0
0
0
0
0
0
0
0
0
0
0
0
0
0
0
-1
-5
0
-1
1
-4
0
3
0
0
0
0
0
0
0
0
0
0
0
0
0
0
0
0
-2
-3
1
0
-1
-3
3
0
0
0
0
0
0
0
0
0
0
0
0
0
0
0
0
0
-3
-1
0
0
-3
0
4
0
0
0
0
0
0
0
0
0
0
0
0
0
0
0
0
-1
-3
-2
-3
-4
-9
-6
2
0
0
0
0
0
0
0
0
0
0
0
0
0
0
0
0
-2
-1
1
-1
-1
-7
-7
0
0
0
0
0
0
0
0
0
0
0
0
0
0
0
0
0
-3
-1
3
3
1
0
1
0
0
0
0
0
0
0
0
0
0
0
0
0
0
0
0
-2
-4
-3
0
0
-2
2
5
0
0
0
0
0
0
0
0
0
0
0
0
0
0
0
0
-3
-4
-1
-2
-4
-5
-1
3
0
0
0
0
0
0
0
0
0
0
0
0
0
0
0
0
-2
0
3
4
-1
-2
2
0
0
0
0
0
0
0
0
0
0
0
0
0
0
0
0
-1
-2
0
2
4
-1
2
5
0
0
0
0
0
0
0
0
0
0
0
0
0
0
0
0
-3
-3
-1
-2
-2
-3
-1
3
0
0
0
0
0
0
0
0
0
0
0
0
0
0
0
0
-2
0
0
-1
-4
-4
-2
0
0
0
0
0
0
0
0
0
0
0
0
0
0
0
0
0
-2
0
1
2
-5
-4
-1
0
0
0
0
0
0
0
0
0
0
0
0
0
0
0
0
-2
-2
-2
-1
-1
-6
-6
1
0
0
0
0
0
0
0
0
0
0
0
0
0
0
0
0
-3
-2
-1
-2
-3
-4
-5
2
0
0
0
0
0
0
0
0
0
0
0
0
0
0
0
0
-2
0
3
1
-6
-2
3
2
0
0
0
0
0
0
0
0
0
0
0
0
0
0
0
0
3
8
14
15
8
8
6
0
0
0
0
0
0
0
0
0
0
0
0
0
0
0
0
0
8
17
21
25
23
13
4
0
0
0
0
0
0
0
0
0
0
0
0
0
0
0
0
0
5
9
9
14
16
7
0
0
0
0
0
0
0
0
0
0
0
0
0
0
0
0
0
0
0
0
0
0
0
-1
-8
-18
-21
-16
-1
2
0
0
0
0
0
0
0
0
0
0
0
0
0
0
0
0
0
-4
-22
-36
-33
-22
3
4
0
0
0
0
0
0
0
0
0
0
0
0
0
0
0
0
0
-7
-28
-37
-29
-12
14
4
0
0
0
0
0
0
0
0
0
0
0
0
0
0
0
0
-1
-13
-26
-21
-15
5
23
5
0
0
0
0
0
0
0
0
0
0
0
0
0
0
0
0
-4
-19
-15
-1
7
29
20
1
0
0
0
0
0
0
0
0
0
0
0
0
0
0
0
0
-8
-23
-12
1
14
33
12
-1
0
0
0
0
0
0
0
0
0
0
0
0
0
0
0
-1
-14
-24
-9
-2
19
31
3
0
0
0
0
0
0
0
0
0
0
0
0
0
0
0
0
-3
-19
-21
-9
-1
24
24
0
0
0
0
0
0
0
0
0
0
0
0
0
0
0
0
0
-7
-20
-15
-8
5
29
17
-1
0
0
0
0
0
0
0
0
0
0
0
0
0
0
0
-1
-14
-21
-8
1
19
30
10
0
0
0
0
0
0
0
0
0
0
0
0
0
0
0
0
-5
-21
-22
-4
10
30
29
5
0
0
0
0
0
0
0
0
0
0
0
0
0
0
0
0
-9
-23
-17
-1
16
34
23
0
0
0
0
0
0
0
0
0
0
0
0
0
0
0
0
-1
-12
-22
-8
2
23
35
12
-1
0
0
0
0
0
0
0
0
0
0
0
0
0
0
0
-4
-17
-18
-2
10
30
29
5
0
0
0
0
0
0
0
0
0
0
0
0
0
0
0
0
-8
-20
-15
-2
13
31
23
0
0
0
0
0
0
0
0
0
0
0
0
0
0
0
0
0
-11
-22
-13
-5
16
31
14
-1
0
0
0
0
0
0
0
0
0
0
0
0
0
0
0
-2
-14
-20
-11
-6
20
27
8
0
0
0
0
0
0
0
0
0
0
0
0
0
0
0
0
-6
-18
-20
-10
5
25
26
5
0
0
0
0
0
0
0
0
0
0
0
0
0
0
0
0
-11
-22
-17
-6
15
32
24
2
0
0
0
0
0
0
0
0
0
0
0
0
0
0
0
0
-13
-17
-2
9
32
34
15
1
0
0
0
0
0
0
0
0
0
0
0
0
0
0
0
0
-3
9
31
36
41
30
9
-1
0
0
0
0
0
0
0
0
0
0
0
0
0
0
0
0
11
32
46
41
35
18
1
0
0
0
0
0
0
0
0
0
0
0
0
0
0
0
0
1
15
34
37
30
21
7
-1
0
0
0
0
0
0
0
0
0
0
0
0
0
0
0
0
0
8
16
16
15
5
-2
0
0
0
0
0
0
0
0
0
0
0
0
0
0
0
0
0
0
0
0
0
0
0
0
-4
-6
-5
7
10
3
0
0
0
0
0
0
0
0
0
0
0
0
0
0
0
0
0
0
3
6
11
21
14
3
0
0
0
0
0
0
0
0
0
0
0
0
0
0
0
0
0
2
12
22
28
30
18
3
0
0
0
0
0
0
0
0
0
0
0
0
0
0
0
0
-1
2
15
28
35
31
12
1
0
0
0
0
0
0
0
0
0
0
0
0
0
0
0
0
0
7
21
31
35
26
14
2
0
0
0
0
0
0
0
0
0
0
0
0
0
0
0
0
1
12
24
35
34
23
9
2
0
0
0
0
0
0
0
0
0
0
0
0
0
0
0
0
4
16
28
35
33
19
6
0
0
0
0
0
0
0
0
0
0
0
0
0
0
0
0
0
8
23
33
36
34
17
3
0
0
0
0
0
0
0
0
0
0
0
0
0
0
0
0
1
12
30
39
40
30
13
1
0
0
0
0
0
0
0
0
0
0
0
0
0
0
0
-1
2
16
33
43
41
25
9
0
0
0
0
0
0
0
0
0
0
0
0
0
0
0
0
0
7
21
36
42
35
21
5
0
0
0
0
0
0
0
0
0
0
0
0
0
0
0
0
3
13
29
40
41
31
14
4
0
0
0
0
0
0
0
0
0
0
0
0
0
0
0
0
4
18
33
42
40
24
9
2
0
0
0
0
0
0
0
0
0
0
0
0
0
0
0
-1
6
22
35
42
35
20
5
0
0
0
0
0
0
0
0
0
0
0
0
0
0
0
0
2
12
27
38
39
32
16
3
0
0
0
0
0
0
0
0
0
0
0
0
0
0
0
0
4
17
31
40
42
29
11
2
0
0
0
0
0
0
0
0
0
0
0
0
0
0
0
-1
6
21
35
43
41
27
9
0
0
0
0
0
0
0
0
0
0
0
0
0
0
0
0
0
9
26
42
46
42
23
4
0
0
0
0
0
0
0
0
0
0
0
0
0
0
0
0
2
14
33
46
49
36
17
4
0
0
0
0
0
0
0
0
0
0
0
0
0
0
0
0
7
22
38
47
43
27
11
1
0
0
0
0
0
0
0
0
0
0
0
0
0
0
0
0
11
29
39
35
25
17
7
1
0
0
0
0
0
0
0
0
0
0
0
0
0
0
0
0
6
17
19
14
14
11
4
0
0
0
0
0
0
0
0
0
0
0
0
0
0
0
0
0
1
3
3
4
7
5
3
0
0
0
0
0
0
0
0
0
0
0
0
0
0
0
0
0
0
-1
-1
1
6
4
0
0
0
0
0
0
0
0
0
0
0
0
0
0
0
0
0
0
0
0
0
0
0
1
4
0
4
1
-9
-4
0
0
0
0
0
0
0
0
0
0
0
0
0
0
0
0
0
1
3
-3
3
-2
-5
-1
0
0
0
0
0
0
0
0
0
0
0
0
0
0
0
0
0
0
-11
-7
18
11
-4
-1
0
0
0
0
0
0
0
0
0
0
0
0
0
0
0
0
1
-2
-21
8
27
3
-9
-3
0
0
0
0
0
0
0
0
0
0
0
0
0
0
0
0
1
-6
-16
20
27
-2
-9
-1
0
0
0
0
0
0
0
0
0
0
0
0
0
0
0
0
1
-15
-6
32
18
-8
-5
1
0
0
0
0
0
0
0
0
0
0
0
0
0
0
0
1
-2
-18
10
31
8
-13
-2
0
0
0
0
0
0
0
0
0
0
0
0
0
0
0
0
2
-9
-13
22
30
-2
-11
0
0
0
0
0
0
0
0
0
0
0
0
0
0
0
0
0
1
-16
-7
30
24
-9
-6
0
0
0
0
0
0
0
0
0
0
0
0
0
0
0
0
1
-2
-16
1
34
15
-8
-5
0
0
0
0
0
0
0
0
0
0
0
0
0
0
0
0
2
-8
-13
12
33
7
-11
-3
0
0
0
0
0
0
0
0
0
0
0
0
0
0
0
0
0
-14
-8
30
26
-3
-9
0
0
0
0
0
0
0
0
0
0
0
0
0
0
0
0
0
-5
-17
5
35
14
-8
-4
0
0
0
0
0
0
0
0
0
0
0
0
0
0
0
0
2
-9
-13
16
32
6
-10
-3
0
0
0
0
0
0
0
0
0
0
0
0
0
0
0
0
1
-14
-8
29
28
-4
-11
0
0
0
0
0
0
0
0
0
0
0
0
0
0
0
0
0
-3
-17
4
37
15
-10
-5
1
0
0
0
0
0
0
0
0
0
0
0
0
0
0
0
1
-8
-13
11
33
11
-11
-5
0
0
0
0
0
0
0
0
0
0
0
0
0
0
0
0
2
-12
-11
20
33
2
-11
-1
0
0
0
0
0
0
0
0
0
0
0
0
0
0
0
0
0
-17
-5
30
26
-1
-7
-1
0
0
0
0
0
0
0
0
0
0
0
0
0
0
0
0
-6
-16
2
36
20
-5
-6
-1
0
0
0
0
0
0
0
0
0
0
0
0
0
0
0
0
-14
-14
14
36
16
-3
-4
0
0
0
0
0
0
0
0
0
0
0
0
0
0
0
0
-1
-14
-5
26
27
2
-9
-1
0
0
0
0
0
0
0
0
0
0
0
0
0
0
0
0
0
-3
6
16
4
-4
-2
1
0
0
0
0
0
0
0
0
0
0
0
0
0
0
0
0
0
4
2
3
2
0
1
0
0
0
0
0
0
0
0
0
0
0
0
0
0
0
0
0
0
0
0
0
0
0
1
7
10
2
5
4
0
0
0
0
0
0
0
0
0
0
0
0
0
0
0
0
0
0
1
6
19
18
16
14
4
0
0
0
0
0
0
0
0
0
0
0
0
0
0
0
0
0
2
9
23
28
20
10
2
0
0
0
0
0
0
0
0
0
0
0
0
0
0
0
0
1
6
19
39
40
14
3
-1
0
0
0
0
0
0
0
0
0
0
0
0
0
0
0
0
1
9
32
51
43
12
-2
-3
0
0
0
0
0
0
0
0
0
0
0
0
0
0
0
0
3
15
39
53
31
6
-4
-1
0
0
0
0
0
0
0
0
0
0
0
0
0
0
0
1
4
26
50
49
22
2
-5
0
0
0
0
0
0
0
0
0
0
0
0
0
0
0
0
2
8
34
61
43
16
1
-3
0
0
0
0
0
0
0
0
0
0
0
0
0
0
0
0
2
15
42
61
38
9
0
-1
0
0
0
0
0
0
0
0
0
0
0
0
0
0
0
1
5
23
51
57
31
2
-4
0
0
0
0
0
0
0
0
0
0
0
0
0
0
0
0
2
10
33
61
54
23
-1
-5
0
0
0
0
0
0
0
0
0
0
0
0
0
0
0
0
2
16
43
63
46
12
-1
-4
0
0
0
0
0
0
0
0
0
0
0
0
0
0
0
1
4
24
52
57
33
4
-4
-1
0
0
0
0
0
0
0
0
0
0
0
0
0
0
0
2
10
34
61
51
21
-1
-5
0
0
0
0
0
0
0
0
0
0
0
0
0
0
0
0
2
16
44
65
45
12
-1
-3
0
0
0
0
0
0
0
0
0
0
0
0
0
0
0
0
3
23
52
61
35
6
-1
-1
0
0
0
0
0
0
0
0
0
0
0
0
0
0
0
1
6
33
63
55
29
4
-3
0
0
0
0
0
0
0
0
0
0
0
0
0
0
0
0
2
13
40
69
54
22
2
-2
0
0
0
0
0
0
0
0
0
0
0
0
0
0
0
0
3
21
49
70
48
13
0
-3
0
0
0
0
0
0
0
0
0
0
0
0
0
0
0
0
3
27
57
63
40
4
-4
-2
0
0
0
0
0
0
0
0
0
0
0
0
0
0
0
0
0
24
57
47
19
-2
-6
-1
0
0
0
0
0
0
0
0
0
0
0
0
0
0
0
0
6
24
41
25
-2
-8
-5
0
0
0
0
0
0
0
0
0
0
0
0
0
0
0
0
0
7
22
25
10
-5
-5
-2
0
0
0
0
0
0
0
0
0
0
0
0
0
0
0
0
0
4
8
7
3
-2
-3
0
0
0
0
0
0
0
0
0
0
0
0
0
0
0
0
0
0
0
0
0
0
0
1
8
9
5
0
-3
-1
0
0
0
0
0
0
0
0
0
0
0
0
0
0
0
0
0
3
11
16
5
-9
-15
-5
0
0
0
0
0
0
0
0
0
0
0
0
0
0
0
0
0
5
22
24
0
-20
-29
-8
0
0
0
0
0
0
0
0
0
0
0
0
0
0
0
0
1
13
35
28
-10
-26
-30
-6
0
0
0
0
0
0
0
0
0
0
0
0
0
0
0
0
3
19
44
25
-6
-27
-26
-3
0
0
0
0
0
0
0
0
0
0
0
0
0
0
0
0
7
30
43
12
-14
-29
-18
-1
0
0
0
0
0
0
0
0
0
0
0
0
0
0
0
1
13
42
37
1
-20
-32
-9
0
0
0
0
0
0
0
0
0
0
0
0
0
0
0
0
3
21
49
29
-6
-29
-30
-3
0
0
0
0
0
0
0
0
0
0
0
0
0
0
0
0
5
32
49
18
-14
-37
-26
-1
0
0
0
0
0
0
0
0
0
0
0
0
0
0
0
2
12
41
46
10
-22
-37
-19
0
0
0
0
0
0
0
0
0
0
0
0
0
0
0
0
4
21
48
37
0
-27
-32
-11
0
0
0
0
0
0
0
0
0
0
0
0
0
0
0
0
7
32
48
24
-13
-30
-26
-4
0
0
0
0
0
0
0
0
0
0
0
0
0
0
0
1
13
41
43
9
-22
-34
-19
-1
0
0
0
0
0
0
0
0
0
0
0
0
0
0
0
4
22
49
37
0
-29
-32
-10
0
0
0
0
0
0
0
0
0
0
0
0
0
0
0
0
5
31
51
26
-11
-32
-27
-3
0
0
0
0
0
0
0
0
0
0
0
0
0
0
0
0
12
41
47
14
-21
-35
-22
-1
0
0
0
0
0
0
0
0
0
0
0
0
0
0
0
2
18
50
44
7
-29
-38
-16
0
0
0
0
0
0
0
0
0
0
0
0
0
0
0
0
4
28
54
37
-3
-37
-35
-10
0
0
0
0
0
0
0
0
0
0
0
0
0
0
0
0
9
38
54
27
-14
-37
-31
-6
0
0
0
0
0
0
0
0
0
0
0
0
0
0
0
0
13
43
46
16
-26
-37
-23
-2
0
0
0
0
0
0
0
0
0
0
0
0
0
0
0
0
14
39
34
5
-25
-27
-14
-1
0
0
0
0
0
0
0
0
0
0
0
0
0
0
0
1
17
32
22
5
-14
-17
-5
0
0
0
0
0
0
0
0
0
0
0
0
0
0
0
0
0
12
19
16
9
-3
-7
-1
0
0
0
0
0
0
0
0
0
0
0
0
0
0
0
0
0
4
8
11
6
-3
-2
0
0
0
0
0
0
0
0
0
0
0
