0
5
12
64
57
-45
-46
13
1
2
25
92
47
-56
-33
16
3
2
39
91
9
-59
-18
17
4
12
70
82
-27
-52
0
18
2
27
99
60
-48
-34
14
12
0
40
110
26
-62
-26
15
6
-9
44
80
-19
-68
-10
16
4
-15
37
39
-35
-37
15
19
3
0
-2
-18
1
12
17
45
14
0
-5
-19
4
-4
13
15
-8
-1
-13
-17
4
-11
16
-2
-14
-2
-20
-12
3
-7
14
-11
-11
-6
-26
-8
-11
1
6
-16
-6
-11
-22
-8
-22
4
-3
-16
-3
-5
-6
8
-10
9
-12
-15
-3
6
17
9
2
-7
-32
-13
-2
0
-1
-10
-13
-38
-71
-45
-7
0
-2
-16
-26
-59
-78
-38
-1
-1
-7
-18
-37
-76
-68
-21
-1
-1
-11
-17
-43
-82
-53
1
2
-3
-14
-18
-51
-82
-37
9
3
-5
-18
-38
-80
-84
-35
-2
-4
-27
-40
-55
-97
-82
-23
-8
-10
-16
-2
-6
-40
-30
6
3
-6
0
-6
-31
-2
71
50
-51
-45
0
-15
-35
31
110
28
-78
-41
-1
-25
-30
67
113
-23
-92
-33
-6
-33
-7
100
88
-63
-81
-23
-15
-37
26
119
46
-85
-59
-16
-27
-32
62
120
-15
-102
-47
-16
-30
-18
95
93
-71
-99
-36
-13
-36
12
111
48
-86
-60
-15
-7
0
-8
-22
-10
21
29
25
12
-1
-12
-26
-4
35
43
33
17
-4
-16
-25
8
50
48
31
12
-8
-23
-20
20
55
51
30
10
-13
-29
-10
33
52
48
29
9
-17
-30
4
49
55
40
19
3
-20
-23
22
66
52
29
7
-1
-20
-16
36
51
40
28
9
-1
0
-8
-21
-32
-30
4
41
18
-1
-10
-30
-37
-9
34
34
-9
-4
-15
-30
-36
0
42
24
-16
-7
-23
-35
-21
16
40
4
-16
-12
-31
-36
-2
41
31
-18
-15
-14
-34
-37
3
41
19
-22
-7
-15
-36
-34
13
46
11
-16
-1
-20
-32
4
66
62
-8
-15
0
0
-8
-4
55
71
17
-29
-11
-1
-12
18
91
70
-3
-25
3
-4
-11
47
106
53
-22
-19
4
-8
-1
76
103
30
-32
-7
5
-12
19
99
85
-1
-31
3
5
-13
45
109
59
-17
-18
5
0
-5
74
110
44
-22
-8
5
-2
17
103
85
-14
-38
-1
3
-1
0
-1
-5
0
-4
-3
-10
-17
0
-4
-6
2
0
-4
-17
-20
0
-5
-5
-4
2
2
-12
-15
-1
-5
-1
-8
-9
-7
-12
-6
-5
-6
0
-7
-16
-22
-18
0
-7
-5
-3
-1
-8
-26
-20
-1
1
7
10
15
-1
-14
-12
-2
-5
15
33
41
24
4
0
0
0
8
24
41
-41
-69
11
49
1
13
39
45
-68
-54
48
55
4
18
50
18
-87
-22
73
43
8
25
56
-18
-85
16
81
27
13
41
49
-58
-64
52
72
14
19
57
25
-86
-32
71
49
3
26
68
-5
-93
1
82
31
-3
25
63
-37
-73
49
89
23
-1
0
0
6
21
38
60
54
-4
0
1
6
24
57
83
46
-20
0
3
12
33
65
87
26
-27
1
4
20
47
72
73
-1
-30
1
5
25
62
87
54
-22
-26
2
9
32
77
99
34
-29
-17
8
16
37
68
79
13
-26
-8
3
4
11
48
47
-15
-28
-4
0
12
32
28
-32
-117
-65
8
2
20
35
17
-89
-142
-16
30
5
26
33
-5
-138
-124
17
29
12
31
22
-53
-169
-75
36
26
20
32
7
-105
-170
-16
52
25
27
33
-9
-137
-135
20
40
18
38
32
-50
-186
-118
22
24
12
26
-6
-150
-236
-77
43
27
8
0
-10
-6
21
14
4
10
8
-1
-12
1
12
5
6
7
5
-5
-9
12
11
3
13
17
7
-10
-8
14
7
-5
5
14
6
-13
-5
6
-4
-5
-3
4
-4
-13
6
8
1
10
9
2
-9
6
28
29
17
25
24
6
-9
8
17
15
8
17
24
3
-5
0
4
-4
-78
-95
51
115
41
0
5
-17
-99
-66
100
108
20
2
4
-41
-113
-17
132
86
1
4
-3
-72
-109
41
131
56
-8
7
-14
-99
-82
93
120
31
-9
9
-31
-119
-35
134
105
11
-10
6
-52
-114
19
135
71
-4
-9
7
-48
-65
46
81
20
-14
-5
0
-6
-39
-70
13
65
45
11
-1
-12
-61
-61
28
64
34
11
-3
-23
-79
-47
44
66
25
7
-6
-41
-87
-30
43
57
27
5
-12
-65
-77
2
50
38
19
7
-20
-89
-59
45
68
26
9
4
-30
-97
-41
56
80
34
9
-1
-49
-120
-60
44
78
41
7
-1
0
-13
-57
-54
-4
33
19
-13
-2
-27
-65
-24
24
45
15
-8
-5
-42
-63
0
35
46
10
-6
-14
-57
-48
22
49
35
-2
-6
-25
-65
-25
34
47
16
-10
-4
-39
-65
-8
31
39
9
-5
-2
-50
-48
27
59
65
15
0
-1
-36
18
97
106
52
-5
-6
0
0
-12
-21
1
9
-9
-11
-13
-1
-17
-24
-5
-3
-8
-8
-14
-6
-20
-17
0
-4
0
-6
-5
-12
-23
-11
2
-7
-6
-13
-5
-19
-27
-9
-7
-13
-14
-19
-7
-23
-25
-4
-12
-9
-15
-15
-5
-20
-11
11
14
10
-2
-2
0
-18
4
42
40
27
3
-1
1
