0
5
12
64
57
0
0
13
1
2
25
92
47
0
0
16
3
2
39
91
9
0
0
17
4
12
70
82
0
0
0
18
2
27
99
60
0
0
14
12
0
40
110
26
0
0
15
6
0
44
80
0
0
0
16
4
0
37
39
0
0
15
19
3
0
0
0
1
12
17
45
14
0
0
0
4
0
13
15
0
0
0
0
4
0
16
0
0
0
0
0
3
0
14
0
0
0
0
0
0
1
6
0
0
0
0
0
0
4
0
0
0
0
0
8
0
9
0
0
0
6
17
9
2
0
0
0
0
0
0
0
0
0
0
0
0
0
0
0
0
0
0
0
0
0
0
0
0
0
0
0
0
0
0
0
0
0
0
1
2
0
0
0
0
0
0
9
3
0
0
0
0
0
0
0
0
0
0
0
0
0
0
0
0
0
0
0
0
0
6
3
0
0
0
0
0
71
50
0
0
0
0
0
31
110
28
0
0
0
0
0
67
113
0
0
0
0
0
0
100
88
0
0
0
0
0
26
119
46
0
0
0
0
0
62
120
0
0
0
0
0
0
95
93
0
0
0
0
0
12
111
48
0
0
0
0
0
0
0
0
21
29
25
12
0
0
0
0
35
43
33
17
0
0
0
8
50
48
31
12
0
0
0
20
55
51
30
10
0
0
0
33
52
48
29
9
0
0
4
49
55
40
19
3
0
0
22
66
52
29
7
0
0
0
36
51
40
28
9
0
0
0
0
0
0
4
41
18
0
0
0
0
0
34
34
0
0
0
0
0
0
42
24
0
0
0
0
0
16
40
4
0
0
0
0
0
41
31
0
0
0
0
0
3
41
19
0
0
0
0
0
13
46
11
0
0
0
0
4
66
62
0
0
0
0
0
0
55
71
17
0
0
0
0
18
91
70
0
0
3
0
0
47
106
53
0
0
4
0
0
76
103
30
0
0
5
0
19
99
85
0
0
3
5
0
45
109
59
0
0
5
0
0
74
110
44
0
0
5
0
17
103
85
0
0
0
3
0
0
0
0
0
0
0
0
0
0
0
0
2
0
0
0
0
0
0
0
0
2
2
0
0
0
0
0
0
0
0
0
0
0
0
0
0
0
0
0
0
0
0
0
0
0
0
0
0
1
7
10
15
0
0
0
0
0
15
33
41
24
4
0
0
0
8
24
41
0
0
11
49
1
13
39
45
0
0
48
55
4
18
50
18
0
0
73
43
8
25
56
0
0
16
81
27
13
41
49
0
0
52
72
14
19
57
25
0
0
71
49
3
26
68
0
0
1
82
31
0
25
63
0
0
49
89
23
0
0
0
6
21
38
60
54
0
0
1
6
24
57
83
46
0
0
3
12
33
65
87
26
0
1
4
20
47
72
73
0
0
1
5
25
62
87
54
0
0
2
9
32
77
99
34
0
0
8
16
37
68
79
13
0
0
3
4
11
48
47
0
0
0
0
12
32
28
0
0
0
8
2
20
35
17
0
0
0
30
5
26
33
0
0
0
17
29
12
31
22
0
0
0
36
26
20
32
7
0
0
0
52
25
27
33
0
0
0
20
40
18
38
32
0
0
0
22
24
12
26
0
0
0
0
43
27
8
0
0
0
21
14
4
10
8
0
0
1
12
5
6
7
5
0
0
12
11
3
13
17
7
0
0
14
7
0
5
14
6
0
0
6
0
0
0
4
0
0
6
8
1
10
9
2
0
6
28
29
17
25
24
6
0
8
17
15
8
17
24
3
0
0
4
0
0
0
51
115
41
0
5
0
0
0
100
108
20
2
4
0
0
0
132
86
1
4
0
0
0
41
131
56
0
7
0
0
0
93
120
31
0
9
0
0
0
134
105
11
0
6
0
0
19
135
71
0
0
7
0
0
46
81
20
0
0
0
0
0
0
13
65
45
11
0
0
0
0
28
64
34
11
0
0
0
0
44
66
25
7
0
0
0
0
43
57
27
5
0
0
0
2
50
38
19
7
0
0
0
45
68
26
9
4
0
0
0
56
80
34
9
0
0
0
0
44
78
41
7
0
0
0
0
0
0
33
19
0
0
0
0
0
24
45
15
0
0
0
0
0
35
46
10
0
0
0
0
22
49
35
0
0
0
0
0
34
47
16
0
0
0
0
0
31
39
9
0
0
0
0
27
59
65
15
0
0
0
18
97
106
52
0
0
0
0
0
0
1
9
0
0
0
0
0
0
0
0
0
0
0
0
0
0
0
0
0
0
0
0
0
0
2
0
0
0
0
0
0
0
0
0
0
0
0
0
0
0
0
0
0
0
0
0
0
11
14
10
0
0
0
0
4
42
40
27
3
0
1
