5
92
57
16
12
91
9
18
40
110
0
15
44
80
15
19
0
4
17
45
0
4
16
0
0
0
6
0
17
9
9
0
0
0
0
0
0
0
0
2
0
0
0
9
0
0
6
3
0
31
110
0
0
100
113
0
0
120
46
0
12
111
0
0
0
0
43
33
0
20
55
31
0
49
55
29
0
66
52
9
0
0
34
41
0
0
42
24
0
3
41
0
0
66
62
0
0
91
71
3
0
106
53
5
45
109
0
5
103
110
0
5
0
2
0
0
0
0
2
0
0
0
0
0
15
41
24
0
13
45
0
55
25
56
16
81
57
49
71
72
68
0
89
31
1
24
83
54
4
47
87
26
9
77
99
0
16
68
79
0
20
35
0
30
31
33
0
36
33
7
20
52
38
0
43
27
0
21
14
10
0
14
13
17
6
8
10
4
28
29
25
6
5
0
100
115
4
0
132
86
9
0
134
31
7
46
135
0
0
0
65
45
0
0
66
27
0
45
68
19
0
56
80
9
0
0
45
19
0
22
49
10
0
34
47
0
18
106
65
0
0
1
9
0
0
2
0
0
0
0
0
0
4
42
27
1
