0
0
0
0
0
0
0
1
7
3
0
0
0
0
0
0
0
0
0
0
0
0
0
0
0
0
0
0
0
0
0
2
0
3
0
0
0
0
0
0
0
0
1
0
4
0
0
0
0
0
0
0
0
0
1
0
2
0
0
0
0
0
0
0
0
0
3
2
5
0
0
0
0
0
0
0
0
3
4
2
3
0
0
0
0
0
0
0
0
2
4
5
0
0
0
0
0
0
0
0
0
2
0
0
0
0
0
0
0
0
0
0
0
0
0
2
0
0
0
0
0
0
0
3
14
15
8
2
0
0
0
0
0
0
0
8
21
25
13
0
0
0
0
0
0
0
0
0
0
0
0
0
3
4
0
0
0
0
0
0
0
0
0
0
23
5
0
0
0
0
0
0
0
0
0
14
33
1
0
0
0
0
0
0
0
0
0
24
31
0
0
0
0
0
0
0
0
0
1
30
17
0
0
0
0
0
0
0
0
0
16
34
5
0
0
0
0
0
0
0
0
0
30
35
0
0
0
0
0
0
0
0
0
0
31
23
0
0
0
0
0
0
0
0
0
5
27
8
0
0
0
0
0
0
0
0
0
32
34
2
0
0
0
0
0
0
0
11
46
41
30
0
0
0
0
0
0
0
0
15
37
30
7
0
0
0
0
0
0
0
0
0
0
0
3
11
21
3
0
0
0
0
0
0
0
0
15
35
31
3
0
0
0
0
0
0
0
1
24
35
26
2
0
0
0
0
0
0
0
8
33
36
19
0
0
0
0
0
0
0
0
16
43
41
13
0
0
0
0
0
0
0
3
29
42
35
5
0
0
0
0
0
0
0
6
35
42
24
2
0
0
0
0
0
0
0
17
40
42
16
0
0
0
0
0
0
0
0
26
46
42
9
0
0
0
0
0
0
0
7
38
49
36
4
0
0
0
0
0
0
0
11
39
35
17
1
0
0
0
0
0
0
0
1
3
7
5
0
0
0
0
0
0
0
0
0
0
0
4
4
1
0
0
0
0
0
0
0
0
1
0
27
11
0
0
0
0
0
0
0
0
1
0
32
0
1
0
0
0
0
0
0
0
2
22
31
0
0
0
0
0
0
0
0
1
1
34
24
0
0
0
0
0
0
0
0
2
0
33
7
0
0
0
0
0
0
0
0
2
16
35
0
0
0
0
0
0
0
0
0
1
37
28
1
0
0
0
0
0
0
0
2
0
33
11
0
0
0
0
0
0
0
0
0
2
36
0
0
0
0
0
0
0
0
0
0
26
36
0
0
0
0
0
0
0
0
0
4
16
4
1
0
0
0
0
0
0
0
0
0
0
0
7
19
16
4
0
0
0
0
0
0
0
1
19
40
20
2
0
0
0
0
0
0
0
3
39
53
12
0
0
0
0
0
0
0
0
8
61
49
2
0
0
0
0
0
0
0
1
23
61
38
0
0
0
0
0
0
0
0
2
43
63
23
0
0
0
0
0
0
0
0
10
61
57
4
0
0
0
0
0
0
0
0
23
65
45
0
0
0
0
0
0
0
0
2
40
69
29
0
0
0
0
0
0
0
0
3
57
70
13
0
0
0
0
0
0
0
0
6
57
47
0
0
0
0
0
0
0
0
0
7
25
10
0
0
0
0
0
0
0
0
0
0
0
0
11
16
0
0
0
0
0
0
0
0
0
1
35
28
0
0
0
0
0
0
0
0
0
7
44
25
0
0
0
0
0
0
0
0
0
21
49
1
0
0
0
0
0
0
0
0
2
41
49
0
0
0
0
0
0
0
0
0
7
48
37
0
0
0
0
0
0
0
0
0
22
49
9
0
0
0
0
0
0
0
0
0
41
51
0
0
0
0
0
0
0
0
0
4
54
44
0
0
0
0
0
0
0
0
0
13
54
27
0
0
0
0
0
0
0
0
0
17
39
5
0
0
0
0
0
0
0
0
0
12
19
9
0
0
0
0
0
0
