24
24
25
24
24
24
24
24
24
24
24
24
24
24
24
24
24
24
24
24
24
24
24
24
24
24
24
24
24
24
24
24
25
24
24
24
24
24
24
24
24
24
24
24
24
24
24
23
24
24
24
24
23
23
24
23
24
24
24
24
24
24
24
24
24
24
24
24
24
24
24
23
24
24
24
24
24
24
24
24
24
23
24
24
24
24
24
24
24
24
24
24
24
23
24
24
24
24
23
24
24
24
24
24
24
24
23
24
24
24
24
24
24
24
24
24
24
24
24
24
24
24
24
24
24
23
24
24
24
24
24
24
24
24
24
23
24
24
24
24
24
24
24
24
24
24
24
24
24
24
23
24
24
24
24
24
24
24
24
24
24
23
24
24
24
24
24
24
24
24
24
24
24
24
24
24
24
24
24
24
24
24
24
24
24
24
24
23
24
24
24
24
23
24
24
24
24
24
24
24
24
24
24
24
24
24
24
23
23
23
23
24
24
24
24
23
24
23
24
24
23
24
24
24
24
24
24
24
24
24
24
24
24
24
22
21
21
21
21
22
24
24
24
24
24
23
24
23
25
24
23
24
24
24
24
24
24
24
24
23
24
21
3
5
6
6
2
2
20
23
24
24
24
24
24
23
23
23
24
24
24
24
24
24
24
24
24
24
24
13
5
21
22
23
22
2
5
24
24
24
24
23
24
24
24
24
24
24
24
24
24
24
24
24
24
23
24
23
9
24
24
23
22
2
13
24
24
24
24
24
24
24
24
24
24
23
24
24
24
24
24
24
24
24
24
24
23
21
21
22
12
3
24
24
24
23
24
24
23
23
23
24
23
23
24
24
24
23
24
24
24
24
23
24
24
24
23
18
3
15
24
24
23
24
24
24
23
23
23
23
23
23
23
24
24
24
24
23
24
24
24
24
24
24
22
2
9
24
23
23
23
23
24
24
23
23
23
23
23
23
24
23
24
24
23
24
24
24
23
23
22
23
4
3
24
24
23
23
22
19
23
23
24
23
23
23
23
23
24
24
24
24
24
24
24
23
23
22
21
3
6
22
22
22
22
23
17
3
24
23
23
23
23
23
23
23
23
24
24
24
24
24
24
22
5
2
4
4
4
3
3
2
1
6
8
2
24
23
23
23
23
23
23
23
24
24
24
24
24
24
24
24
6
4
6
6
6
6
5
6
4
6
4
5
24
24
23
23
23
24
23
23
24
24
23
23
23
24
24
24
24
24
24
23
24
23
23
24
25
24
21
22
24
23
22
23
23
23
24
23
24
23
24
24
23
24
23
24
24
24
24
24
24
23
24
24
24
23
24
24
24
24
23
23
23
23
23
23
24
24
24
24
24
24
23
24
24
24
24
23
23
22
22
23
23
23
23
23
24
22
23
24
23
23
24
24
23
24
23
24
24
23
24
24
23
24
24
23
24
23
24
24
24
24
23
23
23
23
23
23
23
24
24
23
24
24
23
24
23
23
24
24
23
23
24
24
23
24
23
24
23
24
23
23
23
23
23
23
24
23
23
23
24
24
23
24
23
24
24
24
23
24
24
24
24
24
23
24
24
23
24
23
24
23
23
23
23
24
23
23
24
24
24
24
24
23
24
24
23
24
24
24
24
23
23
24
24
24
24
23
23
23
23
24
23
23
23
23
24
24
23
24
24
23
23
23
23
24
24
23
24
24
23
23
24
23
24
24
24
24
23
23
23
23
23
23
23
23
24
24
24
24
24
24
24
23
23
23
24
24
23
23
24
23
23
23
24
24
23
23
23
23
23
23
