24
24
24
24
24
25
24
24
24
24
24
24
24
24
18
22
23
24
24
24
24
19
23
21
23
24
24
24
24
24
24
24
24
24
24
24
24
25
24
24
24
24
23
24
24
24
23
23
24
23
23
24
24
24
23
24
24
24
24
24
24
24
23
24
23
24
24
24
24
24
24
24
24
23
24
24
24
24
23
24
24
23
23
23
24
24
24
24
24
24
25
24
24
24
24
24
24
24
24
24
24
24
23
24
23
23
23
23
23
23
24
24
24
24
24
24
24
24
24
24
24
24
24
24
24
24
24
24
23
23
24
23
23
23
23
23
23
23
23
24
24
24
24
24
24
24
25
24
24
25
24
23
24
23
23
23
23
23
23
23
23
23
23
23
23
23
23
23
24
24
24
24
24
24
24
24
24
24
24
24
23
23
22
21
20
23
23
23
23
23
23
23
23
23
23
23
24
24
24
24
24
24
24
24
24
24
24
24
23
23
12
3
1
20
23
24
24
23
23
24
23
23
23
23
24
24
24
24
24
24
24
24
24
24
24
24
23
9
3
6
7
2
22
24
23
23
23
23
23
23
23
23
24
24
23
24
24
24
23
24
24
24
24
23
19
3
21
24
22
1
16
24
23
23
23
23
23
23
23
23
24
24
24
24
24
24
24
24
23
23
24
23
2
5
24
23
22
2
13
23
23
23
23
23
23
23
23
23
24
24
24
24
24
24
24
24
24
24
24
25
9
7
23
23
22
3
15
24
24
23
23
23
23
23
23
23
24
24
24
24
24
24
24
24
23
24
23
23
24
23
24
23
23
3
22
24
23
23
23
23
23
23
23
23
24
24
24
24
23
23
23
23
23
24
23
23
23
23
22
23
4
12
23
23
23
23
23
23
23
23
23
23
23
24
24
24
23
23
23
24
24
23
23
24
22
22
22
11
3
24
24
23
23
23
22
23
23
23
23
23
23
24
23
23
24
24
23
24
23
23
23
23
21
23
5
2
24
23
23
23
23
23
23
23
23
23
23
23
23
24
23
24
23
23
23
23
23
23
22
22
19
4
4
22
24
23
23
23
23
23
23
23
22
23
23
23
23
24
23
23
24
23
23
22
21
21
21
1
2
17
21
22
21
22
22
23
23
23
23
23
23
22
23
23
24
24
23
24
24
24
24
22
4
2
4
3
15
20
21
21
20
19
20
21
23
23
23
23
23
23
22
23
23
24
23
23
24
24
23
25
11
10
13
8
7
6
7
7
8
5
2
3
22
23
23
22
23
22
22
22
24
24
24
23
24
24
24
23
24
24
23
23
23
23
24
24
23
15
7
5
23
22
23
23
23
23
22
23
23
24
23
23
23
23
23
24
23
24
23
23
23
23
24
24
24
23
23
24
23
23
22
23
23
22
23
23
24
24
23
24
23
23
23
24
24
24
24
24
23
23
24
23
23
23
23
23
23
23
23
23
23
23
23
23
24
23
23
24
24
24
23
24
23
23
23
23
23
23
23
24
23
23
23
23
23
23
23
23
23
23
23
23
23
23
24
24
24
24
23
23
23
24
24
24
24
23
23
23
23
23
22
23
23
23
23
23
23
23
23
23
23
24
24
25
24
24
23
23
23
23
23
23
23
24
23
23
23
23
22
23
23
23
23
23
23
23
22
23
23
23
24
24
23
24
23
23
23
23
23
24
24
24
23
23
23
23
23
23
23
23
22
22
23
23
22
23
24
24
24
24
24
24
23
23
23
23
23
23
23
24
23
23
23
23
23
23
24
23
22
23
22
23
23
23
