24
23
23
23
24
23
24
24
23
23
23
23
23
23
23
23
22
22
22
23
22
23
23
23
22
23
23
23
23
23
23
24
23
23
23
23
23
22
23
23
22
22
23
22
22
22
22
22
23
23
22
22
23
22
22
23
23
23
23
23
23
23
22
22
23
23
23
22
23
22
23
23
22
22
22
22
22
23
23
23
22
22
22
22
23
23
23
23
23
23
23
23
23
23
22
22
23
23
23
23
22
22
22
22
22
22
22
22
22
23
22
23
23
23
23
23
23
23
23
23
23
23
23
22
23
23
23
22
22
22
22
22
23
22
22
22
23
22
23
22
23
23
23
23
23
23
23
22
23
22
23
22
22
22
22
22
22
22
22
22
22
22
22
22
22
22
22
23
23
23
22
23
23
23
23
22
22
22
22
21
21
21
22
21
22
23
22
22
22
22
22
22
22
23
22
22
23
23
23
24
23
23
23
23
23
21
20
19
19
18
19
21
22
23
23
22
22
22
22
22
23
22
22
22
23
23
23
23
23
23
23
22
22
20
21
8
4
4
13
18
21
22
22
23
22
22
22
22
22
23
22
23
23
23
23
23
23
23
23
23
23
13
4
7
10
11
4
1
20
22
22
23
23
22
22
23
23
22
22
22
23
23
23
23
23
23
23
23
23
6
7
22
23
22
20
3
21
22
22
22
22
22
22
23
22
22
22
22
23
23
23
23
22
23
23
23
23
7
22
22
22
20
4
5
22
22
22
22
22
22
22
23
22
22
22
23
23
23
23
23
23
22
22
22
22
18
22
22
21
20
5
16
22
22
22
23
22
22
22
23
22
22
22
22
23
23
23
22
22
22
22
22
23
22
21
22
20
12
6
22
21
22
22
22
22
22
22
22
22
22
22
22
23
23
23
22
21
22
23
22
21
22
21
21
20
6
19
22
22
21
22
22
22
22
22
23
22
22
22
22
23
23
23
23
22
22
22
21
20
20
20
20
3
5
20
20
20
21
21
21
21
22
22
22
23
22
22
22
23
23
23
23
23
22
24
21
15
20
20
10
2
21
18
18
18
19
18
19
20
22
22
22
22
23
22
22
22
23
23
23
23
22
22
22
8
6
7
6
8
6
5
5
7
13
18
3
20
22
22
22
22
22
22
22
22
22
22
23
22
22
22
23
19
10
8
11
13
9
10
8
7
7
7
6
19
22
22
22
22
22
22
22
23
23
22
22
23
23
23
23
24
22
23
22
23
22
22
23
22
24
16
9
22
22
22
22
22
22
22
22
23
23
23
23
23
23
23
23
22
23
22
22
22
22
22
21
22
22
22
22
22
22
22
22
22
22
22
22
23
23
23
22
23
23
22
22
22
22
22
22
22
22
22
22
22
23
23
22
22
22
22
22
22
22
22
22
23
23
22
22
23
23
23
23
22
23
23
22
22
22
23
22
22
22
22
22
22
22
22
22
22
22
22
22
23
23
23
23
23
23
23
23
23
23
22
22
22
23
22
22
22
22
23
22
21
22
22
22
22
22
22
22
23
24
23
23
23
23
22
22
22
22
23
22
22
23
22
22
22
22
22
22
22
22
22
22
22
22
22
22
23
23
23
23
23
23
22
22
22
22
22
22
22
22
22
22
22
22
22
22
22
21
22
22
22
22
22
22
23
23
23
23
23
23
23
22
22
22
22
22
22
21
22
22
22
21
23
22
22
22
22
22
22
21
22
22
23
23
22
22
23
23
23
22
22
22
22
22
22
22
22
22
21
22
22
22
22
22
22
22
22
22
21
22
