23
22
23
22
22
22
22
23
22
22
22
22
22
21
22
22
22
23
21
21
22
22
22
22
21
22
22
22
23
22
22
22
22
22
23
22
22
22
22
22
22
22
22
22
22
22
22
22
22
22
23
22
20
21
22
22
22
22
23
22
22
23
23
22
22
22
22
22
21
21
22
22
22
22
22
22
22
22
23
22
22
22
22
22
22
23
22
22
22
22
23
23
22
22
22
22
21
18
21
22
22
23
22
22
22
22
22
22
21
22
22
22
22
22
22
22
22
22
23
22
22
21
22
22
22
19
21
22
22
22
22
22
22
22
22
22
22
22
23
22
23
22
22
21
22
22
22
22
22
22
22
22
22
19
20
21
22
22
22
22
22
22
22
22
22
22
22
22
22
22
23
22
22
22
22
22
21
20
21
22
21
22
20
19
22
22
22
22
21
22
21
22
22
22
22
22
22
22
22
22
22
22
22
21
18
18
19
21
22
21
21
21
22
22
22
22
21
22
21
22
22
22
22
21
22
22
22
22
22
22
22
23
9
7
18
19
21
21
22
22
22
22
22
22
22
22
22
22
22
22
22
21
23
22
22
22
22
22
22
22
20
10
4
18
18
20
22
22
22
22
22
22
22
22
22
22
22
22
22
22
23
23
22
22
22
22
22
22
23
22
10
6
17
18
20
21
22
22
22
22
22
22
22
22
22
21
22
22
22
22
22
22
22
22
22
22
22
22
23
14
6
14
18
21
22
22
22
22
22
22
22
22
22
22
22
22
22
22
22
22
22
22
21
21
22
22
22
22
13
4
13
19
22
22
21
22
22
21
22
22
22
22
22
22
22
22
22
22
22
22
21
21
21
22
21
22
21
9
1
19
21
21
21
21
22
21
22
22
22
21
22
22
22
22
22
22
22
22
21
21
22
22
22
21
20
14
3
20
20
21
20
20
22
21
22
22
21
22
21
22
22
21
22
22
22
22
22
22
22
22
21
21
19
1
4
20
19
20
18
18
22
22
22
22
21
22
22
21
22
22
22
22
22
22
22
22
21
20
19
19
5
4
10
18
18
19
3
12
21
22
21
22
22
21
22
21
22
22
22
22
22
21
21
21
20
19
19
10
4
10
8
4
6
6
6
21
22
21
22
22
22
22
22
22
22
22
22
22
22
21
22
22
10
3
5
6
7
6
6
9
14
18
18
22
22
22
22
22
22
21
22
21
22
22
22
22
22
22
22
21
11
8
8
12
15
21
22
21
21
22
22
21
22
21
21
22
21
22
22
22
22
21
22
22
22
22
21
22
22
22
22
21
22
22
22
21
21
22
22
22
21
21
22
22
22
21
22
22
22
22
22
22
21
22
22
22
22
22
21
21
21
22
21
22
22
22
22
22
22
21
22
22
22
22
22
22
22
22
22
22
22
22
22
21
22
21
21
21
22
22
22
21
21
22
22
21
22
21
22
22
22
22
22
21
22
22
22
22
22
22
22
21
22
22
21
21
22
22
21
21
22
21
22
22
21
21
22
22
22
21
21
21
22
22
22
22
22
22
22
22
22
22
21
21
22
22
21
22
21
22
22
22
22
22
22
22
22
21
22
22
22
22
22
22
22
22
22
22
22
21
22
22
22
22
21
22
21
22
22
21
22
21
21
22
21
21
22
22
22
22
22
22
22
21
22
22
22
22
22
21
22
22
22
22
22
22
22
22
22
21
22
22
22
21
22
21
22
22
22
22
22
22
22
22
22
22
21
22
21
22
22
22
21
21
22
21
21
22
22
21
22
22
22
21
