24
24
24
24
24
24
24
24
24
24
24
24
24
24
24
24
24
24
24
24
24
24
25
24
24
24
23
24
24
24
24
24
24
24
24
24
24
24
24
23
24
24
24
24
24
25
24
24
23
24
24
24
24
24
24
24
24
24
24
24
24
24
24
24
24
24
24
24
24
24
23
25
24
24
24
23
24
24
24
24
24
24
24
24
24
24
24
24
24
24
24
24
24
24
24
25
24
24
24
24
24
24
24
24
24
24
24
24
24
24
24
24
24
24
24
24
24
24
24
24
24
24
24
24
24
24
24
23
24
24
24
24
24
24
23
24
24
24
24
24
24
24
24
24
23
24
24
24
24
24
24
24
24
24
24
24
23
24
24
24
24
24
24
24
23
24
24
24
24
24
24
24
24
24
24
24
24
24
23
23
24
25
23
24
23
23
24
24
24
23
23
23
24
24
24
24
24
24
24
24
23
24
24
24
24
24
23
22
22
23
24
23
24
24
24
24
24
23
24
24
24
24
24
24
24
24
24
24
24
24
24
24
23
24
25
4
2
19
22
24
24
23
24
24
24
24
24
24
24
24
24
24
23
24
24
24
24
24
24
24
24
24
25
24
4
3
18
21
23
24
23
24
24
23
24
24
24
24
23
24
24
24
24
24
24
24
24
24
23
24
25
24
20
8
3
1
20
23
24
24
24
24
24
24
24
24
24
24
24
24
24
24
24
24
24
24
24
24
24
23
24
24
21
2
3
16
24
24
24
23
24
24
24
24
24
24
24
24
24
24
24
24
23
23
24
23
24
24
24
24
22
22
4
21
24
24
24
24
23
24
24
24
24
24
23
23
24
24
23
23
23
24
24
24
24
23
23
23
24
3
2
24
23
23
23
24
24
23
24
23
23
23
24
24
23
24
23
24
23
23
23
23
23
23
23
22
4
2
18
23
23
23
23
23
24
23
24
23
23
23
23
23
23
23
23
23
22
24
23
23
23
22
24
9
4
15
23
22
21
21
23
23
23
23
23
23
23
24
23
23
23
23
23
23
23
23
21
22
23
19
1
2
18
23
23
21
8
3
22
23
23
23
23
24
24
23
23
23
23
23
24
24
24
23
22
3
1
4
2
13
20
20
21
11
3
17
24
23
24
24
24
23
24
24
23
24
23
23
23
24
23
19
5
5
6
7
5
7
5
2
4
4
15
24
23
23
23
23
23
23
24
23
24
24
23
23
23
24
23
24
20
24
23
23
23
23
16
10
6
9
23
24
23
24
23
23
23
23
23
23
24
24
23
23
23
23
24
23
24
23
23
24
23
23
23
25
23
23
24
24
23
24
23
23
23
24
24
24
24
24
23
24
23
23
24
23
23
24
24
24
23
23
23
23
23
24
24
23
23
24
23
24
24
23
24
23
22
24
24
23
23
23
23
23
24
24
23
23
23
23
23
23
23
24
23
24
23
24
23
24
24
23
24
24
23
24
23
23
24
24
23
23
24
24
23
24
23
23
23
23
23
24
23
24
23
23
23
24
23
23
24
24
23
24
23
23
24
24
23
23
24
23
24
24
23
24
24
23
23
23
23
24
23
23
23
23
23
24
24
23
24
23
23
23
24
23
23
23
23
23
23
23
23
24
23
23
23
23
24
23
23
23
23
23
24
23
24
23
24
23
23
23
24
23
23
23
23
23
23
23
24
24
23
23
23
23
23
23
24
24
23
24
24
24
23
23
24
23
23
24
24
24
23
23
23
24
23
24
23
23
23
24
23
23
23
23
23
24
23
23
23
23
24
23
