22
22
22
22
22
22
22
22
22
22
22
21
21
22
22
21
22
22
22
22
22
22
22
22
21
22
22
21
22
22
22
21
21
21
21
22
22
21
22
22
22
21
22
21
22
22
22
22
22
22
21
22
21
21
22
21
22
22
22
22
22
22
21
21
21
22
21
22
22
22
22
21
22
22
22
21
22
22
21
22
21
22
22
21
22
22
22
22
22
21
22
22
21
21
22
22
22
21
21
21
22
22
22
22
22
22
22
22
21
22
21
21
22
22
22
22
22
21
22
22
21
21
21
22
22
21
21
21
20
22
22
22
22
22
21
21
22
23
21
22
22
22
22
22
22
22
22
21
21
21
22
21
21
21
21
20
21
21
21
21
22
21
21
21
21
22
22
22
22
22
22
22
21
22
22
22
22
22
22
21
21
21
20
21
21
22
21
21
21
22
21
21
22
21
21
22
22
22
22
22
22
22
22
21
22
21
20
20
19
19
20
21
21
22
21
22
21
22
21
21
22
21
21
21
21
22
21
22
22
22
21
22
21
20
19
16
9
4
5
17
21
21
22
21
21
21
22
21
21
22
21
22
22
21
22
21
22
22
21
22
20
17
4
9
12
13
7
2
15
21
22
21
22
21
21
22
22
21
22
21
22
22
22
21
21
22
22
21
20
8
10
20
21
21
18
1
12
21
22
21
20
21
22
22
21
22
22
21
22
22
22
22
22
22
22
22
21
17
17
22
21
21
17
2
19
21
22
21
21
21
21
21
21
21
21
20
22
22
21
22
21
22
21
22
21
22
21
15
21
19
17
8
22
21
21
21
21
21
21
22
21
22
21
22
22
22
22
22
21
22
22
22
22
21
21
22
21
18
4
14
21
21
21
21
21
21
21
22
21
22
21
20
22
22
22
22
22
22
22
22
20
21
22
22
20
17
9
21
21
22
21
21
21
21
21
21
22
21
21
22
22
21
22
22
22
22
22
22
21
22
21
21
18
5
15
21
22
21
21
20
21
22
21
21
21
21
21
22
21
22
22
22
21
20
22
22
21
21
22
20
17
10
21
21
21
21
21
22
21
21
22
21
21
21
21
22
22
22
21
22
22
21
22
22
21
21
21
21
2
9
19
19
19
17
21
21
21
21
21
22
22
20
21
21
22
22
22
22
21
22
22
21
21
21
22
22
12
3
2
5
4
7
15
20
22
21
21
21
21
21
21
21
22
21
21
22
22
22
22
22
20
21
22
22
22
19
11
15
21
21
21
20
22
21
22
21
21
20
21
22
22
22
22
22
21
21
21
21
21
22
22
21
21
21
21
21
21
22
21
21
22
21
21
21
20
22
21
21
22
21
22
22
22
22
22
21
22
21
22
22
21
21
20
21
21
21
21
22
21
21
21
21
21
21
21
21
22
22
22
22
22
22
22
21
22
21
21
21
21
21
21
22
22
21
21
21
21
21
21
20
20
21
21
22
21
22
22
22
21
21
21
22
21
22
21
21
21
22
22
22
22
21
22
21
21
21
20
21
21
21
21
21
22
22
22
22
22
22
22
22
21
21
21
21
21
21
21
22
21
21
21
21
21
21
21
21
21
20
21
21
22
21
22
22
21
21
22
22
21
23
21
20
21
22
21
21
21
21
21
20
22
21
21
20
21
21
21
21
22
21
22
21
22
22
22
21
21
21
21
22
21
21
21
20
22
21
21
20
21
21
20
21
21
20
21
21
22
22
22
22
22
22
21
21
21
22
21
21
21
22
21
21
21
20
21
21
21
21
21
20
21
21
21
21
