20
21
21
21
20
21
20
21
21
21
21
21
21
20
21
21
21
21
20
21
21
21
21
21
21
20
21
20
21
21
21
21
21
21
21
21
22
21
21
21
21
21
21
20
21
21
20
20
21
20
21
21
20
21
20
21
20
20
21
21
21
21
21
21
21
21
21
21
20
21
21
21
21
20
20
20
20
21
21
21
21
21
21
21
21
20
21
21
21
21
21
21
21
20
21
21
21
20
21
21
21
19
19
21
21
22
21
21
20
20
20
21
21
20
20
20
21
20
20
21
21
21
20
20
21
21
20
20
21
21
20
21
21
21
21
21
21
21
20
21
22
20
21
21
21
21
20
20
21
21
21
21
21
21
21
20
21
20
20
20
22
21
21
21
21
21
21
21
21
21
20
21
21
21
21
21
21
21
20
20
20
20
20
20
20
21
19
21
21
21
20
20
20
21
21
21
21
21
21
21
21
20
21
21
21
20
20
16
14
8
15
18
20
21
21
21
21
20
20
21
21
21
21
21
21
21
21
20
21
21
21
21
21
21
16
5
8
8
3
2
20
21
21
21
20
20
20
20
21
21
21
21
21
20
21
21
21
21
20
21
21
21
10
19
21
20
7
1
20
20
21
20
21
21
20
19
21
21
21
21
21
21
21
21
21
20
20
21
21
21
20
20
21
20
1
4
21
20
20
19
21
20
20
20
20
21
21
20
21
21
21
20
21
19
21
21
20
21
20
21
20
20
1
9
20
20
20
21
21
21
21
20
21
21
21
21
21
21
21
21
20
21
21
21
21
21
21
20
21
19
4
20
20
20
21
21
21
20
20
21
21
20
20
21
21
21
21
21
21
20
21
21
21
21
21
20
21
2
13
20
21
20
20
20
21
21
21
20
20
21
21
21
21
21
21
21
21
21
21
21
21
20
21
20
17
4
20
21
20
21
21
20
20
21
20
20
21
21
21
21
20
21
21
21
20
20
21
21
21
21
21
18
1
17
20
20
20
20
21
21
21
20
20
22
20
20
21
20
21
21
20
21
20
21
21
21
21
20
20
4
6
20
21
19
18
8
18
22
21
20
21
20
21
20
20
21
20
21
21
21
21
20
21
21
21
21
17
4
19
20
12
2
6
16
21
21
21
21
20
20
21
20
20
20
21
21
21
21
20
21
21
20
21
19
2
18
16
1
5
15
21
20
20
21
21
21
21
20
20
20
21
21
21
21
21
19
21
21
20
21
21
3
1
1
6
15
20
20
21
20
20
20
20
20
20
20
21
21
20
20
21
21
21
21
20
20
20
21
21
18
10
20
20
21
21
21
21
20
21
21
21
20
20
20
21
21
21
21
21
21
21
21
20
21
21
21
21
19
21
20
21
21
20
21
21
20
21
20
21
20
20
20
20
20
20
21
20
20
21
20
21
21
21
21
21
20
21
21
21
21
21
20
20
21
20
21
21
21
20
20
19
21
21
20
20
21
19
20
21
21
21
21
21
20
21
20
20
21
19
21
21
20
20
20
21
20
20
20
18
21
20
21
20
21
20
20
20
21
21
21
20
20
20
21
21
20
21
19
20
20
21
20
21
21
20
21
18
21
20
19
21
21
21
20
21
21
21
20
21
21
21
21
21
21
20
20
21
20
20
21
21
21
21
20
18
20
20
20
21
20
21
21
21
21
20
21
21
21
21
21
21
20
20
20
20
21
21
20
21
21
21
20
17
21
21
20
21
21
21
20
20
21
21
21
20
20
20
21
21
21
20
21
20
20
20
21
20
20
20
20
21
20
20
21
