22
21
21
21
22
22
21
22
21
21
21
21
21
21
21
21
21
21
21
21
21
21
20
21
21
21
21
21
21
22
21
21
21
21
21
21
21
22
22
22
22
21
21
21
21
20
21
22
20
21
21
21
21
21
21
20
21
21
21
21
22
21
21
22
21
21
22
21
21
19
21
21
21
21
21
21
21
20
21
21
21
21
21
21
21
21
22
21
21
22
21
22
21
21
21
21
21
21
21
21
20
21
21
21
21
19
21
21
21
21
21
21
21
21
21
21
21
22
21
21
21
21
21
21
22
21
21
22
22
21
21
21
21
21
22
21
20
21
20
20
21
21
21
21
21
21
21
21
21
22
21
22
21
21
20
21
21
21
21
21
21
21
21
21
21
21
20
21
21
21
22
21
21
21
21
21
21
20
21
22
20
22
21
21
21
21
21
21
21
21
21
21
22
21
21
21
21
21
21
22
22
21
21
21
20
18
17
17
18
19
21
20
21
20
21
20
21
21
21
21
21
21
21
21
21
22
22
21
21
21
21
20
22
9
9
9
5
1
20
21
21
21
21
21
20
21
21
20
21
20
21
21
22
21
21
22
22
21
20
21
21
21
21
21
21
2
3
21
21
20
21
21
21
21
21
21
20
21
20
20
20
21
21
21
21
21
21
21
21
21
21
20
20
12
5
21
21
20
20
21
21
21
21
21
20
21
21
21
20
21
21
21
21
21
21
21
20
21
21
21
21
1
7
21
21
21
20
21
21
21
21
21
21
21
20
21
21
21
20
21
21
21
20
22
21
21
21
20
19
1
20
20
22
21
21
21
21
21
20
20
21
20
21
21
21
21
21
21
21
22
21
21
21
21
22
21
18
2
22
21
21
21
21
21
21
21
20
21
21
20
21
21
21
21
21
21
21
21
21
21
21
22
21
21
19
6
20
21
21
21
20
21
21
22
21
20
21
21
20
21
21
21
21
22
20
21
21
21
21
21
21
20
18
8
21
21
21
21
19
21
18
21
21
21
21
20
21
22
21
21
21
21
21
21
20
21
21
21
21
20
17
10
20
21
21
21
21
21
21
21
21
20
20
21
21
21
21
21
21
21
22
21
21
21
21
20
21
20
13
15
21
21
21
21
20
21
21
20
21
21
21
21
21
21
21
21
21
21
20
21
21
21
21
20
20
20
17
1
18
18
18
20
20
21
21
21
20
20
21
21
21
20
21
21
21
21
21
21
21
21
21
21
21
20
19
14
6
5
4
2
19
21
21
21
20
21
21
20
21
21
21
21
20
21
21
21
21
21
21
21
20
20
20
21
20
20
19
22
19
20
21
21
21
21
21
19
21
21
19
21
21
21
21
20
20
21
21
20
21
21
20
20
21
20
21
20
20
20
21
20
20
21
20
21
21
21
20
21
20
21
21
21
21
21
21
20
21
21
21
20
20
20
21
20
19
20
20
21
21
20
22
21
22
21
21
21
20
21
20
21
21
21
21
21
21
21
21
21
21
21
21
21
21
21
21
20
21
21
21
21
21
21
21
21
21
21
20
21
21
21
21
21
21
21
21
21
21
21
20
21
21
20
21
21
20
21
21
21
20
20
21
22
20
20
20
20
21
22
21
21
21
21
21
20
20
20
20
21
20
21
21
21
20
20
21
21
21
21
21
21
21
21
21
20
20
21
21
20
21
21
21
20
21
20
21
21
20
21
20
21
20
21
20
21
19
21
21
21
21
21
20
21
21
21
21
20
21
20
21
20
21
21
20
21
20
21
21
20
20
20
20
21
21
21
