23
23
23
23
22
22
23
23
23
23
23
23
23
23
23
22
22
22
23
23
23
23
23
22
22
22
23
22
22
22
23
23
23
22
23
23
23
23
23
23
23
23
23
23
22
22
23
23
23
22
22
22
22
22
21
21
23
22
23
23
23
23
22
22
22
22
23
23
23
23
23
23
23
23
23
22
22
22
22
22
23
22
22
21
23
23
23
23
23
22
22
22
23
23
23
23
23
23
23
23
23
23
23
22
22
22
22
22
22
22
22
22
23
22
23
23
23
23
23
22
23
22
23
22
22
23
23
23
22
22
23
23
23
22
22
22
22
22
22
22
23
22
23
23
22
23
22
22
22
22
22
22
23
23
23
22
23
22
23
22
23
23
23
21
21
22
22
22
22
22
22
23
22
23
23
22
22
22
22
22
22
23
22
22
22
22
23
23
23
23
22
22
22
22
22
22
23
22
22
22
23
22
23
22
22
22
22
22
22
23
22
22
23
22
22
23
23
23
22
22
23
23
23
23
22
22
23
23
23
22
22
22
22
22
19
16
17
16
22
23
22
22
23
23
22
22
22
22
22
22
22
22
23
22
23
22
22
22
23
22
22
21
16
14
5
4
10
22
23
23
22
22
22
22
22
22
22
22
22
23
23
23
23
23
22
22
22
22
22
22
18
16
21
16
9
23
22
22
22
22
22
22
22
22
22
22
23
21
23
22
23
22
22
22
22
23
22
22
21
16
20
16
10
21
22
22
23
22
22
22
22
23
22
23
22
23
23
22
22
22
23
23
23
22
22
22
22
20
18
8
12
23
22
22
23
22
22
22
22
22
22
22
23
22
23
22
22
22
22
22
22
22
22
22
21
19
16
8
19
23
22
22
22
23
22
22
22
21
23
22
23
22
22
22
22
23
22
22
22
22
22
21
20
17
7
13
23
22
23
22
22
22
22
22
22
22
22
22
23
23
23
23
23
23
22
23
22
22
22
21
19
16
10
23
22
22
22
22
22
22
22
22
21
23
22
23
23
23
22
22
23
23
23
23
22
22
22
20
16
5
14
22
22
22
22
22
22
22
21
22
22
22
23
22
23
22
22
22
22
22
22
22
23
22
22
19
12
5
18
20
21
20
20
22
22
22
22
22
22
22
23
23
22
22
22
23
22
22
22
22
22
22
22
22
17
6
6
4
4
4
6
13
22
22
22
22
22
22
21
22
22
22
22
22
22
23
22
22
23
23
23
22
22
22
17
13
16
18
17
20
22
22
22
22
22
22
23
22
22
22
22
22
22
22
22
22
22
22
22
22
22
22
22
22
23
22
22
22
22
22
22
22
22
23
22
22
23
22
22
22
23
23
23
22
22
22
22
22
22
22
22
22
22
22
22
22
22
22
22
22
22
21
22
22
23
22
23
23
22
22
22
22
23
21
22
22
22
22
23
22
22
22
23
22
22
22
22
22
22
23
22
22
22
22
23
23
22
21
22
22
22
23
22
22
22
22
22
23
22
22
22
22
22
22
22
22
22
22
22
22
23
22
22
23
22
22
22
22
23
22
22
22
22
22
23
22
23
23
22
22
22
22
22
22
22
22
22
22
22
22
22
23
22
23
22
23
22
22
23
23
22
22
22
23
22
23
22
23
22
21
22
22
22
22
22
22
22
22
22
23
23
23
22
22
23
22
22
22
22
22
23
22
22
22
22
22
22
22
23
22
22
22
22
22
22
22
22
22
21
22
22
22
22
22
22
22
22
22
23
22
21
22
22
22
22
22
22
22
22
22
22
22
22
22
