26
26
26
25
26
26
26
27
28
26
26
26
26
27
24
26
25
26
26
26
25
27
27
26
26
26
25
27
26
27
26
26
27
25
25
26
26
25
26
26
26
26
26
26
26
26
25
26
25
26
26
24
25
25
26
26
27
27
25
25
26
27
25
26
26
26
26
26
26
25
26
26
26
25
25
26
25
25
27
26
26
25
26
26
26
25
25
26
26
26
26
26
26
26
26
27
25
25
25
26
25
26
25
27
25
26
27
25
26
26
26
27
26
26
25
26
26
26
25
25
26
25
26
26
25
26
25
26
25
25
26
26
26
27
27
26
26
27
27
28
26
26
25
26
25
25
25
26
26
24
26
26
25
26
25
26
25
26
26
24
25
26
26
26
26
26
26
27
25
26
25
26
26
26
25
26
25
26
26
26
27
26
27
26
25
26
26
26
25
26
26
25
26
27
26
26
26
25
25
26
27
26
26
25
26
24
25
26
25
25
24
25
25
25
25
25
25
27
26
26
24
27
26
25
26
26
26
26
27
26
26
27
25
25
25
26
25
25
25
26
15
23
25
25
25
27
26
26
23
27
26
26
26
25
25
26
27
25
25
26
25
24
25
26
26
25
24
12
12
12
11
24
26
26
26
25
25
26
27
26
26
25
26
25
27
26
26
25
26
26
26
27
26
26
26
26
28
28
11
10
26
26
26
25
26
26
27
26
26
25
26
26
26
26
26
26
26
26
25
26
25
26
26
24
26
26
6
11
27
25
26
26
26
26
27
26
26
26
25
26
26
25
26
26
25
25
26
26
25
26
26
25
25
25
8
11
25
26
26
25
26
26
26
25
26
26
26
26
26
26
26
25
25
25
25
27
26
26
26
25
26
26
11
7
25
26
26
26
26
25
26
26
26
25
26
26
25
26
26
26
26
24
26
26
26
26
27
25
25
21
13
15
25
26
25
25
26
25
25
25
26
26
25
26
26
26
25
27
25
25
26
25
25
25
26
26
25
5
13
28
25
26
23
26
26
26
25
26
25
27
25
27
26
25
26
27
25
26
25
25
26
24
26
25
25
12
9
26
24
28
9
27
25
26
27
25
26
26
26
26
25
26
27
26
25
26
25
27
25
25
26
25
28
13
19
25
20
10
9
24
26
26
26
25
26
26
27
27
23
24
25
26
24
24
26
27
25
25
26
26
8
13
27
14
11
11
27
25
26
26
26
26
26
26
27
26
24
24
27
26
26
26
26
25
24
25
26
29
12
12
12
12
7
26
25
24
26
24
25
26
25
26
27
26
26
25
27
27
26
25
27
26
25
25
26
26
29
12
22
29
27
27
26
26
26
25
25
25
26
26
27
26
26
26
26
26
26
25
27
26
25
26
25
26
26
28
26
26
26
25
25
23
25
28
25
26
26
26
26
27
27
26
26
26
25
26
27
26
26
26
26
24
25
26
26
27
26
25
26
26
26
25
26
26
26
26
26
26
26
25
26
26
25
26
27
25
25
26
27
25
26
27
25
25
26
26
26
27
26
26
26
26
26
25
26
26
25
26
26
27
25
26
26
25
25
26
26
24
26
27
26
26
25
26
25
26
26
25
26
25
26
25
27
27
26
25
25
26
24
26
25
25
26
26
25
25
26
24
26
25
26
26
25
26
26
25
26
26
27
24
26
26
26
25
26
26
25
26
26
25
25
26
25
26
25
25
26
23
26
25
25
27
27
26
27
26
25
26
26
26
25
25
26
25
26
26
25
26
26
27
26
26
26
27
26
26
25
26
26
26
27
25
25
26
