26
26
26
25
25
26
24
25
26
24
26
24
26
25
26
26
24
26
25
26
25
26
27
25
26
25
25
26
25
26
26
26
25
26
25
27
26
26
26
26
26
25
24
26
24
26
25
25
24
25
26
25
27
26
26
26
26
25
26
26
26
26
26
26
26
25
25
25
25
26
24
27
26
25
25
25
26
25
27
26
25
25
26
25
26
26
26
27
26
26
27
26
26
26
26
25
25
26
26
26
26
25
26
25
26
26
27
26
24
26
25
26
25
26
27
25
25
26
25
27
26
26
25
24
26
25
26
24
25
24
26
26
25
26
25
25
26
27
25
26
26
26
26
26
26
26
25
26
25
26
26
25
26
25
26
26
26
25
27
25
25
25
25
25
26
26
27
25
26
25
25
26
25
26
24
26
26
26
26
26
25
24
26
25
25
25
24
25
26
26
25
25
26
26
27
25
26
26
25
26
26
26
25
26
26
24
25
25
27
8
11
9
8
27
25
25
25
26
25
26
26
26
26
25
26
26
27
26
25
27
26
24
27
25
26
26
26
27
11
9
14
8
26
26
25
26
25
25
25
25
26
25
26
26
26
24
24
26
23
26
26
26
26
25
26
26
26
25
29
12
31
25
26
26
25
25
25
26
26
25
26
27
26
26
26
26
25
26
26
27
25
26
26
25
25
25
25
11
29
26
26
26
25
24
25
26
27
24
26
27
26
26
27
26
26
26
26
25
26
26
25
24
25
25
2
8
26
26
25
25
28
19
24
26
26
25
26
26
27
26
25
26
26
26
26
26
26
26
26
26
25
26
12
26
26
25
25
13
10
10
19
27
25
25
26
26
26
26
25
26
25
26
26
26
24
25
26
26
25
8
11
27
25
25
22
10
18
26
26
25
26
26
26
26
26
25
25
26
26
26
26
25
24
26
25
25
29
15
9
25
25
22
12
23
26
25
26
26
26
27
23
27
25
26
26
26
25
25
26
26
28
26
25
25
6
14
29
24
7
11
7
27
25
25
26
26
26
26
26
26
26
26
25
26
26
25
26
26
26
25
26
25
22
11
10
9
15
16
27
26
25
26
26
26
26
25
26
26
26
26
26
26
26
26
26
26
26
26
26
24
26
29
11
10
29
26
26
26
26
26
26
26
26
25
26
26
26
26
26
26
26
26
26
26
25
25
25
26
26
26
26
26
25
25
25
25
25
26
26
26
26
26
26
26
26
26
26
26
26
26
26
25
25
26
26
26
27
26
26
27
26
25
26
25
26
25
26
27
25
26
26
26
26
26
26
26
24
25
26
26
25
26
25
26
25
26
26
25
24
26
27
27
26
26
26
25
26
27
25
26
25
25
26
24
26
26
26
26
26
26
25
25
27
25
25
26
26
26
27
27
26
25
26
26
24
26
26
27
25
26
26
25
26
26
25
26
26
26
26
26
26
26
26
27
26
26
26
26
25
25
26
26
26
25
24
26
25
25
26
26
26
26
26
26
26
25
26
25
27
26
26
27
26
26
27
26
25
25
26
26
26
26
25
25
25
25
25
26
26
26
26
26
25
26
26
26
26
25
26
27
27
26
26
27
25
26
27
27
26
26
26
26
25
26
25
27
26
26
26
26
25
26
26
26
26
25
27
26
26
26
26
24
23
24
26
24
26
26
26
26
26
27
26
26
26
26
26
26
25
27
26
26
26
25
26
26
26
27
26
26
26
24
27
26
25
26
27
27
27
26
25
26
26
26
26
25
27
25
26
26
26
25
26
26
26
26
25
26
26
26
26
25
25
26
