25
27
26
25
26
25
25
28
26
26
25
25
26
26
26
27
27
25
25
24
24
27
24
26
26
25
26
26
26
27
26
26
26
26
26
26
26
26
26
26
25
26
26
27
27
26
26
26
26
25
27
26
25
26
26
25
26
26
26
25
26
26
25
25
27
26
25
26
27
27
26
26
26
25
26
26
24
26
27
25
26
26
26
26
26
26
26
25
25
26
26
26
27
26
25
27
26
27
26
26
26
26
27
26
25
26
27
26
26
27
26
27
27
26
25
25
25
26
26
26
26
27
26
26
26
26
26
26
27
25
25
26
27
25
26
27
25
26
27
26
26
26
26
25
26
27
25
25
26
27
26
26
26
26
26
25
25
26
26
26
27
26
26
28
26
26
26
27
27
26
26
27
26
26
25
28
26
26
25
26
26
26
26
25
26
26
25
26
26
25
26
25
27
26
28
27
27
25
25
26
27
27
24
29
26
26
25
26
25
26
25
25
26
25
25
27
25
26
26
26
27
26
25
24
25
25
25
26
27
27
23
27
25
27
25
26
25
26
27
26
26
25
26
26
26
26
25
26
26
26
26
26
26
26
26
26
26
26
26
27
5
25
24
26
26
26
27
27
26
26
27
27
26
26
25
26
27
25
25
26
26
25
24
26
27
26
25
30
12
11
8
26
25
25
24
26
26
24
26
26
26
26
26
25
26
26
26
25
25
26
26
27
27
26
24
26
29
11
11
11
11
25
26
26
25
26
26
26
27
26
25
26
26
26
26
26
26
26
25
26
28
25
26
25
26
26
27
12
12
14
26
25
25
26
25
26
23
26
26
26
25
26
25
25
26
27
24
25
26
25
26
26
25
26
25
26
11
9
26
26
25
26
26
26
26
25
27
26
26
27
26
27
26
26
26
26
26
26
25
26
25
25
25
25
8
12
26
25
26
24
26
26
26
27
26
26
26
25
26
24
26
26
26
26
26
25
26
26
26
25
25
27
12
9
26
26
26
25
25
26
26
26
26
26
26
26
27
26
25
26
25
27
27
27
26
26
25
25
25
0
12
29
25
26
24
26
27
26
25
26
26
25
24
26
27
25
27
25
26
26
26
25
25
27
26
26
13
11
8
25
25
24
9
10
14
25
24
26
27
25
25
26
24
24
26
26
27
26
26
26
26
26
26
26
13
12
8
9
8
11
11
14
27
26
25
25
27
25
26
26
24
26
27
25
25
26
26
25
25
25
25
25
28
12
12
12
10
30
25
26
26
26
26
26
26
26
25
26
26
24
26
25
26
26
26
26
25
26
26
25
26
27
27
27
26
25
26
27
26
26
26
26
26
25
25
25
26
26
26
25
26
27
26
26
26
26
26
25
26
26
26
26
26
26
25
26
27
26
26
25
25
25
27
26
27
26
25
26
26
27
26
26
26
26
25
25
26
26
25
26
26
26
26
26
26
25
26
26
26
26
25
27
26
26
26
25
27
27
26
26
25
26
25
26
26
26
25
26
27
26
26
27
26
26
26
26
26
27
26
26
26
25
27
26
26
26
25
25
25
26
26
25
25
26
26
25
26
25
25
27
26
26
25
26
27
27
27
26
26
26
26
26
27
27
26
26
26
26
26
26
27
26
26
26
26
25
25
26
25
26
26
26
27
26
27
26
26
26
26
27
26
27
26
26
26
26
23
26
26
26
27
25
26
26
25
26
25
26
26
25
25
27
26
26
26
26
25
26
25
27
26
26
26
27
25
27
25
26
26
26
26
26
25
26
26
26
26
26
26
26
27
27
26
26
