27
26
27
26
25
25
27
26
25
27
25
27
26
26
26
25
27
26
26
25
25
26
26
26
26
26
26
26
26
26
26
26
26
25
26
26
26
26
25
25
26
26
26
24
25
27
26
25
25
26
26
26
25
25
26
27
26
26
24
27
25
25
26
27
26
26
23
27
27
27
25
27
25
26
26
25
25
26
27
27
25
25
26
27
26
25
25
26
27
26
26
27
26
27
24
26
26
25
26
26
24
25
25
26
26
26
27
27
26
25
26
27
27
26
26
27
26
26
26
27
27
27
26
26
26
27
26
25
25
26
27
26
26
25
27
26
26
26
26
27
26
25
27
26
26
26
25
26
25
25
26
26
27
27
25
25
25
26
27
26
26
25
27
26
27
26
26
26
27
26
26
26
26
28
26
26
26
26
26
26
26
26
26
25
26
26
25
24
25
26
27
26
27
26
26
27
26
25
26
26
25
26
24
26
26
25
26
26
26
26
26
24
27
26
25
26
25
26
27
27
28
26
24
27
26
27
26
27
25
26
26
26
26
26
26
26
25
26
25
26
26
26
25
27
25
26
26
26
28
26
26
26
26
26
26
26
26
26
25
26
26
25
26
26
25
25
26
25
26
26
26
25
24
24
26
26
25
26
26
26
26
26
25
24
25
25
26
26
26
26
26
25
25
25
25
25
26
26
26
25
26
26
26
26
26
26
26
26
25
26
26
25
26
26
25
26
26
26
27
16
7
27
25
25
26
26
25
26
25
26
26
25
26
27
26
25
26
26
27
25
26
25
26
26
26
26
29
12
12
12
13
25
26
25
25
25
25
24
27
27
26
25
25
27
26
26
25
26
25
27
26
27
26
26
26
29
25
11
11
27
26
26
25
25
25
24
25
26
25
26
26
27
26
26
26
26
24
26
26
26
26
26
26
26
25
28
12
2
26
26
26
25
26
25
26
26
25
25
26
25
26
27
26
26
24
25
27
26
26
24
25
25
26
26
12
2
25
27
25
24
24
26
26
28
26
26
26
26
26
26
24
27
27
26
26
26
26
26
25
25
26
25
15
4
26
26
26
26
27
27
26
25
25
26
26
27
25
28
25
26
26
26
26
26
25
26
26
25
25
28
14
28
25
26
24
27
27
27
26
24
26
27
25
26
27
26
26
25
26
27
27
26
26
27
25
25
27
9
12
26
26
25
26
26
26
27
26
25
25
26
26
26
25
25
26
25
25
26
27
26
26
27
26
25
10
13
27
25
26
10
11
29
26
26
26
27
26
26
26
27
26
28
27
26
27
26
26
26
26
26
27
9
12
11
6
8
11
11
29
25
26
26
25
25
25
25
26
25
26
27
26
26
27
26
26
26
26
27
26
9
12
13
13
12
10
28
26
25
26
26
26
25
26
26
26
26
26
27
25
26
26
26
25
27
27
25
26
26
28
29
27
27
26
26
26
26
24
27
26
25
24
26
26
24
25
26
25
26
26
26
27
27
26
25
26
26
26
26
27
26
26
26
26
26
26
26
27
25
26
26
26
27
26
25
26
26
27
26
27
26
25
26
26
26
26
25
26
27
26
27
26
26
25
26
26
25
25
26
27
27
25
27
25
25
27
27
27
27
25
26
26
26
26
26
26
28
26
27
27
26
25
26
26
26
27
25
26
26
26
26
26
25
27
26
25
27
25
26
26
25
26
26
25
28
26
26
26
26
27
26
24
26
26
26
26
26
26
26
27
26
27
25
26
27
26
26
25
25
25
26
26
27
27
26
25
25
25
26
27
25
26
26
27
26
