23
25
25
25
25
25
25
25
25
25
25
25
25
25
26
24
25
25
26
26
25
26
25
26
24
26
26
26
24
25
24
24
25
23
25
25
26
24
25
24
26
26
25
25
25
26
26
26
25
25
26
25
25
26
27
26
25
25
25
25
26
25
25
25
26
25
25
26
25
26
26
25
25
26
26
25
25
24
26
26
25
27
27
25
25
26
24
25
25
25
25
25
25
24
25
25
26
26
25
24
25
25
25
25
26
26
26
25
25
26
26
26
25
25
25
23
25
26
26
26
26
25
26
25
26
26
26
25
24
25
25
25
25
26
26
25
25
25
26
26
25
25
25
25
25
25
25
26
25
26
26
25
25
26
25
25
24
25
25
25
25
27
25
25
25
26
27
26
25
25
25
24
25
24
24
26
25
25
25
26
26
25
25
17
22
23
24
25
24
25
26
26
26
26
26
25
25
26
25
26
25
26
26
25
25
26
25
25
26
26
28
11
12
6
18
25
24
25
25
25
27
26
26
26
25
24
26
25
26
26
25
26
26
25
25
25
27
26
25
28
13
12
11
8
24
25
25
24
26
25
26
25
26
25
25
25
24
25
25
25
26
26
24
25
26
26
26
25
25
27
27
10
2
25
25
25
26
26
25
26
26
25
25
24
25
25
25
26
26
25
26
27
26
25
26
26
25
25
25
10
8
25
25
26
26
26
26
26
25
26
26
25
25
24
26
26
25
26
26
25
25
25
26
26
25
25
24
3
6
26
26
26
26
26
26
26
26
25
24
26
24
25
25
26
25
26
26
25
25
26
26
25
26
24
22
11
24
25
26
25
26
26
26
26
25
26
25
25
25
26
25
25
26
25
26
26
26
25
25
25
24
25
9
12
25
24
25
24
26
26
26
26
27
26
26
26
26
23
26
26
26
25
25
25
26
26
26
26
25
5
11
7
23
24
23
23
25
26
25
26
25
26
24
25
26
25
26
23
25
25
25
26
25
26
26
26
26
11
11
8
26
26
22
30
26
26
26
28
26
25
24
25
26
26
26
25
25
25
26
26
25
26
26
26
25
10
10
13
10
10
11
9
27
26
26
26
26
26
25
25
26
25
25
25
25
25
26
25
27
26
26
26
26
26
26
27
28
27
28
27
26
27
26
26
25
25
25
26
26
25
25
25
26
26
26
24
26
27
26
25
25
26
25
25
24
24
26
26
25
26
25
26
25
25
24
26
26
25
25
25
26
26
25
25
25
26
26
26
26
26
26
26
26
27
27
26
26
25
26
26
26
25
26
26
26
24
25
25
25
26
26
25
25
24
25
25
26
25
26
26
26
27
26
26
26
26
25
27
25
25
25
26
26
24
27
25
25
25
26
25
26
26
25
26
26
25
25
26
25
26
25
26
27
25
26
26
26
25
26
26
25
23
26
25
26
25
26
26
26
25
26
26
25
26
26
26
25
26
26
26
26
26
25
26
26
26
26
26
26
26
26
26
26
27
26
26
25
26
24
25
27
26
26
26
25
26
26
26
25
26
25
25
26
25
26
25
27
25
25
26
24
26
26
26
26
25
27
25
26
26
26
25
26
27
26
26
25
27
27
25
26
26
25
25
26
25
25
25
26
26
27
26
25
25
27
25
26
25
26
26
24
26
26
25
27
25
26
24
25
25
25
25
26
26
24
26
26
26
26
26
25
24
26
26
24
27
25
25
25
26
27
27
26
26
25
25
25
26
25
25
25
24
25
26
26
25
26
25
25
25
25
26
26
25
25
26
26
26
25
26
26
25
26
27
