23
23
23
23
23
23
23
23
23
23
23
22
23
23
23
23
23
23
23
23
23
23
23
23
23
23
23
22
23
23
23
23
22
22
23
23
23
23
23
22
23
23
23
23
23
23
23
23
23
23
23
23
23
23
23
23
23
23
23
23
22
23
23
23
23
23
23
22
23
23
23
23
23
23
23
23
23
23
23
23
23
23
23
23
23
23
22
23
23
23
23
23
23
23
23
22
23
23
23
23
23
23
23
23
23
23
23
23
23
23
22
23
23
23
23
23
23
23
23
22
23
23
23
22
23
23
23
23
23
23
23
23
23
23
22
23
22
23
23
22
23
23
22
23
23
23
22
23
22
22
20
23
23
23
23
23
23
23
23
23
23
22
23
22
23
23
23
22
23
23
23
23
23
22
23
23
23
23
22
23
23
23
23
23
23
23
23
23
23
23
23
23
23
23
23
23
23
23
23
23
22
22
23
23
23
23
2
1
12
22
23
23
23
23
22
23
23
23
23
23
23
23
23
23
23
23
22
23
23
22
23
23
23
1
1
8
0
0
23
23
23
23
22
23
23
23
23
23
23
23
23
23
23
23
23
23
22
22
22
23
23
21
23
24
25
1
19
23
23
23
22
23
23
23
23
23
23
23
23
23
23
23
23
23
21
23
23
23
23
23
23
23
23
26
1
23
23
23
22
23
23
23
23
23
23
23
23
22
23
23
22
23
22
23
20
22
23
23
23
23
23
24
0
23
23
23
23
23
23
23
23
23
23
23
23
23
23
23
23
23
23
23
22
23
23
23
23
23
23
27
2
23
23
23
23
23
23
23
23
23
23
23
23
23
22
23
22
23
23
23
22
23
23
23
23
23
22
0
27
23
23
23
23
23
23
23
23
23
23
23
23
23
23
22
23
23
23
23
23
23
23
23
23
23
24
0
24
23
23
23
23
23
23
23
23
23
23
23
23
23
23
23
23
23
23
23
23
23
23
23
23
23
5
2
23
23
23
23
23
23
23
23
23
23
23
22
23
23
23
23
23
22
23
23
23
23
22
23
24
26
1
26
23
24
23
23
23
23
23
23
23
23
23
23
23
23
23
23
22
23
23
23
23
23
23
23
27
1
6
25
22
24
25
24
23
23
23
23
23
23
23
23
23
23
23
23
23
23
23
23
23
23
23
24
1
0
0
1
0
0
1
1
0
1
23
23
23
23
23
23
23
22
23
23
23
23
23
23
23
23
23
25
4
26
25
25
24
24
27
26
19
23
23
23
23
23
23
23
23
23
23
23
23
23
23
23
23
23
23
23
24
24
24
24
24
24
24
24
23
23
23
23
23
23
23
23
23
23
23
23
23
23
23
23
23
23
23
24
23
23
23
23
23
23
23
23
23
23
23
23
23
23
23
23
23
23
23
23
23
23
23
23
23
23
23
23
23
23
23
23
23
23
23
23
23
23
23
23
23
23
23
23
23
23
23
23
23
23
23
23
23
23
23
23
23
23
23
23
24
23
23
23
23
23
23
23
23
23
23
23
23
22
23
23
23
23
23
23
23
23
23
23
23
23
23
23
23
23
23
23
23
23
23
23
23
23
23
23
23
22
23
23
23
23
23
23
23
23
23
23
23
23
23
23
23
23
23
23
23
23
23
23
23
23
23
23
23
22
23
23
23
23
23
23
22
23
23
23
23
23
23
23
23
23
23
23
23
23
23
23
23
23
23
23
23
23
23
23
23
23
23
23
23
23
23
23
23
23
23
23
23
23
23
23
23
23
23
23
23
23
23
23
23
23
