25
25
26
25
25
25
25
26
24
25
25
25
25
25
25
25
25
26
25
25
25
25
26
25
25
26
26
27
24
26
25
25
25
25
25
24
25
25
25
25
26
24
25
25
25
25
25
25
25
25
27
25
26
26
26
26
25
25
25
25
24
25
24
24
24
24
24
24
24
24
26
24
25
25
25
27
25
25
25
24
28
26
25
25
25
25
26
25
25
24
22
11
10
17
16
16
12
13
23
26
25
25
25
25
25
25
25
25
25
25
25
25
25
26
24
24
25
25
10
10
14
23
23
13
14
14
15
21
25
26
25
25
25
25
25
25
25
25
25
25
26
26
25
25
25
25
24
24
23
25
24
24
24
24
14
11
15
23
25
25
25
26
26
25
25
25
25
25
25
25
25
26
25
25
26
25
24
24
24
24
24
24
24
17
16
17
25
25
25
25
25
25
25
25
25
25
25
25
25
25
25
25
25
26
25
25
25
25
25
25
24
23
8
13
26
25
25
27
25
24
26
25
25
25
26
25
25
25
25
25
25
25
24
25
24
25
24
24
25
24
14
11
13
24
25
25
25
24
25
25
24
25
25
25
26
25
31
25
26
25
24
24
25
25
25
25
24
25
23
20
18
25
25
26
25
25
25
25
25
25
28
27
25
25
25
27
25
25
25
25
24
25
24
24
24
24
23
12
17
24
24
25
26
25
25
25
25
26
26
25
25
25
25
25
25
25
25
25
26
25
24
24
26
25
16
11
23
25
26
25
25
25
25
25
25
25
25
26
25
25
25
26
26
25
25
25
24
25
25
24
25
24
15
11
23
25
25
25
25
26
25
25
25
26
26
25
26
25
25
26
25
25
26
25
25
26
24
26
24
23
10
13
24
24
25
25
25
25
25
25
26
25
26
26
26
25
25
25
24
25
25
25
25
25
24
25
25
16
17
24
25
26
25
25
25
25
25
25
25
24
25
25
26
25
25
24
24
25
25
24
25
24
25
25
22
13
17
25
25
25
25
25
25
26
25
26
25
25
25
26
25
25
25
25
25
25
25
25
25
24
25
23
14
12
24
25
25
25
25
26
26
25
26
25
25
25
25
25
25
25
25
25
25
24
24
25
24
25
24
16
12
23
24
25
25
25
25
25
25
24
25
25
25
24
25
25
25
25
25
25
25
25
25
25
24
22
17
15
24
24
25
24
25
25
25
25
25
25
26
25
25
25
27
25
25
24
25
24
24
24
24
24
17
14
12
25
25
24
25
24
25
25
25
25
25
25
28
25
26
26
25
25
25
25
25
25
24
24
23
13
10
17
24
24
24
25
24
25
25
24
25
25
25
25
25
25
25
25
27
24
25
25
24
24
22
12
11
17
23
24
24
25
24
24
25
24
24
24
25
25
25
26
25
24
25
25
25
24
25
24
14
12
13
10
10
16
12
15
12
12
15
18
24
25
24
24
24
25
25
25
25
24
25
25
25
25
24
24
10
10
10
9
9
10
10
9
11
9
16
12
19
15
12
18
12
15
12
15
24
25
25
25
25
25
25
24
24
24
24
24
24
24
24
24
24
24
24
23
23
22
23
14
10
11
10
11
23
25
25
25
25
25
25
25
25
25
25
25
24
25
24
25
25
24
24
24
25
24
25
24
24
24
23
24
25
24
25
26
26
25
25
25
25
24
26
25
25
25
25
25
25
24
25
24
24
25
25
25
25
25
25
25
25
25
26
25
25
25
26
25
25
25
25
25
25
24
25
25
25
26
24
24
24
25
25
25
26
25
25
25
25
25
25
25
