21
21
21
21
22
22
21
21
21
21
21
21
21
21
21
22
22
22
21
22
21
22
22
21
21
21
21
21
21
21
21
21
21
22
22
21
21
21
21
21
21
21
21
21
22
22
22
21
21
22
22
21
21
21
21
21
21
21
21
21
21
21
22
21
20
21
21
21
21
21
21
22
21
21
21
21
20
18
21
21
22
21
21
21
21
21
21
21
22
21
22
21
21
22
21
21
22
22
22
22
22
22
22
22
22
21
20
21
22
22
21
21
21
21
20
21
21
21
21
21
20
21
21
21
22
21
20
21
21
21
22
22
22
22
22
21
22
22
21
21
21
21
21
21
21
22
21
21
21
21
21
21
21
21
21
22
21
21
21
21
21
21
21
21
21
22
21
22
21
21
21
21
21
21
21
21
20
22
21
21
22
21
21
21
21
21
22
22
21
22
22
22
21
21
21
21
21
21
21
22
21
20
21
20
20
21
22
21
21
22
21
21
20
22
22
21
21
21
22
21
22
22
21
21
21
21
21
21
22
21
21
21
21
21
4
8
2
3
6
16
21
22
22
22
22
22
21
21
21
21
22
21
21
21
21
21
22
22
21
21
20
7
3
1
1
16
2
3
6
17
22
21
21
22
22
21
21
22
21
21
21
21
21
21
21
21
22
21
20
1
1
3
21
20
20
11
3
5
19
21
21
22
21
21
21
21
22
21
21
21
21
21
21
21
21
21
20
0
4
21
21
21
22
20
12
1
8
21
21
21
21
21
22
21
21
21
21
21
21
22
22
21
21
21
19
2
7
21
21
21
21
21
19
1
3
21
22
22
21
21
22
21
21
21
21
21
21
21
21
20
21
21
19
2
10
22
22
21
21
21
18
1
7
21
20
22
21
21
21
21
20
21
21
21
20
21
21
21
21
21
19
1
11
22
21
21
21
22
17
1
10
21
21
21
22
22
22
21
21
21
21
21
21
21
21
21
22
21
20
1
7
21
22
21
21
21
10
2
18
21
21
22
21
22
22
21
20
22
21
21
21
21
21
21
21
21
20
2
5
14
21
21
22
20
2
1
21
22
22
21
21
21
21
21
21
21
21
21
21
21
21
21
22
21
20
15
3
5
21
20
22
2
2
17
21
21
21
22
21
22
21
21
21
21
21
21
21
22
21
21
21
21
21
18
1
3
7
15
0
1
16
21
21
20
21
21
21
21
21
21
21
21
21
22
21
21
21
21
21
21
21
20
18
12
1
0
1
13
21
21
21
21
21
22
21
21
21
21
21
21
21
21
21
21
21
21
21
21
21
20
20
19
18
18
20
22
21
22
21
22
22
21
22
21
22
21
21
21
21
21
21
21
21
21
21
21
21
20
21
21
21
20
21
21
21
22
21
21
21
21
21
22
21
20
21
21
21
21
21
21
21
20
20
21
21
20
21
22
21
21
21
22
22
21
21
22
21
20
21
22
22
21
20
21
21
21
21
21
22
21
21
21
22
20
21
21
20
20
20
21
20
22
21
21
21
20
21
22
22
22
21
21
21
21
21
20
21
21
21
21
21
21
21
22
19
21
20
22
21
22
21
21
21
21
21
21
21
21
21
21
21
21
22
21
21
21
21
21
22
21
20
20
18
21
21
22
22
22
22
22
22
22
22
22
22
21
22
22
21
21
21
21
21
21
22
21
21
21
20
21
19
21
21
22
22
21
21
21
21
22
21
21
21
21
21
22
21
21
21
21
20
21
21
20
19
22
21
20
21
21
22
21
21
22
22
21
22
22
21
21
22
21
21
21
