19
20
19
20
20
21
19
21
20
20
20
20
20
20
20
20
20
20
19
20
20
20
20
20
20
19
20
20
20
20
20
20
20
19
20
20
21
20
20
20
19
20
20
20
20
20
20
20
20
20
20
20
20
21
20
20
20
21
19
20
21
20
20
19
19
20
20
20
20
20
20
20
19
20
20
21
21
20
20
20
20
19
19
20
20
20
20
20
21
20
20
20
20
19
20
19
19
20
21
19
19
19
19
20
21
20
20
20
20
22
20
19
19
19
20
20
20
19
20
20
21
20
20
20
19
20
19
20
20
20
19
20
20
19
20
20
20
21
20
20
20
19
19
19
20
20
21
20
19
19
20
20
20
20
20
20
20
20
20
20
20
20
20
20
21
20
20
20
19
20
19
19
19
20
20
20
20
20
20
20
20
20
19
19
20
20
20
20
20
20
20
20
20
19
20
20
20
20
19
20
19
19
21
19
20
20
20
20
20
20
20
20
20
19
20
20
20
20
20
20
20
19
20
20
20
19
20
20
19
20
20
20
19
20
20
20
2
1
2
1
11
20
20
19
20
21
20
19
20
21
20
20
20
19
19
19
19
19
20
19
19
20
1
1
1
17
19
0
2
1
19
19
20
20
20
20
20
20
20
18
20
19
19
19
20
20
19
20
18
19
3
16
2
19
19
20
4
2
14
18
20
20
20
19
19
19
19
19
20
18
19
19
20
19
20
20
21
7
1
19
19
20
20
20
20
0
1
19
20
19
20
20
20
20
19
21
20
20
19
19
19
20
20
19
21
4
1
19
19
21
19
20
20
0
0
19
20
20
20
19
20
21
20
20
19
20
19
20
19
20
20
20
20
2
0
20
20
21
21
19
19
0
1
19
20
20
20
20
20
20
20
20
20
19
20
20
20
20
20
20
20
4
2
19
19
20
20
20
20
2
11
19
19
20
20
21
20
20
20
19
20
19
20
20
20
20
20
19
20
9
2
18
19
19
19
19
16
2
17
20
19
20
20
19
21
20
19
20
20
19
19
20
20
20
20
19
20
16
2
16
20
20
21
19
6
1
20
19
20
20
20
21
20
19
20
20
20
20
20
19
19
20
20
20
19
19
2
0
18
20
20
15
1
3
20
20
19
20
20
20
20
20
20
20
21
20
19
20
20
20
20
20
19
21
18
2
2
15
16
1
1
18
20
18
20
20
19
19
20
20
20
20
19
20
19
19
20
20
21
19
19
19
19
12
1
3
2
0
18
20
20
19
21
20
20
20
19
20
21
20
20
20
21
19
19
20
20
20
20
20
19
19
18
18
18
19
19
20
21
19
20
20
20
20
20
20
20
20
20
20
19
20
20
20
19
20
20
20
19
20
20
19
20
21
20
20
20
20
20
19
20
20
20
20
20
20
19
20
20
19
19
21
21
20
20
20
20
21
20
20
20
20
19
20
20
20
20
20
20
20
20
20
19
19
20
20
20
20
20
20
21
20
20
20
20
19
19
20
19
20
19
20
20
19
20
20
20
20
20
19
20
20
19
20
19
20
19
20
20
20
19
19
20
20
20
19
20
20
20
19
20
19
20
20
19
20
19
20
20
21
20
19
20
20
20
20
20
20
20
20
20
20
20
20
20
20
20
20
20
19
20
20
20
20
20
20
20
20
19
20
20
20
20
20
19
20
19
19
20
21
19
20
20
20
20
19
20
20
20
20
20
20
19
19
20
20
19
20
20
20
20
20
20
20
20
21
20
20
20
20
20
20
20
20
20
20
19
20
20
20
19
20
20
20
