19
20
20
20
19
20
20
21
21
20
20
19
20
20
19
19
20
20
19
20
20
20
19
19
19
20
20
19
19
20
20
21
21
20
19
20
20
20
19
20
19
20
20
20
19
20
20
20
20
20
19
19
20
19
19
20
20
20
20
21
20
21
20
21
20
19
20
21
20
20
20
19
20
20
20
20
19
20
20
19
19
20
19
20
20
19
20
20
20
21
20
20
20
20
20
20
19
18
20
19
20
19
18
19
19
20
20
19
20
19
20
19
20
21
21
20
20
20
19
17
20
20
20
19
20
20
20
19
20
19
20
20
19
20
19
19
19
20
20
20
21
20
20
21
20
21
21
19
20
20
20
21
21
20
20
19
20
20
20
20
19
20
20
20
20
19
20
20
20
20
21
19
20
21
20
20
20
20
19
20
19
21
19
20
19
19
19
21
20
19
19
19
20
20
20
20
20
20
19
20
20
21
20
21
20
20
19
19
20
21
21
20
19
20
20
20
19
20
20
20
20
20
20
20
21
21
21
20
19
19
20
19
20
20
20
4
0
1
3
16
19
20
20
20
19
19
19
20
19
20
20
20
20
20
21
19
21
20
19
20
20
20
6
1
14
18
9
1
5
20
20
20
19
20
20
19
19
19
20
20
18
20
20
20
21
21
20
21
20
20
4
2
21
21
19
20
0
1
20
19
20
19
20
20
20
20
20
20
20
20
21
21
21
20
19
20
20
20
4
2
20
20
20
20
8
2
16
19
20
19
19
20
20
20
19
20
20
20
21
20
21
21
20
20
20
19
3
15
20
20
20
20
19
0
4
19
20
20
20
20
19
20
20
20
20
21
20
19
20
20
20
20
20
12
0
19
21
19
20
20
20
6
1
20
20
20
19
20
20
20
20
19
20
20
20
19
21
20
20
21
20
3
0
19
20
20
19
21
21
7
0
20
19
20
19
20
20
20
19
19
20
21
20
20
20
21
20
20
20
2
0
20
20
20
20
20
19
0
1
20
19
19
20
19
19
19
21
19
21
20
20
20
20
21
19
20
20
0
1
20
20
19
20
20
1
1
16
20
19
20
19
20
20
19
20
20
20
20
20
21
21
20
21
21
20
1
1
16
19
21
21
13
2
2
19
20
19
19
21
20
19
19
20
20
20
21
21
20
21
21
20
20
21
19
2
1
17
18
2
2
2
19
19
19
20
20
20
20
20
20
19
20
21
20
20
20
21
20
20
20
20
21
19
12
1
0
4
19
19
20
20
20
19
18
20
20
19
20
19
20
21
20
20
20
19
20
21
21
21
20
20
20
19
21
20
19
19
20
20
20
19
20
19
19
20
20
20
20
20
20
20
21
20
20
20
21
21
20
20
20
21
21
20
20
20
20
20
20
20
19
20
20
20
19
19
19
20
20
21
20
21
20
21
20
20
20
20
21
20
20
20
20
20
20
19
19
20
20
19
19
20
21
20
20
20
20
20
20
21
20
20
20
21
20
20
20
21
20
20
20
20
20
20
19
20
19
20
19
20
19
20
20
20
20
21
20
20
21
20
20
20
20
20
20
20
19
20
20
20
20
19
20
20
19
19
20
19
20
20
19
21
20
19
21
21
20
21
20
20
19
20
20
20
20
20
20
20
19
20
20
20
20
20
19
20
20
19
19
20
21
20
20
20
20
21
21
19
20
20
20
20
20
20
20
20
18
20
20
19
20
19
20
20
20
20
21
20
20
20
20
20
20
21
20
19
20
20
20
20
19
20
18
20
19
20
19
20
19
20
20
20
20
19
19
