21
21
21
21
21
22
20
21
21
20
21
21
21
21
21
21
21
21
21
22
21
20
21
21
21
21
20
20
21
21
21
21
21
21
21
21
21
21
20
21
22
20
21
21
21
21
20
20
22
21
20
21
20
21
21
20
21
21
21
21
22
21
21
21
21
21
21
21
20
21
21
21
21
21
20
21
21
20
20
20
21
20
21
20
21
21
21
21
21
21
21
21
21
21
20
21
21
21
21
21
21
21
21
21
21
20
20
20
20
20
20
20
21
21
21
21
22
21
21
22
21
21
21
21
20
20
21
21
21
21
21
21
21
21
21
20
20
21
21
20
21
21
21
20
21
21
22
20
20
21
21
21
21
21
21
22
20
21
21
20
21
20
20
21
20
21
21
20
19
21
22
22
21
21
21
21
22
21
21
20
21
20
22
20
20
21
20
21
21
21
21
22
20
21
21
21
20
20
22
21
20
20
21
21
21
20
20
21
20
21
22
21
20
21
21
20
20
21
20
20
21
21
21
20
21
21
22
21
21
21
22
21
21
20
20
3
2
2
1
16
20
21
21
20
21
21
21
21
21
21
20
20
21
21
22
21
21
21
20
22
21
21
1
0
14
18
9
1
1
21
21
21
21
21
21
21
20
21
21
21
21
21
22
21
20
21
21
21
21
20
1
0
2
21
21
16
1
15
20
20
21
21
21
21
20
20
21
20
21
21
22
19
21
21
21
22
21
16
2
21
21
21
20
21
4
1
20
21
21
20
20
21
20
21
20
21
21
22
21
21
21
22
21
21
21
11
5
20
21
21
20
21
19
3
9
21
21
21
20
21
21
21
21
21
20
21
21
21
21
20
20
22
21
1
1
20
20
20
20
19
21
0
3
21
20
21
20
21
20
21
21
20
21
21
21
21
21
21
21
21
21
1
1
21
21
21
21
20
21
1
6
20
21
21
21
21
21
20
21
20
21
21
22
22
21
21
21
21
21
5
1
21
20
21
21
21
17
2
17
21
22
21
20
20
21
21
20
20
21
21
21
21
21
20
21
21
21
2
2
21
21
20
21
21
0
1
20
20
21
21
21
21
21
21
21
20
22
21
20
21
21
21
21
20
20
17
3
18
20
22
19
1
1
18
21
21
21
21
21
21
21
20
20
20
21
21
21
21
20
22
21
22
21
19
1
2
6
18
2
2
4
20
21
21
21
20
21
20
21
20
20
21
21
21
21
21
21
22
21
21
20
22
18
1
1
1
0
16
20
20
20
21
21
21
22
21
20
21
21
21
22
22
22
21
21
21
21
21
21
21
21
21
19
20
20
21
21
22
19
21
20
21
21
20
21
21
21
20
21
20
21
21
21
21
20
21
21
21
21
22
21
21
22
21
20
21
20
21
21
20
21
21
21
20
21
21
20
22
21
21
22
21
21
21
22
21
22
21
20
21
21
21
21
22
20
21
21
21
21
21
20
21
20
21
21
22
21
21
21
21
21
22
22
21
21
21
20
21
21
21
21
21
21
21
21
21
20
21
21
20
20
20
21
21
22
21
20
21
21
21
22
21
21
21
21
20
21
21
21
21
21
21
21
21
21
21
21
21
21
19
21
21
21
21
21
20
20
21
21
20
21
20
20
22
21
21
21
21
20
21
21
21
20
21
20
21
20
22
21
21
21
21
21
21
21
21
21
21
21
21
21
22
22
21
21
21
21
21
20
20
21
20
21
20
21
21
21
21
21
22
20
21
21
21
21
21
21
21
21
20
20
21
21
21
21
21
21
21
21
20
21
20
20
21
