21
21
20
21
20
21
21
20
20
20
20
20
20
21
21
21
21
21
20
21
20
20
21
21
20
20
20
20
21
20
20
21
21
20
21
21
20
21
20
21
20
21
21
20
20
20
21
20
21
21
20
21
21
21
21
20
20
20
20
20
20
21
21
20
20
20
21
20
20
21
20
21
20
20
21
21
20
21
20
20
20
21
21
20
20
20
21
21
21
21
21
21
20
20
20
20
20
20
20
21
20
20
20
21
21
20
21
21
21
20
20
20
21
20
20
20
20
20
20
20
20
20
20
20
20
20
20
21
21
21
21
21
21
20
21
21
20
20
21
21
21
21
21
21
20
21
21
20
20
20
20
20
20
21
20
20
20
20
21
20
20
21
20
20
20
21
21
20
21
20
20
20
21
21
20
20
20
20
20
20
21
21
20
20
20
20
21
20
21
21
21
21
21
21
21
21
21
20
20
21
21
21
20
20
20
20
19
20
21
20
18
17
20
21
20
20
20
21
21
21
20
21
21
21
20
21
21
21
20
20
20
20
20
20
20
19
11
1
2
1
4
14
21
20
20
20
20
21
20
21
20
20
21
21
21
20
21
21
20
20
20
20
18
1
1
1
16
16
1
6
19
20
20
20
21
21
20
21
20
20
21
21
21
20
20
21
21
20
20
19
13
3
1
12
14
19
12
6
15
21
21
21
20
21
21
21
20
21
20
20
20
20
20
20
21
20
20
19
1
5
17
18
20
19
15
4
11
21
20
20
20
21
21
21
21
20
20
20
20
21
20
20
21
21
20
18
2
8
21
21
20
19
16
4
12
21
21
20
21
21
21
20
21
20
21
20
20
20
21
20
20
21
18
17
3
10
20
21
21
20
15
5
12
21
21
21
21
21
21
21
20
20
20
19
20
20
20
20
20
20
19
15
6
13
20
20
19
19
17
5
13
21
20
21
21
21
21
21
21
21
21
20
20
20
20
20
20
20
19
12
6
14
21
19
20
20
16
4
14
21
21
21
21
21
20
21
21
20
20
20
20
20
20
20
20
20
18
12
6
11
21
20
21
19
15
5
17
20
21
20
20
20
21
20
20
20
20
20
20
20
20
20
20
20
19
17
1
6
14
20
21
17
2
6
20
21
21
21
21
20
21
21
20
21
20
20
20
20
21
20
20
21
20
19
13
1
5
11
14
2
2
13
21
21
20
20
20
20
21
21
20
20
20
21
20
20
21
21
20
20
20
20
18
16
7
0
1
1
12
21
21
21
21
21
21
21
21
21
20
21
20
20
20
20
20
20
20
20
20
21
20
19
19
17
17
20
21
20
21
21
21
20
21
21
20
21
20
21
20
20
20
21
21
21
21
20
20
20
20
20
20
21
21
21
21
21
21
21
21
21
21
21
21
21
21
21
20
21
20
20
21
20
21
20
20
21
20
21
21
21
21
21
21
21
21
21
21
21
21
21
21
21
21
21
20
20
21
21
21
20
20
20
20
21
21
20
21
21
20
20
21
20
21
21
21
20
21
21
21
21
21
21
20
20
21
20
21
21
21
21
21
20
20
20
21
20
21
20
21
21
20
20
21
21
21
21
21
21
21
21
20
20
21
20
21
21
20
20
21
21
20
21
21
21
21
21
20
21
21
21
20
21
21
20
21
21
21
21
20
20
21
20
21
21
21
21
20
21
21
21
21
21
21
21
20
20
19
20
20
20
21
21
21
21
21
20
20
21
21
20
21
20
20
21
20
20
20
21
21
21
21
21
21
21
20
20
21
21
21
21
21
21
21
21
