23
23
23
23
24
23
23
23
23
23
23
23
23
23
23
23
23
22
23
23
23
23
23
22
23
23
23
22
23
23
23
23
23
23
23
23
23
23
24
23
23
23
23
23
23
23
23
23
24
23
23
23
23
23
23
23
24
23
23
24
23
23
23
23
23
23
23
23
23
23
23
23
23
23
23
23
23
23
23
23
23
23
23
23
23
23
23
23
23
23
23
23
24
23
23
23
23
23
23
23
23
23
23
23
23
23
23
23
23
23
22
23
24
23
23
23
24
23
23
23
23
23
23
23
23
23
23
23
23
23
23
23
23
23
23
23
24
23
23
23
23
23
23
23
23
24
24
23
23
23
24
23
23
24
23
23
23
23
23
23
23
23
23
22
24
23
23
23
23
23
23
23
23
23
23
24
23
23
23
23
23
23
22
21
19
21
23
23
23
23
22
23
23
23
23
23
24
23
23
23
24
23
23
23
23
24
23
23
22
22
20
17
3
6
23
24
23
23
23
23
23
23
23
23
23
24
23
24
23
23
23
23
23
23
23
23
22
19
7
12
19
5
21
23
23
23
23
23
23
23
24
23
23
23
23
23
23
23
22
23
23
23
22
21
19
8
18
23
19
3
20
23
23
23
22
23
23
23
23
23
23
23
23
23
23
23
23
23
23
22
19
17
8
16
23
23
19
3
18
23
23
23
23
23
23
22
23
23
23
23
23
23
23
23
23
24
23
22
18
9
19
22
23
23
20
4
18
23
23
23
23
23
23
23
23
23
24
23
23
23
23
24
23
23
22
20
6
12
24
23
24
23
19
6
21
23
23
23
23
23
23
23
23
23
23
23
23
23
23
23
23
23
22
19
5
19
22
24
23
22
18
9
22
23
23
23
22
23
23
23
22
23
24
23
23
23
23
24
23
23
22
19
7
23
23
24
22
21
17
11
22
23
23
23
23
23
23
23
23
22
23
23
23
23
23
23
24
23
22
18
10
22
23
23
22
19
4
17
23
23
23
23
23
23
23
23
23
23
23
22
23
23
24
23
23
23
22
16
10
22
23
22
20
14
11
22
23
23
23
23
23
23
23
23
23
23
22
22
23
23
23
23
23
23
23
15
8
22
22
21
18
8
23
23
23
23
23
23
23
23
23
23
23
22
23
23
23
22
23
23
23
23
23
16
7
21
21
19
6
13
23
23
23
23
23
23
23
23
23
23
23
23
23
23
23
23
23
23
22
23
23
22
5
12
18
7
13
23
24
23
23
23
23
23
23
23
23
23
23
23
23
23
23
23
23
22
23
23
23
23
19
11
12
13
23
23
22
23
23
23
23
23
22
23
23
23
23
23
23
23
23
23
23
23
23
23
23
23
23
23
23
23
23
24
23
22
22
23
23
23
23
23
23
23
23
23
23
23
23
23
23
23
22
22
24
23
23
23
23
23
23
22
23
23
23
22
23
23
22
23
23
23
23
22
23
23
23
23
23
23
23
23
23
23
23
23
23
23
23
23
23
23
23
23
23
23
23
22
23
22
23
23
23
23
23
23
22
23
23
23
23
23
23
23
23
23
23
23
23
23
23
23
22
22
23
23
23
22
23
22
23
22
23
23
23
23
21
23
22
23
23
23
23
23
23
23
22
23
23
22
22
22
23
23
23
22
23
22
23
23
23
23
23
23
24
23
23
23
22
22
23
23
23
23
23
23
23
22
22
23
22
23
23
23
23
22
23
22
23
23
22
23
24
23
22
23
23
23
23
23
23
23
22
23
23
23
22
23
22
22
23
23
22
22
