24
24
24
24
24
25
24
24
24
24
24
24
24
24
24
24
24
24
24
24
24
24
24
23
24
25
24
24
23
24
25
24
24
24
24
24
24
24
24
24
24
24
24
23
24
24
23
24
22
24
24
23
24
23
23
24
24
24
24
24
24
24
24
24
24
24
24
24
24
24
24
24
24
24
24
24
24
24
24
23
24
24
24
24
24
24
24
24
24
25
24
24
24
24
24
24
24
24
23
24
23
24
24
24
23
23
24
24
24
23
24
23
24
24
24
24
24
24
24
24
24
24
24
24
23
23
24
23
23
24
24
24
24
23
24
24
24
24
24
23
24
24
24
24
24
24
24
24
24
24
24
24
24
24
24
23
23
23
23
23
24
23
23
24
24
23
23
23
24
24
24
24
24
24
24
24
24
24
24
23
24
25
23
22
22
22
24
24
24
23
23
23
23
24
24
24
24
24
24
24
23
23
24
24
24
24
23
24
23
22
22
20
17
3
17
24
23
23
23
24
24
24
24
24
24
24
24
23
23
24
24
24
23
24
24
24
23
23
21
12
5
4
15
24
23
23
23
23
23
23
23
24
24
24
24
24
24
23
24
23
24
23
23
23
23
22
14
10
19
3
13
23
23
23
23
23
23
23
23
23
24
24
24
23
23
24
23
23
24
23
24
22
22
19
9
20
20
5
18
23
23
23
23
23
24
23
24
23
24
24
24
24
24
24
24
23
24
23
23
22
19
6
18
22
19
7
21
22
23
23
24
23
23
23
24
23
24
23
24
23
24
24
24
23
23
23
22
20
8
15
22
21
16
10
24
23
23
23
23
23
23
23
23
23
24
24
24
24
23
23
23
24
24
24
21
15
10
23
23
20
4
14
23
23
23
23
23
24
24
23
23
23
24
24
24
24
23
23
22
24
24
23
19
5
16
23
21
18
9
22
23
24
24
24
23
24
24
24
23
23
24
24
24
24
24
24
24
23
23
22
18
10
23
23
19
6
15
23
24
23
23
23
23
24
23
23
23
23
23
24
24
24
23
24
23
24
23
21
6
13
23
20
6
13
24
23
23
23
23
23
23
23
23
23
23
24
23
24
24
24
23
24
23
23
23
20
4
18
20
17
11
23
23
23
23
23
23
23
23
23
24
23
23
23
23
24
24
24
24
24
23
24
23
19
7
19
17
9
21
23
23
23
23
23
23
23
23
24
24
23
23
23
24
24
23
23
24
23
23
23
23
19
5
13
11
20
24
22
23
23
23
23
23
23
23
23
23
23
23
23
23
24
23
23
23
23
23
23
23
21
10
14
23
23
23
23
23
23
23
22
23
23
23
23
23
22
23
23
24
24
23
24
23
23
24
24
24
23
23
23
24
23
23
24
22
23
23
24
23
23
23
23
23
23
23
23
24
24
23
24
23
23
23
24
24
23
23
24
23
24
23
23
23
24
23
23
23
23
23
22
23
23
23
23
23
23
24
23
24
24
24
24
24
23
23
23
23
23
23
23
23
23
23
24
23
23
23
23
23
23
22
23
24
23
23
23
24
23
23
24
23
23
23
24
23
24
23
23
23
23
23
23
23
23
23
23
23
23
23
23
24
23
24
23
23
23
24
23
24
24
23
23
23
23
23
23
23
23
23
23
23
23
23
23
23
23
23
23
24
24
24
24
23
23
23
23
24
23
23
23
23
23
23
24
23
23
23
23
23
24
23
24
23
23
23
23
23
23
23
23
24
23
23
23
23
23
23
23
24
23
24
23
23
23
23
23
22
23
24
23
23
23
23
23
