22
23
23
22
23
23
23
23
23
23
23
23
23
23
22
23
23
23
23
23
22
23
23
23
22
23
22
23
22
23
22
23
23
22
23
23
23
23
22
23
22
23
23
23
23
23
22
22
22
23
23
23
23
23
23
23
23
23
22
22
23
23
23
23
23
23
22
22
23
23
23
23
23
23
23
22
23
23
22
22
23
23
22
22
22
22
22
22
23
23
22
23
23
23
22
22
23
23
23
22
23
22
23
23
23
23
23
23
22
22
22
22
23
23
23
23
23
22
22
23
22
23
23
23
22
23
23
22
22
23
23
23
23
23
22
23
23
23
22
23
23
22
23
23
23
23
23
23
23
23
23
23
23
23
23
23
23
22
22
23
22
23
23
23
23
23
23
23
23
22
23
22
23
23
23
23
22
23
23
23
23
22
21
21
21
22
22
23
22
23
22
22
22
23
23
23
23
23
22
23
23
22
23
22
23
22
23
22
22
21
18
17
18
20
22
22
23
22
23
23
22
22
22
23
23
23
23
23
23
23
22
22
23
22
23
22
20
18
8
11
7
14
22
23
23
23
23
22
22
23
23
23
23
23
23
23
23
23
22
22
23
23
22
20
18
8
14
22
21
3
21
23
22
22
23
23
23
23
23
23
22
23
23
23
23
23
23
23
22
23
20
17
9
18
23
23
22
2
17
23
22
23
22
23
23
22
23
23
23
22
23
23
23
23
23
23
22
21
18
8
18
22
23
22
20
4
12
23
22
22
23
23
23
22
23
22
23
23
23
23
23
23
23
23
23
19
6
14
23
22
22
22
19
6
18
22
22
23
22
23
23
22
23
23
22
22
22
22
23
23
23
23
22
18
9
23
23
22
22
21
18
9
23
23
23
22
23
23
23
23
23
23
23
22
23
23
23
23
23
22
21
15
11
23
23
22
20
19
4
17
22
22
23
22
22
23
23
23
22
22
23
22
23
23
23
23
22
22
22
7
13
22
23
22
19
16
11
23
22
22
22
23
22
22
22
23
22
23
23
22
23
23
23
23
22
23
21
4
16
23
22
21
18
8
14
22
22
22
23
22
22
22
23
22
22
22
22
22
23
22
23
23
23
22
22
10
14
21
21
18
5
13
23
22
23
22
23
22
22
22
22
22
23
22
23
23
22
22
23
22
22
22
22
19
4
18
18
8
11
22
23
22
22
22
22
22
22
22
22
23
22
22
22
23
23
22
23
23
23
23
22
23
12
10
8
12
21
23
23
22
22
22
22
22
22
23
22
23
22
23
22
22
22
22
22
23
22
22
23
23
23
23
22
23
22
23
22
22
22
22
22
22
23
23
22
22
22
22
22
23
22
22
22
22
22
23
23
23
23
23
23
23
22
22
22
22
22
22
22
22
23
22
22
22
22
22
22
23
22
22
23
23
22
22
23
22
22
23
22
22
22
22
22
22
22
22
22
22
22
23
22
22
21
23
22
23
22
22
23
23
22
22
23
23
22
22
22
22
22
22
22
22
22
22
22
22
23
22
22
22
22
23
23
23
22
22
23
23
23
22
23
23
22
22
23
22
22
22
23
22
22
22
22
22
22
22
22
22
22
22
22
22
22
22
23
22
21
23
22
23
22
22
23
22
23
22
23
22
22
22
22
23
22
22
22
22
22
22
22
23
22
22
23
23
22
22
22
22
22
22
22
22
22
22
22
23
23
23
22
23
22
23
22
22
22
22
23
22
22
23
22
22
23
22
23
22
22
22
22
22
22
22
22
22
22
22
22
23
22
22
22
22
22
22
