23
23
23
23
23
22
22
23
22
22
22
23
22
22
22
23
23
23
22
22
22
22
22
23
23
23
22
22
23
23
22
23
22
23
23
23
23
23
23
22
23
22
23
23
23
23
22
23
22
23
23
23
22
22
22
22
23
23
23
23
23
23
23
23
23
23
23
22
22
22
22
22
23
22
22
22
22
23
23
22
22
22
22
23
22
23
22
23
23
22
23
23
23
22
22
22
22
22
22
23
23
22
23
22
22
22
22
23
22
23
22
22
22
23
22
23
23
22
22
22
22
23
22
22
23
22
22
22
23
21
21
22
22
23
22
23
22
22
22
22
22
22
22
23
23
22
22
23
23
22
23
22
22
22
22
22
23
22
21
22
22
22
22
23
22
23
22
22
22
23
22
22
23
23
22
23
22
22
23
22
22
21
21
21
21
22
22
22
22
22
22
22
22
22
22
22
22
22
22
22
23
22
22
22
23
23
22
22
22
19
19
19
18
19
21
22
21
22
23
22
22
22
22
23
22
23
23
22
22
23
23
23
23
22
23
22
20
17
7
9
7
7
19
23
22
22
22
22
22
22
22
22
22
22
22
23
22
22
22
23
22
23
21
19
16
7
13
23
20
8
4
22
21
22
22
22
22
22
19
22
22
23
23
22
23
22
22
22
23
22
19
18
5
13
22
22
22
9
6
21
22
22
22
22
22
22
21
22
22
22
22
23
22
22
22
23
22
20
17
2
10
23
22
22
19
6
10
23
23
22
22
22
22
22
22
23
22
22
22
22
23
22
22
22
22
17
7
3
16
22
22
22
18
5
17
22
22
22
22
22
22
22
22
22
22
22
22
23
22
22
23
22
22
8
14
7
21
22
22
20
3
11
22
22
22
22
22
22
22
22
22
23
22
22
23
22
22
22
23
23
23
13
19
8
22
21
21
18
7
19
21
22
22
22
22
22
22
22
22
22
23
22
22
22
22
22
23
23
23
22
9
10
21
21
18
4
11
22
22
22
22
22
22
22
22
22
22
23
22
23
23
22
22
22
22
23
22
20
3
17
21
18
11
9
23
22
23
22
22
22
22
21
22
22
22
22
22
22
22
23
22
22
22
23
23
20
5
19
19
15
10
19
22
22
22
22
23
22
22
22
22
22
22
22
22
22
22
22
22
22
23
22
22
21
8
19
16
9
13
22
22
22
22
22
22
22
22
22
22
22
22
22
22
22
22
22
22
23
22
22
22
23
12
11
12
15
22
22
22
22
22
22
22
23
22
22
22
22
22
22
22
22
22
22
22
23
22
23
22
22
23
22
22
22
22
22
22
22
22
22
22
22
22
22
22
22
22
22
22
22
22
22
22
22
22
22
22
23
22
22
22
22
22
22
22
21
22
22
22
22
22
22
22
22
22
22
22
22
22
22
22
22
22
22
22
23
22
22
22
22
22
22
23
22
22
23
22
22
22
22
22
22
22
22
22
22
22
22
22
22
22
22
22
22
22
22
22
22
22
22
22
22
22
22
22
22
22
22
22
22
22
22
22
22
22
22
22
22
22
23
22
22
23
22
22
22
22
22
22
22
22
22
22
22
22
22
22
22
22
22
22
22
22
22
22
22
22
22
21
22
22
22
22
22
22
22
22
21
22
22
22
22
22
22
22
22
22
22
22
22
22
22
22
22
22
22
22
23
22
22
22
22
22
21
22
22
22
22
22
22
22
23
22
22
22
22
22
22
22
21
22
22
22
22
22
22
22
22
22
22
22
21
22
22
22
22
22
22
22
22
22
22
21
21
