26
26
25
26
25
25
25
25
26
26
25
26
25
26
25
25
24
26
25
26
26
25
25
26
26
26
26
26
25
26
25
25
25
25
25
25
25
26
26
26
25
25
26
25
25
26
25
26
27
26
25
26
25
26
25
26
26
26
26
25
25
26
25
25
26
25
25
25
25
25
25
25
26
25
25
25
25
26
25
26
25
26
26
26
26
25
25
25
25
25
26
26
26
25
25
25
25
25
25
25
26
25
26
26
26
25
25
26
26
26
25
25
26
26
25
26
25
26
25
25
26
25
25
25
25
25
25
26
25
25
25
25
25
25
26
26
26
26
25
26
26
25
26
26
25
26
24
25
25
24
26
25
25
26
25
25
25
25
25
25
25
26
26
25
25
25
26
25
26
26
25
25
26
26
26
26
26
26
26
25
24
26
25
25
26
25
25
25
25
25
26
26
25
25
25
26
26
26
25
26
25
25
25
26
25
25
25
26
25
25
25
25
25
25
25
24
24
26
26
26
25
26
25
26
26
25
26
26
25
26
26
26
25
25
25
25
25
27
11
9
27
25
25
25
26
26
25
25
26
25
26
25
26
26
25
26
26
25
25
26
24
25
25
26
17
12
29
9
11
12
11
26
26
26
26
26
25
26
26
26
26
26
25
25
26
25
25
25
25
25
25
25
11
10
10
5
26
7
10
23
26
26
25
26
26
26
26
26
26
26
25
26
26
26
25
25
24
26
25
26
10
7
24
24
25
25
10
14
25
26
25
26
26
26
26
25
26
25
26
26
26
25
25
25
25
24
25
26
11
6
25
25
24
26
11
20
25
26
25
26
25
26
26
25
25
26
26
26
26
26
25
25
25
26
25
26
11
7
25
25
25
28
11
29
26
25
26
26
25
25
26
25
26
25
26
26
25
26
26
26
25
26
26
25
6
10
29
25
25
6
8
26
25
26
25
25
26
25
25
26
26
25
26
26
26
26
25
26
25
25
26
26
23
11
10
27
30
11
9
25
25
26
25
26
26
25
25
26
25
25
25
26
25
26
26
25
25
26
25
24
25
20
11
12
12
5
25
26
25
25
25
25
25
26
26
25
26
26
25
26
25
25
26
25
26
26
26
25
25
24
26
27
26
25
25
26
25
25
25
25
25
26
26
26
26
26
25
25
26
27
26
26
25
26
26
26
25
26
24
25
25
26
26
26
26
25
25
26
25
26
26
26
25
25
26
25
26
25
25
26
25
26
26
25
26
25
26
25
25
25
26
26
26
25
26
26
25
25
26
26
26
26
26
25
25
25
25
26
25
26
25
26
26
22
24
25
25
26
25
26
25
25
26
25
25
25
25
25
26
26
26
26
25
26
26
25
26
26
26
26
26
26
25
26
25
26
25
25
25
25
25
25
25
25
26
25
26
25
26
25
25
25
25
26
26
25
26
26
26
26
26
26
26
26
26
26
26
26
25
25
26
26
25
25
26
25
25
25
26
26
25
25
25
26
26
26
26
25
25
25
26
26
25
26
25
25
26
25
25
25
25
25
26
26
26
26
25
25
26
25
25
26
25
26
25
25
26
26
26
26
26
26
25
26
25
26
26
25
25
25
26
25
25
25
25
25
25
25
26
26
25
26
25
25
26
26
26
26
26
25
25
26
26
25
25
26
25
25
25
25
26
25
25
26
26
25
26
26
26
25
26
25
25
26
26
25
26
25
25
26
26
26
26
26
25
25
26
25
25
26
25
26
26
26
26
25
26
26
25
25
26
26
26
25
25
26
26
25
25
26
26
25
26
25
