26
26
25
26
25
26
25
26
26
25
25
26
25
26
26
26
26
25
25
25
25
26
25
25
25
25
25
26
25
26
26
26
25
25
25
26
25
25
26
25
25
26
26
26
25
25
25
25
25
26
25
26
25
25
26
26
25
25
25
25
25
25
26
26
24
25
25
25
26
25
25
25
25
26
25
25
25
25
25
26
26
26
25
25
25
26
25
25
25
25
26
26
25
25
25
26
25
26
26
25
25
25
25
25
25
25
25
26
26
26
25
25
25
25
25
25
25
25
25
26
26
25
26
25
24
25
25
25
24
25
25
25
25
25
25
26
26
25
26
26
25
25
26
25
25
25
25
25
25
26
25
25
25
25
25
25
25
25
25
25
25
25
25
26
26
25
26
25
24
25
26
26
25
26
25
25
24
25
26
27
12
11
15
27
26
25
25
24
26
25
26
26
25
25
25
25
25
26
26
26
25
26
26
25
25
25
26
7
9
11
12
12
11
27
26
25
26
25
25
26
25
26
25
25
25
26
26
26
25
26
25
26
25
25
27
24
24
24
25
24
11
10
26
25
26
25
26
25
25
25
25
25
26
26
26
25
25
25
25
25
25
28
12
12
13
20
25
24
27
10
25
25
25
25
25
25
25
25
25
25
25
26
25
25
25
25
25
25
26
27
11
26
23
25
25
25
27
10
26
25
25
25
25
25
24
25
25
25
26
26
25
24
26
25
25
25
25
17
10
27
25
25
25
25
29
11
29
25
25
25
25
25
25
25
25
25
26
26
26
25
26
26
25
26
25
19
10
27
25
25
25
25
17
11
26
25
25
25
25
26
25
25
25
25
26
26
25
25
25
26
25
26
25
27
11
24
25
25
25
26
8
8
25
25
25
25
25
25
25
25
25
25
26
26
25
25
26
25
25
25
25
26
10
8
25
25
25
29
12
19
26
25
25
25
26
26
26
25
25
25
25
25
25
25
25
26
25
25
26
25
10
11
15
26
27
12
6
25
25
25
25
25
25
26
26
25
25
25
26
25
24
25
25
26
25
25
26
25
24
13
11
13
13
10
27
26
26
25
25
25
25
25
26
26
25
25
25
25
25
25
25
25
25
26
24
25
25
25
25
16
16
25
24
26
25
25
25
25
25
25
25
25
25
25
25
25
25
25
25
24
26
26
25
25
25
25
25
24
25
25
25
26
26
26
26
25
25
25
25
25
25
25
25
25
26
25
25
25
25
25
25
25
25
26
26
25
26
25
25
25
25
25
25
25
25
25
25
26
25
25
25
26
25
25
26
26
25
26
25
25
25
25
26
25
25
25
26
25
25
25
25
25
25
25
25
25
26
26
25
26
25
25
25
25
25
25
26
26
25
25
26
25
25
25
25
26
25
25
25
26
25
25
25
25
25
25
25
26
26
25
25
26
25
25
25
25
25
25
26
26
25
25
26
25
25
25
25
25
25
25
25
25
25
26
25
25
26
25
25
26
25
25
25
25
25
25
26
25
25
25
25
25
25
25
25
26
25
25
25
25
26
25
25
25
25
26
25
25
25
25
25
25
25
26
25
25
25
26
25
25
25
25
25
25
25
25
25
25
25
26
25
25
26
25
25
25
25
26
26
25
25
26
25
25
26
25
25
25
26
25
25
25
25
25
25
25
25
25
25
25
26
25
25
25
26
26
26
25
26
26
26
25
25
26
25
25
25
25
25
25
25
25
25
26
25
25
25
25
26
25
25
26
26
25
26
26
25
26
26
25
25
25
25
26
25
25
25
25
25
25
25
25
24
25
