25
25
25
25
25
25
25
25
25
25
25
25
25
26
25
25
25
25
25
25
24
25
25
26
25
25
26
25
25
25
25
25
25
26
25
26
25
26
25
24
26
25
26
25
25
25
25
25
25
24
25
26
25
25
25
26
26
25
25
25
26
25
25
26
26
26
25
25
25
25
25
25
25
25
25
25
25
25
25
25
25
25
25
25
25
25
26
26
26
25
26
26
26
25
25
26
25
25
25
25
26
25
25
25
25
25
25
25
25
25
25
25
25
25
26
25
25
25
25
26
26
25
25
25
25
25
25
25
25
25
25
25
25
25
25
25
25
25
25
26
26
25
25
26
25
26
26
25
26
25
26
25
25
25
25
25
24
25
25
25
25
25
25
25
24
25
25
26
25
25
25
26
26
25
25
26
25
25
25
25
25
25
25
25
25
25
25
25
25
25
25
25
25
25
25
25
25
25
25
26
25
25
25
26
25
25
25
25
25
25
25
26
25
26
25
25
24
25
25
25
25
25
25
25
25
25
26
25
26
25
26
26
25
25
25
25
25
26
25
25
25
10
24
25
25
25
25
25
25
25
24
26
25
26
25
25
25
25
25
25
25
26
25
25
25
25
25
25
23
18
10
11
28
25
25
25
25
25
25
25
25
26
25
25
25
24
25
25
25
24
25
25
25
25
25
27
13
9
10
10
12
26
24
25
25
25
24
26
25
25
26
26
25
25
25
25
25
25
25
25
25
25
25
17
9
24
24
24
10
11
25
25
25
25
25
25
25
25
25
25
25
25
26
25
25
25
25
25
25
25
24
11
10
25
25
25
25
11
20
25
25
25
25
26
25
25
25
25
25
25
25
25
25
25
25
25
25
25
25
11
11
25
25
25
28
12
27
25
25
25
25
25
25
25
25
25
26
26
25
25
25
25
25
25
25
25
24
20
12
25
25
24
5
4
25
25
25
25
25
25
25
26
25
25
25
25
25
25
25
25
25
25
25
25
25
26
11
26
24
20
13
28
25
25
25
25
25
25
26
26
25
25
25
25
26
25
25
25
25
25
25
25
25
25
11
10
13
13
10
24
25
25
25
25
26
25
25
25
25
25
25
25
26
25
25
25
26
25
25
25
25
25
19
10
11
13
25
25
25
25
25
25
25
25
25
25
25
25
25
26
25
26
26
25
26
25
25
24
25
25
24
24
23
24
25
25
25
25
25
25
25
25
25
25
25
25
26
25
26
25
25
25
26
25
26
25
25
25
25
25
25
25
25
25
25
25
25
25
25
26
25
25
26
25
25
25
26
25
25
25
26
25
26
25
25
25
25
25
25
25
25
25
26
26
25
25
25
25
25
25
25
25
25
26
25
25
25
25
26
25
26
25
25
26
25
26
25
26
25
25
26
25
25
25
25
26
26
25
25
26
25
25
26
25
25
25
26
25
25
25
25
25
25
25
25
25
26
25
25
25
26
25
26
25
25
25
25
25
26
25
25
25
25
25
25
25
25
25
25
25
25
25
26
25
26
25
25
26
25
26
26
25
25
25
25
25
25
25
25
25
25
26
26
26
25
25
25
25
25
25
25
25
25
25
25
25
26
25
26
24
26
25
25
26
26
26
25
25
25
26
25
25
26
24
26
25
26
25
25
26
25
25
26
25
26
25
26
25
25
26
25
25
25
25
25
26
25
25
25
25
25
25
25
26
26
25
25
25
25
25
25
25
26
25
25
26
25
25
26
25
25
24
25
25
25
26
25
25
25
24
25
25
25
26
25
26
25
25
25
25
25
26
25
26
