25
25
25
24
25
25
25
25
25
26
25
25
25
25
25
25
25
26
26
26
25
26
25
26
26
26
26
26
25
22
23
25
25
25
25
25
25
25
25
25
25
25
25
25
25
26
25
26
25
26
26
26
26
26
26
26
24
25
25
25
25
25
25
25
25
25
25
26
25
24
24
24
25
25
25
25
26
25
26
25
26
26
26
27
25
25
25
25
25
24
25
26
25
25
25
25
25
25
25
25
25
25
25
25
25
26
25
26
26
26
26
26
25
25
25
25
25
24
25
25
25
25
25
25
25
25
25
25
25
25
25
25
26
26
26
26
26
27
25
26
24
24
25
24
25
25
25
24
25
25
25
25
25
25
25
25
25
26
25
26
25
26
26
25
26
26
26
26
25
25
25
24
25
25
25
25
25
25
25
25
25
25
25
25
25
26
26
25
25
25
25
26
26
26
26
25
25
24
25
25
25
25
25
25
24
25
25
25
25
25
25
25
25
22
26
26
25
25
25
26
26
26
26
26
25
25
25
25
25
25
25
25
25
25
25
25
25
27
11
18
27
10
11
27
25
25
25
25
26
26
26
25
25
25
25
25
25
25
24
25
25
25
25
25
27
10
8
10
10
25
9
12
25
26
26
26
25
26
25
25
25
26
26
25
24
25
24
25
25
25
25
24
5
8
24
24
5
26
26
10
28
26
25
26
26
26
26
25
25
25
24
25
25
24
25
25
25
25
25
25
10
6
25
25
27
28
25
10
29
25
25
24
26
25
26
25
25
25
24
25
25
25
25
25
25
25
25
25
11
27
25
25
24
25
26
10
29
25
25
25
26
25
25
25
25
25
25
24
25
24
25
25
25
24
24
25
11
17
25
26
25
25
26
9
28
25
25
26
26
25
25
25
25
25
25
25
25
25
25
25
25
25
25
25
4
9
24
25
25
25
28
9
26
25
25
26
26
25
26
25
24
25
25
25
24
25
25
25
25
25
25
25
23
10
26
25
25
25
16
8
25
25
25
26
25
25
25
25
25
25
24
23
24
24
25
25
25
25
25
25
24
10
9
26
25
26
9
19
25
26
25
26
25
25
25
26
24
25
25
25
26
25
25
25
25
25
26
25
25
22
10
10
26
17
10
26
25
26
25
25
25
26
26
25
25
25
25
25
24
25
26
25
25
26
25
25
25
24
23
11
11
11
15
25
25
26
25
25
26
26
25
26
25
25
24
25
24
25
26
25
25
25
25
25
25
25
24
24
25
26
25
25
25
25
25
25
25
25
25
25
25
25
24
25
25
25
26
25
25
25
25
25
25
25
25
25
25
25
25
25
26
25
25
26
25
26
25
25
25
25
25
25
24
25
25
24
25
25
25
25
26
25
25
26
25
25
25
25
25
25
26
26
26
25
26
25
25
25
25
24
25
24
24
24
25
25
25
25
25
25
25
25
25
25
25
26
25
26
26
26
26
26
26
24
25
24
25
25
24
25
25
25
25
25
25
25
25
25
25
25
25
25
25
25
26
26
26
25
25
25
26
26
25
24
23
25
25
25
25
24
25
25
23
26
25
25
25
24
26
25
25
26
25
26
26
26
25
25
25
26
24
24
25
25
24
25
24
24
25
25
25
26
25
25
25
25
25
25
25
26
25
25
25
26
25
25
25
25
25
24
24
25
25
25
25
24
25
25
25
24
25
25
25
26
25
25
26
25
25
25
25
25
25
25
25
25
24
25
25
24
24
24
25
25
25
25
25
25
25
25
25
25
26
25
25
25
26
26
26
25
25
26
25
25
