26
26
25
26
26
26
25
26
26
26
26
26
26
25
26
26
26
26
26
25
25
25
26
25
26
26
25
25
27
26
25
26
26
26
26
26
26
26
26
26
25
26
26
26
25
26
25
25
24
25
25
25
26
25
26
25
26
26
25
26
25
26
25
25
26
25
26
25
26
26
26
25
25
25
26
25
25
26
25
26
26
26
26
25
25
26
26
25
26
26
25
26
26
26
26
26
26
26
26
26
25
25
26
26
26
25
26
26
26
26
26
26
26
26
26
25
26
26
25
26
26
25
26
26
26
25
25
26
26
25
26
26
26
26
25
26
26
26
27
26
26
26
26
25
26
25
26
26
26
25
25
25
25
25
25
26
26
26
26
26
26
26
26
25
25
26
25
26
26
26
26
25
26
26
25
26
26
26
25
26
27
27
27
28
26
26
26
26
26
26
26
26
25
26
26
25
26
25
25
25
26
26
26
26
26
26
25
29
12
7
12
12
8
27
26
26
26
26
26
26
26
26
26
25
26
26
26
26
26
25
26
26
25
26
25
13
6
25
25
23
11
11
20
26
26
26
26
26
26
26
26
26
26
25
26
26
25
25
25
26
25
26
11
10
26
25
26
25
26
7
11
28
26
25
25
26
26
26
26
26
25
25
26
26
26
26
26
25
26
27
11
5
26
26
26
26
24
25
10
29
26
26
26
26
25
26
26
26
25
26
25
26
26
26
25
26
25
27
11
6
25
25
26
26
26
16
10
29
26
26
25
26
26
25
26
26
25
25
26
25
26
26
25
25
25
24
10
10
26
26
26
25
26
4
9
27
26
26
26
26
26
26
25
26
25
26
26
26
26
26
25
26
25
25
13
11
18
26
25
26
29
10
3
26
26
26
25
26
26
26
25
26
26
26
25
26
26
26
25
26
25
25
25
5
11
10
27
29
8
10
29
23
26
26
26
26
26
26
25
26
26
25
25
25
25
26
25
25
26
25
25
25
13
10
12
12
11
24
25
26
26
26
25
25
26
26
26
26
26
25
26
25
26
26
25
25
26
25
25
25
25
23
26
26
24
25
26
25
26
26
25
26
27
25
26
26
25
25
24
26
25
25
25
25
26
26
26
26
26
25
25
26
26
26
26
26
26
26
26
26
26
26
26
26
26
25
25
25
25
26
25
25
25
25
26
26
26
25
26
26
26
25
25
26
26
26
25
26
26
25
26
25
25
26
26
25
26
25
26
26
25
26
26
25
25
25
26
25
25
25
26
26
27
26
25
26
26
25
26
26
25
25
25
26
25
25
26
26
25
26
26
25
25
26
26
26
26
26
26
26
26
26
25
26
25
26
26
26
26
26
25
25
26
25
24
26
25
26
26
26
25
25
26
26
26
26
26
26
26
26
26
26
26
26
25
26
26
25
26
26
26
25
25
26
25
26
26
26
26
25
26
26
26
26
26
26
26
26
26
26
26
25
26
25
26
26
26
25
25
25
26
25
25
26
26
25
26
26
26
26
26
25
26
26
26
25
26
25
26
26
26
26
26
26
26
25
25
26
26
26
26
25
25
27
26
25
26
25
26
26
25
26
26
26
26
25
25
25
26
26
26
26
25
26
25
25
26
26
26
26
26
25
25
26
25
26
26
25
25
26
26
26
25
25
25
25
26
26
25
26
25
26
25
26
26
25
26
26
26
26
26
26
26
25
26
25
26
25
26
26
26
26
25
26
26
26
26
25
25
25
25
25
26
26
26
26
26
26
26
26
26
25
26
25
26
26
26
26
26
26
26
26
26
26
