25
25
25
24
25
24
25
25
25
25
25
25
25
25
25
25
25
25
25
25
25
24
25
25
25
25
24
25
25
25
25
25
25
25
25
25
25
25
25
25
25
25
25
25
24
25
25
25
24
25
25
25
25
25
25
25
25
25
24
25
25
25
25
25
25
25
25
25
25
25
25
25
25
25
25
25
25
25
25
25
25
25
25
25
25
25
25
25
25
25
25
25
25
25
25
25
25
25
25
25
25
25
25
25
25
25
25
25
25
25
25
25
25
25
25
25
25
24
24
25
25
25
25
24
25
25
25
24
25
25
24
25
25
25
25
25
24
25
25
25
25
24
25
25
25
24
25
25
25
25
25
25
24
25
25
25
25
25
25
25
25
25
25
25
24
25
25
25
25
25
25
25
24
25
25
25
25
25
25
25
25
25
2
1
24
25
25
25
24
25
25
25
24
25
25
24
25
25
25
25
25
25
25
24
25
25
25
25
24
1
7
3
2
23
25
25
25
25
25
25
25
24
25
24
25
24
25
25
25
25
25
24
25
24
25
25
24
23
25
25
19
17
25
25
25
25
25
25
25
25
25
25
25
25
25
25
25
25
25
25
24
24
25
25
25
25
25
25
26
3
25
24
24
25
25
25
25
25
25
25
25
25
25
25
25
25
25
25
25
25
25
25
18
25
25
26
23
12
25
24
25
25
25
25
25
25
24
25
25
25
24
25
25
25
25
25
25
25
25
21
9
25
24
25
14
24
25
25
25
24
25
25
25
25
25
25
25
25
25
25
25
25
25
25
25
25
25
1
25
25
25
25
2
28
25
25
25
25
25
25
25
25
24
25
25
25
25
25
25
25
24
25
25
25
25
3
25
25
25
25
2
26
24
25
25
25
25
25
25
25
24
25
24
25
25
25
25
24
24
25
25
25
25
1
25
25
25
25
1
25
25
25
25
25
25
25
25
25
25
25
25
25
25
25
25
25
24
25
25
25
24
9
25
25
26
21
5
25
25
24
25
25
25
25
24
25
24
25
25
24
25
25
25
25
24
25
24
25
6
26
24
25
25
1
27
25
25
25
25
25
25
24
24
24
25
25
24
25
25
25
25
25
25
25
25
25
2
27
25
25
25
3
26
25
25
25
25
25
25
25
25
24
25
24
24
25
24
25
25
25
25
24
25
25
3
27
25
25
1
28
25
25
24
24
25
24
25
25
25
25
24
24
25
25
25
25
25
25
25
24
25
25
4
25
25
9
7
24
25
25
24
25
24
24
24
25
25
24
24
24
25
25
25
25
25
24
25
25
25
25
26
2
1
2
26
25
25
25
24
25
25
24
25
25
24
24
24
25
25
25
25
25
25
24
24
25
25
24
26
26
20
27
25
25
25
25
24
25
24
25
25
25
25
24
24
24
25
25
25
25
25
24
25
25
25
25
25
25
25
26
25
25
25
25
24
24
25
24
25
24
24
25
24
24
25
25
25
25
25
25
25
25
25
25
25
25
25
25
25
25
25
25
25
24
24
24
24
24
24
24
24
24
25
25
25
25
25
25
25
25
25
25
25
25
25
25
25
25
25
25
25
24
24
24
24
25
24
24
24
24
25
25
25
25
25
25
25
25
25
25
25
25
25
25
25
25
25
25
25
24
24
25
25
25
24
24
24
24
25
25
24
25
25
25
24
25
25
25
25
25
25
25
25
24
25
25
25
25
24
24
25
24
24
24
24
25
24
24
26
25
25
25
24
24
25
25
25
25
25
24
24
25
24
24
24
24
24
24
25
24
24
24
24
24
