24
24
24
24
24
24
24
24
24
24
24
24
24
24
24
24
24
24
24
24
24
24
24
24
24
23
24
24
24
24
24
24
24
24
24
24
24
24
24
24
24
24
24
24
24
24
24
24
24
24
24
24
25
21
24
24
24
24
24
24
24
24
24
24
23
24
24
24
24
24
24
24
24
24
24
24
25
24
24
24
24
25
24
24
24
24
24
24
24
24
23
24
24
24
24
24
24
24
24
24
24
24
24
24
24
24
24
24
24
24
24
24
24
24
24
24
24
21
24
25
24
24
23
24
24
24
24
24
24
24
24
24
24
24
24
24
24
25
24
24
24
24
24
24
24
24
24
24
24
23
21
25
24
24
24
23
24
24
24
24
24
24
24
24
24
24
24
24
24
24
24
24
24
24
24
24
23
24
24
24
24
24
24
24
24
24
24
24
24
24
24
24
24
24
24
24
24
24
24
24
24
24
24
24
24
24
24
23
23
3
1
9
25
24
24
24
24
24
24
24
24
24
24
24
24
23
23
24
24
24
24
24
22
23
24
23
12
1
28
2
2
24
24
24
24
24
24
24
24
24
24
24
24
24
24
24
23
24
24
24
23
23
24
24
2
26
24
26
2
24
24
24
24
24
24
24
24
24
24
24
24
24
24
24
24
24
24
24
24
24
23
2
27
25
24
16
5
8
24
24
24
24
24
24
24
24
24
24
24
24
24
24
24
24
24
24
24
24
25
1
24
24
24
24
3
23
24
24
24
24
24
24
24
24
24
24
23
24
24
23
24
24
24
24
24
23
1
27
24
24
24
24
1
27
25
24
24
24
24
24
24
24
24
24
24
24
24
23
24
24
24
24
23
23
2
26
24
24
24
23
1
25
24
24
25
24
24
24
24
24
24
24
24
24
24
24
24
24
24
24
24
24
2
24
24
24
24
27
2
25
24
25
24
24
24
24
24
24
24
24
24
23
24
24
24
24
24
24
24
23
4
24
24
24
24
3
15
24
24
24
24
24
24
24
24
24
24
24
24
24
24
24
24
24
24
24
24
24
1
23
24
24
23
1
27
24
24
24
24
24
24
23
24
24
24
24
23
23
24
24
23
24
24
24
24
24
1
26
24
24
21
4
24
24
24
24
24
23
24
24
24
24
24
24
23
24
23
23
23
23
23
24
23
24
3
16
24
22
1
28
24
24
24
24
24
23
24
24
24
24
24
24
23
24
24
24
24
24
23
23
24
24
26
1
23
21
2
24
24
24
24
24
24
23
24
24
24
24
23
23
23
24
24
24
23
24
24
23
24
24
24
21
3
2
27
24
24
24
25
24
24
24
23
24
23
23
24
23
23
23
23
24
23
23
24
23
24
23
24
24
24
25
24
24
24
24
24
24
24
24
24
23
24
23
23
23
23
23
23
23
23
23
23
23
23
23
24
23
24
24
24
24
24
24
24
24
23
23
23
23
23
24
23
23
23
23
23
23
23
23
23
23
23
23
24
24
24
24
24
24
24
24
23
23
23
23
23
24
23
23
23
23
23
23
23
23
24
23
23
23
23
23
24
24
24
24
24
23
24
24
23
23
23
23
23
23
23
23
23
23
24
23
23
23
23
23
23
23
23
23
24
24
23
24
23
23
24
24
24
23
23
23
23
23
23
23
23
23
23
23
23
23
23
23
23
23
23
23
23
23
23
23
23
23
23
23
23
23
23
23
23
23
23
23
23
23
23
23
23
23
23
23
23
23
23
23
23
23
23
23
23
23
23
23
23
23
23
23
23
23
23
24
23
24
