24
24
24
24
24
24
24
24
24
24
24
24
24
24
24
24
24
24
24
24
24
24
24
24
24
24
24
24
25
24
24
24
23
24
24
24
24
24
24
24
24
24
24
24
24
24
24
24
24
24
24
24
24
24
24
24
24
23
24
24
24
24
24
24
24
24
24
24
24
24
24
24
24
24
24
24
24
24
24
24
24
24
24
24
24
24
24
24
24
24
24
24
24
24
24
24
24
24
24
24
24
24
24
24
24
24
24
24
24
24
24
24
24
24
24
24
24
24
24
24
24
24
24
24
23
24
24
24
25
24
24
24
24
24
24
24
24
24
24
24
24
24
24
24
24
24
24
24
24
24
24
24
24
25
24
24
24
24
24
24
25
24
24
24
24
24
24
24
24
24
24
24
24
24
24
24
24
24
24
24
24
23
1
1
24
24
24
24
25
24
24
24
24
24
24
24
24
24
24
24
24
24
24
24
24
24
25
24
25
3
3
5
1
26
24
24
25
24
24
24
24
24
24
24
24
24
24
24
24
24
24
24
24
23
24
23
2
26
25
25
2
27
24
24
24
24
24
25
24
24
24
24
24
24
24
24
24
24
24
24
24
24
24
4
6
25
25
24
11
10
24
24
24
24
24
25
24
24
24
24
24
24
24
24
24
24
24
24
23
24
25
1
25
25
24
25
27
2
24
24
24
24
24
25
24
24
24
24
24
24
24
24
24
24
24
24
23
24
19
3
25
25
24
24
27
1
24
24
24
24
24
24
24
24
24
24
24
24
24
24
24
24
24
24
24
24
1
27
24
24
24
24
27
4
24
24
24
24
24
24
24
24
24
24
24
24
24
24
24
24
24
24
24
24
1
25
24
24
24
24
21
7
24
24
24
24
24
24
24
24
24
24
24
24
24
24
23
24
24
24
24
25
2
23
24
24
24
24
2
27
24
24
24
24
24
24
24
24
24
24
24
24
24
24
24
24
24
24
24
25
4
24
24
24
24
24
3
24
24
24
24
24
24
24
24
24
24
24
24
24
24
24
24
24
24
24
24
24
3
24
24
24
24
23
1
24
24
24
24
24
24
24
24
24
24
24
24
24
24
24
24
24
24
24
24
24
3
25
24
24
25
25
4
24
24
24
24
23
24
24
24
24
24
24
24
24
23
24
24
24
24
24
24
24
1
25
24
24
24
0
27
25
24
24
24
23
24
24
24
24
24
24
24
24
24
24
24
23
24
24
24
24
2
24
24
24
20
2
25
24
24
24
24
24
24
24
24
24
24
24
24
24
23
23
24
23
24
23
24
24
26
3
24
25
2
28
24
24
24
24
24
24
24
24
24
24
24
24
24
24
24
23
24
23
24
24
24
24
24
24
3
2
28
24
24
24
24
23
24
24
23
24
24
24
24
24
24
24
24
23
24
24
24
24
24
24
24
24
25
24
24
24
24
24
24
24
24
24
23
24
24
24
24
24
23
23
23
24
23
24
23
23
24
24
24
24
24
24
24
24
24
24
24
24
24
24
23
24
24
23
23
24
24
23
23
24
24
23
24
24
24
24
24
24
24
24
24
24
24
23
23
23
24
24
23
24
24
24
24
24
23
23
23
24
23
24
23
24
23
23
23
23
24
24
24
24
24
23
24
24
24
23
23
24
24
24
23
23
23
23
24
24
23
23
23
23
24
23
23
23
24
23
23
23
24
24
23
23
23
23
23
24
23
23
23
23
23
23
23
23
23
23
23
23
24
23
24
24
24
23
24
23
24
24
24
24
24
23
23
24
23
23
23
23
