27
27
28
27
27
26
27
27
27
27
27
27
26
27
27
26
27
27
26
27
28
26
27
26
27
27
26
26
26
27
26
27
27
26
27
27
27
27
27
27
26
27
26
26
26
27
26
26
26
26
27
26
26
26
27
26
26
26
26
26
27
27
27
28
27
27
27
27
27
27
26
27
27
26
26
27
27
26
28
26
27
26
26
26
26
27
26
27
27
27
27
27
27
26
27
27
27
26
27
20
13
15
14
18
26
26
27
26
26
27
27
26
27
26
26
26
27
26
26
27
28
27
27
26
26
23
9
23
11
11
8
11
8
14
29
25
27
27
27
27
26
26
26
27
27
27
26
26
26
27
26
24
12
17
15
13
21
17
13
10
7
10
18
25
27
27
27
26
26
27
27
26
29
27
27
27
27
26
15
12
19
25
26
26
27
26
27
26
25
15
7
15
26
27
27
26
26
26
26
27
27
27
26
27
26
12
12
20
27
25
26
26
26
26
26
27
27
25
7
8
26
27
27
28
26
26
27
26
26
26
26
26
14
15
18
26
27
26
27
26
26
26
27
26
27
27
11
10
25
27
27
27
26
26
26
27
27
26
27
20
13
14
25
27
26
27
26
26
26
27
26
29
26
26
10
12
25
26
27
27
27
26
26
26
27
26
24
16
11
26
27
27
26
26
26
27
26
26
27
27
27
26
11
12
26
26
26
27
27
26
27
27
27
26
16
16
23
27
27
27
26
26
26
27
27
27
26
27
26
26
13
15
26
26
27
26
27
27
26
26
26
16
13
21
27
27
26
27
27
28
27
26
27
27
27
27
26
12
11
23
26
26
26
27
26
26
26
26
25
14
12
27
26
26
26
27
27
27
26
26
27
26
26
26
26
10
13
26
26
27
27
26
27
25
27
26
18
12
14
26
26
27
27
26
27
26
28
27
27
26
26
26
27
15
16
26
26
27
26
27
26
26
26
26
11
21
11
27
27
27
27
27
27
26
26
27
27
26
26
27
22
14
24
26
26
27
27
27
27
26
27
26
9
15
27
27
26
26
28
27
27
27
27
26
26
27
26
26
11
9
26
27
27
27
26
26
26
26
27
26
8
9
26
27
27
26
27
27
26
26
26
27
26
27
26
14
10
23
26
27
27
27
27
27
27
26
27
25
10
12
27
28
27
26
26
26
27
28
27
27
26
26
25
11
16
24
26
27
27
27
27
27
26
27
26
27
7
10
25
26
27
27
26
26
27
26
27
26
26
22
14
13
26
26
26
26
26
26
26
27
26
26
26
26
10
11
17
27
27
27
27
27
26
27
26
25
24
13
10
25
26
26
26
26
27
27
27
27
26
26
27
27
21
10
12
24
26
27
27
27
27
25
15
12
10
11
25
26
27
26
27
26
26
27
27
27
26
27
27
27
26
11
7
12
13
21
25
25
12
11
6
22
14
24
26
27
27
27
27
27
27
27
28
26
27
27
27
28
27
27
8
9
14
16
14
9
10
32
25
15
25
27
26
27
27
27
27
27
26
27
27
28
27
26
27
27
27
27
26
22
9
10
9
9
23
27
26
27
27
27
26
26
27
27
27
27
26
26
27
27
27
27
27
26
27
26
26
26
26
26
26
26
27
26
27
26
27
27
26
26
27
26
28
27
27
27
27
27
27
28
26
27
26
26
26
27
26
26
27
27
27
27
27
28
27
27
27
27
27
27
27
27
27
27
27
27
27
27
26
26
27
28
28
26
26
27
26
26
27
27
27
27
27
27
27
28
27
27
27
27
26
28
27
27
