24
24
25
24
24
25
25
24
25
24
24
24
24
24
24
24
24
24
24
24
25
24
24
24
24
24
24
24
24
24
25
24
25
25
25
25
25
25
24
25
24
24
25
24
24
24
24
24
24
25
24
24
24
24
24
24
25
24
25
24
25
25
25
24
25
24
24
25
24
24
24
24
24
24
24
24
24
25
24
24
24
24
24
24
24
24
24
24
25
24
24
24
24
24
24
24
24
24
24
24
24
24
24
24
24
25
24
24
24
24
24
24
24
25
25
24
24
25
24
24
24
24
24
24
24
24
25
24
24
24
24
24
24
24
24
24
24
24
24
24
25
24
25
25
25
25
24
24
24
24
24
24
24
24
25
24
24
24
24
25
25
24
24
24
24
24
24
24
25
24
25
25
24
24
24
24
24
24
24
24
25
24
11
13
24
24
24
24
24
24
24
24
24
24
24
24
25
24
25
24
24
24
24
24
24
24
24
24
24
2
2
2
1
25
24
24
25
24
24
24
24
24
24
24
25
25
24
24
25
24
24
24
24
24
24
25
24
3
27
27
2
26
24
24
25
24
24
24
24
24
24
24
25
24
24
24
24
24
24
24
24
24
24
25
26
18
25
25
22
27
24
24
24
24
24
25
24
24
24
25
24
24
24
24
24
24
24
24
24
25
25
25
1
25
25
25
25
26
24
24
24
24
24
24
24
24
24
24
24
24
24
25
24
24
24
24
24
24
24
25
2
25
24
24
22
26
24
24
24
24
24
24
24
24
24
24
25
24
24
24
24
24
24
24
24
24
25
5
24
24
25
24
12
27
24
24
24
24
24
24
24
24
24
24
24
24
24
24
24
24
24
24
24
24
24
1
24
25
24
25
1
24
24
24
24
24
24
24
24
24
24
24
24
24
24
25
24
24
24
24
24
24
24
1
25
24
24
24
0
24
24
24
24
24
24
24
24
24
24
24
24
24
24
24
24
24
24
24
24
25
26
3
25
24
24
24
1
24
24
24
24
24
24
24
25
24
24
24
24
24
24
24
24
24
24
24
24
25
27
6
24
24
25
20
25
24
24
24
24
24
24
24
24
24
24
24
25
24
24
24
24
24
24
24
24
24
26
19
24
24
24
1
26
24
24
24
24
24
24
24
24
24
24
24
24
24
24
24
24
24
24
24
24
24
26
1
24
24
23
5
25
24
24
24
24
24
24
24
24
24
24
24
24
25
24
24
24
24
24
24
24
24
24
2
24
24
2
27
24
24
24
24
24
23
24
24
24
24
24
24
24
24
24
24
24
24
24
24
24
24
24
25
1
1
28
24
24
24
24
24
24
24
24
23
24
24
24
24
24
24
24
24
24
24
24
24
24
24
23
24
24
24
24
24
24
24
24
24
24
24
24
22
23
24
24
23
24
24
24
24
24
24
24
24
24
24
23
24
24
24
24
24
24
24
24
24
24
25
24
24
24
24
24
24
24
24
24
23
24
24
24
24
24
24
23
24
24
24
24
24
24
24
24
24
23
24
24
24
23
24
24
24
24
24
24
24
24
24
24
24
24
24
24
24
24
24
24
24
24
24
24
24
24
24
23
24
23
24
24
24
24
24
24
23
24
24
24
24
23
24
24
24
24
24
24
24
23
24
24
24
24
24
24
24
23
24
23
23
24
24
24
24
24
24
24
24
24
24
24
24
24
24
24
23
24
24
24
23
24
23
23
24
23
24
23
23
24
24
24
24
24
24
24
24
24
23
24
24
24
24
23
24
23
24
24
23
23
23
24
23
23
24
24
24
